#  Mach amont      Angle Choc en °  Theta Mc = 1 en °  Mach aval         Kp
     1.01000000       82.00583688        2.23006571        1.00963231        0.01648878
     1.01500000       80.26381437        2.83414895        1.01424586        0.02460286
     1.02000000       78.81108156        3.36687517        1.01879085        0.03263255
     1.02500000       77.54611300        3.85280033        1.02326529        0.04057990
     1.03000000       76.41642630        4.30466819        1.02766753        0.04844662
     1.03500000       75.39057763        4.73037301        1.03199677        0.05623465
     1.04000000       74.44803357        5.13504872        1.03625172        0.06394576
     1.04500000       73.57447544        5.52231544        1.04043109        0.07158167
     1.05000000       72.75948494        5.89477292        1.04453316        0.07914389
     1.05500000       71.99511169        6.25450002        1.04855687        0.08663417
     1.06000000       71.27516243        6.60311499        1.05250116        0.09405421
     1.06500000       70.59470551        6.94189644        1.05636490        0.10140563
     1.07000000       69.94977052        7.27182692        1.06014654        0.10868974
     1.07500000       69.33702906        7.59378306        1.06384515        0.11590808
     1.08000000       68.75365134        7.90854886        1.06746032        0.12306240
     1.08500000       68.19733073        8.21665420        1.07099053        0.13015372
     1.09000000       67.66598571        8.51868795        1.07443561        0.13718372
     1.09500000       67.15785998        8.81509107        1.07779487        0.14415368
     1.10000000       66.67140877        9.10625622        1.08106781        0.15106490
     1.10500000       66.20525673        9.39254354        1.08425422        0.15791870
     1.11000000       65.75817550        9.67427739        1.08735404        0.16471645
     1.11500000       65.32910669        9.95169085        1.09036683        0.17145908
#  Mach amont      Angle Choc en °  Theta Mc = 1 en °  Mach aval         Kp
     1.11000000       65.75817550        9.67427739        1.08735404        0.16471645
     1.12000000       64.91701879       10.22509532        1.09329326        0.17814823
     1.13000000       64.14040163       10.76060707        1.09888669        0.19136973
     1.14000000       63.42204032       11.28240231        1.10413787        0.20439036
     1.15000000       62.75670763       11.79168052        1.10905093        0.21721806
     1.16000000       62.13982666       12.28956937        1.11363281        0.22986140
     1.17000000       61.56745868       12.77696396        1.11789122        0.24232797
     1.18000000       61.03614101       13.25462101        1.12183499        0.25462482
     1.19000000       60.54279255       13.72319552        1.12547404        0.26675861
     1.20000000       60.08463860       14.18328035        1.12881923        0.27873585
     1.21000000       59.65918763       14.63537439        1.13188192        0.29056243
     1.22000000       59.26417885       15.07991520        1.13467389        0.30224387
     1.23000000       58.89755111       15.51728785        1.13720727        0.31378529
     1.24000000       58.55741775       15.94783222        1.13949429        0.32519145
     1.25000000       58.24204578       16.37184918        1.14154729        0.33646674
     1.26000000       57.94983860       16.78960585        1.14337849        0.34761520
     1.27000000       57.67932171       17.20133876        1.14500000        0.35864054
     1.28000000       57.42912951       17.60726069        1.14642371        0.36954618
     1.29000000       57.19799471       18.00756574        1.14766120        0.38033528
     1.30000000       56.98474080       18.40242360        1.14872375        0.39101066
     1.31000000       56.78827290       18.79198457        1.14962227        0.40157488
     1.32000000       56.60756972       19.17639121        1.15036726        0.41203032
     1.33000000       56.44167878       19.55577113        1.15096880        0.42237913
     1.34000000       56.28971047       19.93024135        1.15143654        0.43262330
     1.35000000       56.15083321       20.29990976        1.15177966        0.44276460
     1.36000000       56.02426907       20.66487660        1.15200690        0.45280469
     1.37000000       55.90928551       21.02519296        1.15212693        0.46274435
     1.38000000       55.80520159       21.38098228        1.15214731        0.47258557
     1.39000000       55.71137540       21.73231224        1.15207557        0.48232937
     1.40000000       55.62720067       22.07923095        1.15191903        0.49197638
     1.41000000       55.55211646       22.42183637        1.15168401        0.50152812
     1.42000000       55.48558513       22.76016279        1.15137712        0.51098492
     1.43000000       55.42710805       23.09428103        1.15100413        0.52034777
     1.44000000       55.37621709       23.42425923        1.15057041        0.52961761
     1.45000000       55.33246326       23.75013060        1.15008144        0.53879471
     1.46000000       55.29542749       24.07194509        1.14954214        0.54787962
     1.47000000       55.26471944       24.38976539        1.14895686        0.55687316
     1.48000000       55.23996688       24.70363688        1.14832991        0.56577581
     1.49000000       55.22081903       25.01360517        1.14766529        0.57458804
     1.50000000       55.20694544       25.31971636        1.14696670        0.58331035
     1.51000000       55.19803497       25.62201726        1.14623756        0.59194325
     1.52000000       55.19379051       25.92054522        1.14548121        0.60048704
     1.53000000       55.19392816       26.21533038        1.14470086        0.60894189
     1.54000000       55.19819637       26.50644243        1.14389884        0.61730883
     1.55000000       55.20634693       26.79392254        1.14307774        0.62558829
     1.56000000       55.21812879       27.07777617        1.14224062        0.63377989
     1.57000000       55.23334542       27.35809955        1.14138870        0.64188532
     1.58000000       55.25175862       27.63487307        1.14052516        0.64990367
     1.59000000       55.27319414       27.90818756        1.13965099        0.65783653
     1.60000000       55.29745874       28.17807093        1.13876816        0.66568411
     1.61000000       55.32436067       28.44453540        1.13787887        0.67344621
     1.62000000       55.35374835       28.70765259        1.13698400        0.68112408
     1.63000000       55.38546089       28.96745774        1.13608503        0.68871813
     1.64000000       55.41934660       29.22398742        1.13518330        0.69622879
     1.65000000       55.45526257       29.47727955        1.13428001        0.70365655
     1.66000000       55.49307434       29.72737337        1.13337626        0.71100198
     1.67000000       55.53265552       29.97430950        1.13247301        0.71826564
     1.68000000       55.57388746       30.21812985        1.13157111        0.72544820
     1.69000000       55.61665896       30.45887766        1.13067130        0.73255035
     1.70000000       55.66086591       30.69659747        1.12977421        0.73957285
     1.71000000       55.70638030       30.93128464        1.12888147        0.74651519
     1.72000000       55.75313548       31.16302703        1.12799264        0.75337927
     1.73000000       55.80104017       31.39186216        1.12710830        0.76016572
     1.74000000       55.84998016       31.61778338        1.12622997        0.76687403
     1.75000000       55.89991496       31.84089395        1.12535664        0.77350656
     1.76000000       55.95072123       32.06115883        1.12449038        0.78006208
     1.77000000       56.00236733       32.27868015        1.12363011        0.78654297
     1.78000000       56.05476277       32.49346168        1.12277691        0.79294906
     1.79000000       56.10783959       32.70553650        1.12193118        0.79928092
     1.80000000       56.16155273       32.91496651        1.12109260        0.80553995
     1.81000000       56.21584009       33.12178220        1.12026154        0.81172671
     1.82000000       56.27063047       33.32599585        1.11943876        0.81784126
     1.83000000       56.32587934       33.52765472        1.11862417        0.82388465
     1.84000000       56.38154309       33.72680263        1.11781773        0.82985783
     1.85000000       56.43757397       33.92347291        1.11701961        0.83576150
     1.86000000       56.49392741       34.11769948        1.11622993        0.84159635
     1.87000000       56.55056193       34.30951689        1.11544878        0.84736315
     1.88000000       56.60743904       34.49896027        1.11467621        0.85306265
     1.89000000       56.66452309       34.68606529        1.11391222        0.85869567
     1.90000000       56.72177027       34.87085289        1.11315715        0.86426258
     1.91000000       56.77914394       35.05335117        1.11241115        0.86976400
     1.92000000       56.83662774       35.23361338        1.11167373        0.87520126
     1.93000000       56.89419633       35.41167715        1.11094474        0.88057526
     1.94000000       56.95180927       35.58755672        1.11022461        0.88588623
     1.95000000       57.00942960       35.76126882        1.10951371        0.89113450
     1.96000000       57.06706614       35.93289000        1.10881082        0.89632211
     1.97000000       57.12466006       36.10240254        1.10811718        0.90144839
     1.98000000       57.18221265       36.26986794        1.10743191        0.90651500
     1.99000000       57.23969568       36.43530568        1.10675524        0.91152236
     2.00000000       57.29708917       36.59874432        1.10608714        0.91647116
     2.01000000       57.35437309       36.76021047        1.10542760        0.92136205
     2.02000000       57.41154619       36.91975365        1.10477600        0.92619637
     2.03000000       57.46855557       37.07735352        1.10413357        0.93097340
     2.04000000       57.52543037       37.23309607        1.10349868        0.93569556
     2.05000000       57.58213103       37.38697528        1.10287213        0.94036256
     2.06000000       57.63863537       37.53900668        1.10225418        0.94497476
     2.07000000       57.69495662       37.68925021        1.10164382        0.94953384
     2.08000000       57.75107972       37.83772753        1.10104109        0.95404034
     2.09000000       57.80697495       37.98444015        1.10044657        0.95849422
     2.10000000       57.86263252       38.12941413        1.09986017        0.96289617
     2.11000000       57.91805756       38.27269327        1.09928126        0.96724741
     2.12000000       57.97323932       38.41429975        1.09870982        0.97154853
     2.13000000       58.02816801       38.55425588        1.09814582        0.97580012
     2.14000000       58.08283479       38.69258404        1.09758921        0.98000277
     2.15000000       58.13723171       38.82930673        1.09703992        0.98415711
#  Mach amont      Angle Choc en °  Theta Mc = 1 en °  Mach aval         Kp
     2.16000000       58.19135170       38.96444652        1.09649787        0.98826373
     2.18000000       58.29873674       39.23006811        1.09543513        0.99633633
     2.20000000       58.40494955       39.48963083        1.09440014        1.00422561
     2.22000000       58.50996177       39.74331760        1.09339183        1.01193667
     2.24000000       58.61373751       39.99128897        1.09240965        1.01947400
     2.26000000       58.71622497       40.23367418        1.09145384        1.02684117
     2.28000000       58.81746210       40.47070143        1.09052154        1.03404485
     2.30000000       58.91736186       40.70243562        1.08961464        1.04108669
     2.32000000       59.01596701       40.92909047        1.08873044        1.04797300
     2.34000000       59.11326455       41.15080251        1.08786841        1.05470773
     2.36000000       59.20922428       41.36767941        1.08702879        1.06129397
     2.38000000       59.30384643       41.57985791        1.08621086        1.06773573
     2.40000000       59.39714586       41.78748490        1.08541340        1.07403737
     2.42000000       59.48912412       41.99068437        1.08463582        1.08020256
     2.44000000       59.57978769       42.18957988        1.08387745        1.08623499
     2.46000000       59.66911108       42.38425121        1.08313888        1.09213697
     2.48000000       59.75712913       42.57484410        1.08241853        1.09791294
     2.50000000       59.84386384       42.76148351        1.08171534        1.10356666
     2.52000000       59.92931867       42.94426770        1.08102902        1.10910112
     2.54000000       60.01346386       43.12325162        1.08036066        1.11451789
     2.56000000       60.09639031       43.29862682        1.07970669        1.11982293
     2.58000000       60.17801003       43.47037211        1.07907056        1.12501544
     2.60000000       60.25843631       43.63869682        1.07844793        1.13010197
     2.62000000       60.33761146       43.80360788        1.07784115        1.13508263
     2.64000000       60.41558096       43.96522859        1.07724859        1.13996124
     2.66000000       60.49237605       44.12366230        1.07666919        1.14474102
     2.68000000       60.56799391       44.27897006        1.07610326        1.14942382
     2.70000000       60.64242212       44.43119919        1.07555154        1.15401108
     2.72000000       60.71571320       44.58046885        1.07501221        1.15850652
     2.74000000       60.78787960       44.72684956        1.07448504        1.16291233
     2.76000000       60.85893530       44.87041115        1.07396978        1.16723068
     2.78000000       60.92889569       45.01122275        1.07346613        1.17146372
     2.80000000       60.99777743       45.14935281        1.07297375        1.17561359
     2.82000000       61.06559841       45.28486906        1.07249227        1.17968240
     2.84000000       61.13237765       45.41783851        1.07202127        1.18367225
     2.86000000       61.19813517       45.54832746        1.07156032        1.18758521
     2.88000000       61.26286224       45.67636791        1.07111016        1.19142226
     2.90000000       61.32658115       45.80202533        1.07067027        1.19518546
     2.92000000       61.38933402       45.92538585        1.07023931        1.19887753
     2.94000000       61.45114430       46.04651291        1.06981672        1.20250049
     2.96000000       61.51198013       46.16540640        1.06940422        1.20605426
     2.98000000       61.57188203       46.28214621        1.06900056        1.20954140
     3.00000000       61.63090585       46.39682796        1.06860382        1.21296494
     3.02000000       61.68897829       46.50940135        1.06821748        1.21632322
     3.04000000       61.74620092       46.62001066        1.06783770        1.21962087
     3.06000000       61.80253793       46.72864533        1.06746642        1.22285749
     3.08000000       61.85803030       46.83537950        1.06710234        1.22603546
     3.10000000       61.91267402       46.94023613        1.06674603        1.22915547
     3.12000000       61.96651047       47.04328766        1.06639617        1.23221984
     3.14000000       62.01950654       47.14452276        1.06605460        1.23522817
     3.16000000       62.07175349       47.24406736        1.06571783        1.23818449
     3.18000000       62.12316133       47.34184534        1.06539013        1.24108631
     3.20000000       62.17382796       47.43798817        1.06506773        1.24393786
     3.22000000       62.22376902       47.53253519        1.06475035        1.24674037
#  Mach amont      Angle Choc en °  Theta Mc = 1 en °  Mach aval         Kp
     3.20000000       62.17382796       47.43798817        1.06506773        1.24393786
     3.30000000       62.41611176       47.89499841        1.06354645        1.25746703
     3.40000000       62.64109753       48.31550803        1.06216456        1.26987667
     3.50000000       62.85022849       48.70322554        1.06090695        1.28128353
     3.60000000       63.04491696       49.06150572        1.05975641        1.29179323
     3.70000000       63.22638405       49.39323089        1.05870068        1.30149621
     3.80000000       63.39563889       49.70083504        1.05773378        1.31046858
     3.90000000       63.55378038       49.98666785        1.05684227        1.31878385
     4.00000000       63.70171607       50.25271831        1.05601831        1.32650396
     4.10000000       63.84018443       50.50066412        1.05525908        1.33368086
     4.20000000       63.97004174       50.73220031        1.05455346        1.34036721
     4.30000000       64.09191051       50.94867657        1.05389880        1.34660455
     4.40000000       64.20639861       51.15134691        1.05329088        1.35243143
     4.50000000       64.31409597       51.34137696        1.05272416        1.35788367
     4.60000000       64.41554476       51.51982125        1.05219342        1.36299354
     4.70000000       64.51111252       51.68749597        1.05170017        1.36778574
     4.80000000       64.60130576       51.84532054        1.05123747        1.37228834
     4.90000000       64.68650357       51.99403876        1.05080311        1.37652388
     5.00000000       64.76704372       52.13431585        1.05039559        1.38051239
#  Mach amont      Angle Choc en °  Theta Mc = 1 en °  Mach aval         Kp
     6.00000000       65.37646889       53.18626991        1.04739840        1.41021090
     7.00000000       65.75488534       53.83157233        1.04561426        1.42823431
     8.00000000       66.00505489       54.25507514        1.04446574        1.43997795
     9.00000000       66.17871935       54.54765740        1.04368131        1.44805069
    10.00000000       66.30406487       54.75811593        1.04311981        1.45383676
    11.00000000       66.39735464       54.91440854        1.04270755        1.45812197
    12.00000000       66.46863945       55.03363093        1.04239500        1.46138409
    13.00000000       66.52436231       55.12667453        1.04214971        1.46392605
    14.00000000       66.56861287       55.20054204        1.04196037        1.46594118
    15.00000000       66.60446970       55.26030080        1.04180357        1.46757010
    16.00000000       66.63386795       55.30926453        1.04167550        1.46890364
#  Mach amont      Angle Choc en °  Theta Mc = 1 en °  Mach aval         Kp
    20.00000000       66.71089549       55.43742982        1.04134246        1.47238941
    30.00000000       66.78723933       55.56430111        1.04101792        1.47583289
    40.00000000       66.81403309       55.60878509        1.04090479        1.47703861
    50.00000000       66.82645828       55.62939975        1.04085192        1.47759711
    60.00000000       66.83325221       55.64064416        1.04082089        1.47790186
