#     Mach amont     Angle Choc en °    ThetaMax en °  Inverse Mach cone        Kp
     1.01000000       84.70422225        4.43546962       -0.03300115        0.06970432
     1.01500000       83.56682616        5.40600010       -0.04495840        0.09616196
     1.02000000       82.62093271        6.22240808       -0.05570004        0.12022703
     1.02500000       81.81751291        6.94025651       -0.06563063        0.14262330
     1.03000000       81.11020198        7.58834033       -0.07489369        0.16363916
     1.03500000       80.46218228        8.18385174       -0.08351565        0.18337473
     1.04000000       79.88796225        8.73790293       -0.09176495        0.20226187
     1.04500000       79.34671518        9.25831851       -0.09949968        0.22013820
     1.05000000       78.84615207        9.75068738       -0.10686845        0.23724587
     1.05500000       78.39935587       10.21922076       -0.11406641        0.25387457
     1.06000000       77.96564633       10.66725920       -0.12083444        0.26969821
     1.06500000       77.55933376       11.09736137       -0.12734029        0.28496416
     1.07000000       77.19844633       11.51159252       -0.13380427        0.29997351
     1.07500000       76.83965982       11.91173941       -0.13986909        0.31428056
     1.08000000       76.50113339       12.29919068       -0.14573459        0.32815874
     1.08500000       76.18119537       12.67514809       -0.15141661        0.34164059
     1.09000000       75.90185298       13.04058905       -0.15718214        0.35506277
     1.09500000       75.61555819       13.39648220       -0.16255222        0.36784866
     1.10000000       75.34404664       13.74353644       -0.16777668        0.38031526
     1.10500000       75.08635225       14.08241215       -0.17286573        0.39248320
     1.11000000       74.84161661       14.41368847       -0.17782866        0.40437116
     1.11500000       74.60907251       14.73787618       -0.18267396        0.41599611
     1.11000000       74.84161661       14.41368847       -0.17782866        0.40437116
     1.12000000       74.38803047       15.05542821       -0.18740942        0.42737350
     1.13000000       73.95026590       15.67226433       -0.19621163        0.44903320
     1.14000000       73.57855910       16.26684373       -0.20499325        0.47024346
     1.15000000       73.21292948       16.84152444       -0.21303481        0.49025189
     1.16000000       72.90863347       17.39805613       -0.22119791        0.51001648
     1.17000000       72.60306983       17.93811864       -0.22863767        0.52867479
     1.18000000       72.32365058       18.46296280       -0.23581086        0.54673698
     1.19000000       72.06847306       18.97371604       -0.24274588        0.56425355
     1.20000000       71.83586323       19.47134787       -0.24946854        0.58126913
     1.21000000       71.62433764       19.95669782       -0.25600244        0.59782336
     1.22000000       71.39762533       20.43061179       -0.26174041        0.61336355
     1.23000000       71.22377461       20.89354697       -0.26793143        0.62908104
     1.24000000       71.03120028       21.34627605       -0.27330673        0.64381158
     1.25000000       70.85394010       21.78921075       -0.27851268        0.65817065
     1.26000000       70.72863863       22.22273754       -0.28431199        0.67283751
     1.27000000       70.58018145       22.64746196       -0.28925667        0.68654163
     1.28000000       70.44474781       23.06366411       -0.29407798        0.69994191
     1.29000000       70.32170301       23.47169154       -0.29878944        0.71305722
     1.30000000       70.21046194       23.87186038       -0.30340382        0.72590479
     1.31000000       70.07024490       24.26457580       -0.30704107        0.73777441
     1.32000000       69.98051781       24.64990106       -0.31146789        0.75011992
     1.33000000       69.90109897       25.02817105       -0.31583195        0.76224184
     1.34000000       69.78982198       25.39973918       -0.31916433        0.77338785
     1.35000000       69.72927120       25.76460814       -0.32340446        0.78508715
     1.36000000       69.63515226       26.12319059       -0.32657421        0.79580877
     1.37000000       69.59199320       26.47545307       -0.33072774        0.80712908
     1.38000000       69.51369259       26.82182010       -0.33377079        0.81746847
     1.39000000       69.44263355       27.16232266       -0.33674852        0.82762498
     1.40000000       69.37854797       27.49712511       -0.33966885        0.83760746
     1.41000000       69.36601163       27.82625706       -0.34371950        0.84826805
     1.42000000       69.31553333       28.15012297       -0.34657566        0.85793699
     1.43000000       69.27130312       28.46872060       -0.34939589        0.86745469
     1.44000000       69.23310778       28.78218025       -0.35218676        0.87682791
     1.45000000       69.20074519       29.09062522       -0.35495456        0.88606297
     1.46000000       69.12725381       29.39433395       -0.35638414        0.89427412
     1.47000000       69.10562572       29.69312438       -0.35909569        0.90324174
     1.48000000       69.08929026       29.98724055       -0.36180154        0.91208819
     1.49000000       69.07808228       30.27678204       -0.36450699        0.92081835
     1.50000000       69.02365476       30.56202120       -0.36578494        0.92851093
     1.51000000       69.02189848       30.84275411       -0.36847695        0.93701478
     1.52000000       69.02482520       31.11919027       -0.37118319        0.94541557
     1.53000000       68.98311103       31.39163750       -0.37239378        0.95276827
     1.54000000       68.99467803       31.65980528       -0.37511426        0.96096783
     1.55000000       68.96071792       31.92415635       -0.37629337        0.96811189
     1.56000000       68.98044547       32.18438159       -0.37904477        0.97612483
     1.57000000       68.95380215       32.44097563       -0.38020875        0.98307515
     1.58000000       68.93051513       32.69378134       -0.38135772        0.98992989
     1.59000000       68.96152195       32.94270630       -0.38417028        0.99768444
     1.60000000       68.94496674       33.18822203       -0.38532629        1.00436522
     1.61000000       68.93150034       33.43017852       -0.38647789        1.01095995
     1.62000000       68.92104207       33.66864855       -0.38762837        1.01747154
     1.63000000       68.91351439       33.90370247       -0.38878086        1.02390279
     1.64000000       68.96127078       34.13522578       -0.39174372        1.03127909
     1.65000000       68.95964983       34.36366692       -0.39293472        1.03756350
     1.66000000       68.96073964       34.58888349       -0.39413634        1.04377497
     1.67000000       68.96447365       34.81093679       -0.39535125        1.04991579
     1.68000000       68.97078766       35.02988608       -0.39658202        1.05598815
     1.69000000       68.97961973       35.24578861       -0.39783110        1.06199415
     1.70000000       68.99091011       35.45869971       -0.39910086        1.06793579
     1.71000000       69.00460108       35.66867282       -0.40039357        1.07381497
     1.72000000       69.02063691       35.87575956       -0.40171141        1.07963351
     1.73000000       68.98427616       36.08024548       -0.40102424        1.08432395
     1.74000000       69.00460896       36.28174407       -0.40237359        1.09002215
     1.75000000       69.02713362       36.48050721       -0.40375414        1.09566486
     1.76000000       69.05180131       36.67657981       -0.40516776        1.10125360
     1.77000000       69.07856480       36.87000520       -0.40661622        1.10678981
     1.78000000       69.05155855       37.06108441       -0.40594765        1.11118372
     1.79000000       69.08216072       37.24940646       -0.40744613        1.11661564
     1.80000000       69.11472865       37.43520899       -0.40898444        1.12199915
     1.81000000       69.09275837       37.61877873       -0.40833964        1.12623200
     1.82000000       69.12892558       37.79973848       -0.40993743        1.13151945
     1.83000000       69.16693999       37.97829393       -0.41157947        1.13676211
     1.84000000       69.14968424       38.15476575       -0.41097226        1.14084664
     1.85000000       69.19107959       38.32871552       -0.41268217        1.14600049
     1.86000000       69.17673650       38.50062349       -0.41210001        1.14999078
     1.87000000       69.22137942       38.67011736       -0.41388284        1.15506029
     1.88000000       69.20982973       38.83762589       -0.41333085        1.15896118
     1.89000000       69.25759435       39.00280455       -0.41519129        1.16395044
     1.90000000       69.24872560       39.16606951       -0.41467414        1.16776642
     1.91000000       69.29949300       39.32706499       -0.41661650        1.17267923
     1.92000000       69.29319899       39.48623411       -0.41613851        1.17641447
     1.93000000       69.34685670       39.64317020       -0.41816680        1.18125433
     1.94000000       69.34303711       39.79838347       -0.41773192        1.18491270
     1.95000000       69.39947862       39.95137603       -0.41984986        1.18968285
     1.96000000       69.39803852       40.10276603       -0.41946172        1.19326796
     1.97000000       69.39766795       40.25224669       -0.41908844        1.19681576
     1.98000000       69.45801239       40.39961567       -0.42133472        1.20148658
     1.99000000       69.45989027       40.54546290       -0.42101316        1.20496617
     2.00000000       69.46277778       40.68949769       -0.42070890        1.20841102
     2.01000000       69.52682105       40.83148166       -0.42309034        1.21298886
     2.02000000       69.53183594       40.97205818       -0.42284217        1.21637005
     2.03000000       69.53780509       41.11091219       -0.42261345        1.21971880
     2.04000000       69.54471161       41.24807334       -0.42240486        1.22303587
     2.05000000       69.55253900       41.38357056       -0.42221706        1.22632199
     2.06000000       69.62223008       41.51720304       -0.42481994        1.23075740
     2.07000000       69.63200494       41.64950959       -0.42469442        1.23398661
     2.08000000       69.64265191       41.78023152       -0.42459141        1.23718683
     2.09000000       69.65415606       41.90939512       -0.42451144        1.24035871
     2.10000000       69.66650286       42.03702604       -0.42445504        1.24350285
     2.11000000       69.74138814       42.16285698       -0.42729304        1.24780964
     2.12000000       69.75552329       42.28753105       -0.42730394        1.25090258
     2.13000000       69.77045790       42.41074226       -0.42733979        1.25396947
     2.14000000       69.78617875       42.53251390       -0.42740102        1.25701085
     2.15000000       69.80267294       42.65286866       -0.42748804        1.26002726
     2.16000000       69.81992787       42.77182874       -0.42760127        1.26301922
     2.18000000       69.85667091       43.00565081       -0.42790781        1.26893177
     2.20000000       69.89631259       43.23414696       -0.42832348        1.27475233
     2.22000000       69.93876180       43.45747601       -0.42885087        1.28048452
     2.24000000       69.98393140       43.67578910       -0.42949233        1.28613174
     2.26000000       70.03173796       43.88923002       -0.43025002        1.29169720
     2.28000000       70.08210158       44.09793550       -0.43112591        1.29718391
     2.30000000       70.13494571       44.30203554       -0.43212180        1.30259473
     2.32000000       70.19019693       44.50165368       -0.43323933        1.30793236
     2.34000000       70.18308436       44.69732316       -0.43118512        1.31197221
     2.36000000       70.24271205       44.88842555       -0.43251326        1.31716938
     2.38000000       70.30454818       45.07539540       -0.43396708        1.32230080
     2.40000000       70.30315458       45.25874947       -0.43215233        1.32613384
     2.42000000       70.36900572       45.43789260       -0.43382360        1.33113922
     2.44000000       70.37108345       45.61356375       -0.43216504        1.33484508
     2.46000000       70.44073391       45.78529664       -0.43405715        1.33973295
     2.48000000       70.51231086       45.95337875       -0.43607950        1.34456510
     2.50000000       70.51934077       46.11842918       -0.43467362        1.34809859
     2.52000000       70.52779904       46.28002599       -0.43333624        1.35157599
     2.54000000       70.60446294       46.43804190       -0.43567749        1.35625110
     2.56000000       70.61585758       46.59317868       -0.43450362        1.35962559
     2.58000000       70.69576302       46.74482208       -0.43707211        1.36420401
     2.60000000       70.70994078       46.89384236       -0.43606293        1.36748224
     2.62000000       70.72536496       47.03986685       -0.43512401        1.37071318
     2.64000000       70.80974554       47.18261716       -0.43801618        1.37515758
     2.66000000       70.82774566       47.32299824       -0.43724292        1.37830124
     2.68000000       70.84689837       47.46061914       -0.43654026        1.38140202
     2.70000000       70.86717543       47.59555506       -0.43590825        1.38446131
     2.72000000       70.88854957       47.72787840       -0.43534689        1.38748043
     2.74000000       70.97958905       47.85730518       -0.43875430        1.39172744
     2.76000000       71.00324169       47.98466536       -0.43835853        1.39467193
     2.78000000       71.02791227       48.10960627       -0.43803313        1.39757980
     2.80000000       71.05357695       48.23219005       -0.43777799        1.40045214
     2.82000000       71.08021264       48.35247653       -0.43759294        1.40329004
     2.84000000       71.10779698       48.47052328       -0.43747779        1.40609452
     2.86000000       71.13630829       48.58638572       -0.43743234        1.40886656
     2.88000000       71.16572561       48.70011720       -0.43745636        1.41160711
     2.90000000       71.19602856       48.81176909       -0.43754960        1.41431707
     2.92000000       71.22719743       48.92139081       -0.43771180        1.41699731
     2.94000000       71.25921309       49.02902998       -0.43794270        1.41964867
     2.96000000       71.29205696       49.13473241       -0.43824200        1.42227193
     2.98000000       71.32571105       49.23854220       -0.43860941        1.42486788
     3.00000000       71.36015788       49.34050183       -0.43904465        1.42743724
     3.02000000       71.39538046       49.44065217       -0.43954739        1.42998073
     3.04000000       71.43136233       49.53903257       -0.44011733        1.43249903
     3.06000000       71.46808747       49.63568092       -0.44075415        1.43499277
     3.08000000       71.43448626       49.73108586       -0.43714292        1.43617807
     3.10000000       71.47252491       49.82445114       -0.43788754        1.43862446
     3.12000000       71.51126322       49.91619698       -0.43869798        1.44104822
     3.14000000       71.55068687       50.00635586       -0.43957393        1.44344988
     3.16000000       71.59078195       50.09495904       -0.44051506        1.44583000
     3.18000000       71.63153491       50.18203660       -0.44152105        1.44818908
     3.20000000       71.60114256       50.26814986       -0.43814606        1.44923900
     3.22000000       71.64305512       50.35237497       -0.43925532        1.45155785
     3.20000000       71.60114256       50.26814986       -0.43814606        1.44923900
     3.30000000       71.74443467       50.67586764       -0.43977466        1.45935168
     3.40000000       71.82813049       51.05169572       -0.43808951        1.46772565
     3.50000000       71.99631158       51.39807967       -0.44221324        1.47700290
     3.60000000       72.10167998       51.71875350       -0.44273813        1.48463251
     3.70000000       72.14195154       52.01633747       -0.43936039        1.49064636
     3.80000000       72.26457916       52.29198232       -0.44174638        1.49768285
     3.90000000       72.31986513       52.54869105       -0.43999657        1.50316213
     4.00000000       72.38158259       52.78768405       -0.43897088        1.50841381
     4.10000000       72.44924127       53.01057090       -0.43863318        1.51346129
     4.20000000       72.52240002       53.21876001       -0.43894965        1.51832483
     4.30000000       72.60066070       53.41348630       -0.43988885        1.52302212
     4.40000000       72.68366307       53.59583459       -0.44142159        1.52756855
     4.50000000       72.77108032       53.76675942       -0.44352097        1.53197765
     4.60000000       72.78517109       53.92789885       -0.44068919        1.53494420
     4.70000000       72.88028142       54.07874282       -0.44378122        1.53911451
     4.80000000       72.90102732       54.22138702       -0.44179381        1.54186093
     4.90000000       72.92465893       54.35575342       -0.44017888        1.54451002
     5.00000000       72.95099831       54.48248690       -0.43891679        1.54707025
     6.00000000       73.33289264       55.43344343       -0.44223547        1.56911983
     7.00000000       73.53737951       56.01842456       -0.44164563        1.58191899
     8.00000000       73.66083670       56.40300496       -0.44022072        1.59005068
     9.00000000       73.75359560       56.66888467       -0.43970605        1.59574758
    10.00000000       73.88199558       56.85968729       -0.44413285        1.60081881
    11.00000000       73.86668645       57.00244456       -0.43869468        1.60278661
    12.00000000       73.95421483       57.11061314       -0.44235664        1.60587972
    13.00000000       73.97042572       57.19541656       -0.44108600        1.60745037
    14.00000000       73.99720652       57.26272175       -0.44117351        1.60891941
    15.00000000       74.03243632       57.31698650       -0.44232809        1.61032199
    16.00000000       74.07452641       57.36128444       -0.44433813        1.61168062
    20.00000000       74.11659840       57.47804975       -0.44413294        1.61414418
    30.00000000       74.11855334       57.59413593       -0.44070297        1.61594587
    40.00000000       74.12100319       57.63479711       -0.43963541        1.61660446
    50.00000000       74.15848218       57.65334682       -0.44207945        1.61748716
    60.00000000       74.12442613       57.66384826       -0.43900496        1.61710147
