#   Theta paroi en °  Angle Choc en °        Kp           Inverse Mach       Mach amont       Mach aval
0.00000000  1.14599200  0.00000000  0.98000000 50.00000000 50.00000000
0.25736028  1.14865762  0.00007141  0.97966000 50.00000000 49.96123532
0.28854430  1.15238729  0.00008697  0.97959027 50.00000000 49.90724589
0.33006450  1.15930913  0.00010939  0.97949218 50.00000000 49.80780297
0.38265559  1.17155124  0.00014052  0.97936048 50.00000000 49.63424856
0.44512848  1.19124172  0.00018140  0.97919464 50.00000000 49.36097942
0.51724297  1.22050870  0.00023387  0.97899225 50.00000000 48.96707804
0.59979332  1.26148027  0.00030093  0.97874790 50.00000000 48.43739615
0.69412103  1.31628454  0.00038685  0.97845355 50.00000000 47.76247138
0.80178318  1.38704963  0.00049724  0.97809874 50.00000000 46.93712690
0.92440837  1.47590364  0.00063927  0.97767034 50.00000000 45.95829362
1.03856428  1.56475765  0.00078737  0.97724797 50.00000000 45.02885701
1.14708721  1.65361166  0.00094256  0.97682510 50.00000000 44.13816401
1.25155187  1.74246566  0.00110532  0.97639827 50.00000000 43.27905599
1.35294615  1.83131967  0.00127599  0.97596544 50.00000000 42.44668265
1.45191295  1.92017368  0.00145469  0.97552557 50.00000000 41.63773977
1.54891151  2.00902769  0.00164152  0.97507805 50.00000000 40.84996748
1.64429832  2.09788170  0.00183661  0.97462244 50.00000000 40.08181371
1.73831183  2.18673570  0.00203990  0.97415879 50.00000000 39.33220532
1.83117094  2.27558971  0.00225152  0.97368700 50.00000000 38.60039073
1.92302451  2.36444372  0.00247140  0.97320729 50.00000000 37.88583121
2.01401207  2.45329773  0.00269962  0.97271976 50.00000000 37.18812547
2.10424324  2.54215174  0.00293619  0.97222459 50.00000000 36.50695763
2.19380223  2.63100574  0.00318109  0.97172209 50.00000000 35.84206135
2.28276534  2.71985975  0.00343434  0.97121249 50.00000000 35.19319565
2.37119681  2.80871376  0.00369592  0.97069605 50.00000000 34.56012874
2.45915128  2.89756777  0.00396585  0.97017304 50.00000000 33.94262772
2.54667560  2.98642178  0.00424411  0.96964373 50.00000000 33.34045227
2.63381582  3.07527578  0.00453078  0.96910833 50.00000000 32.75335123
2.72060344  3.16412979  0.00482580  0.96856711 50.00000000 32.18106112
2.80706812  3.25298380  0.00512914  0.96802036 50.00000000 31.62330600
2.89323689  3.34183781  0.00544081  0.96746831 50.00000000 31.07979814
2.97913892  3.43069182  0.00576085  0.96691113 50.00000000 30.55023933
3.06479518  3.51954582  0.00608927  0.96634906 50.00000000 30.03432243
3.15021980  3.60839983  0.00642598  0.96578236 50.00000000 29.53173308
3.23543541  3.69725384  0.00677105  0.96521118 50.00000000 29.04215144
3.32045727  3.78610785  0.00712449  0.96463570 50.00000000 28.56525394
3.40529342  3.87496186  0.00748618  0.96405617 50.00000000 28.10071484
3.48996732  3.96381586  0.00785632  0.96347265 50.00000000 27.64820774
3.57448001  4.05266987  0.00823471  0.96288542 50.00000000 27.20740695
3.65884820  4.14152388  0.00862146  0.96229456 50.00000000 26.77798869
3.74307870  4.23037789  0.00901653  0.96170025 50.00000000 26.35963214
3.82718049  4.31923190  0.00941990  0.96110263 50.00000000 25.95202036
3.91116295  4.40808590  0.00983162  0.96050181 50.00000000 25.55484110
3.99503098  4.49693991  0.01025161  0.95989795 50.00000000 25.16778745
4.07879396  4.58579392  0.01067995  0.95929113 50.00000000 24.79055841
4.16245556  4.67464793  0.01111657  0.95868151 50.00000000 24.42285931
4.24602316  4.76350194  0.01156150  0.95806916 50.00000000 24.06440221
4.32950138  4.85235594  0.01201473  0.95745420 50.00000000 23.71490612
4.41289408  4.94120995  0.01247623  0.95683673 50.00000000 23.37409726
4.49620854  5.03006396  0.01294607  0.95621682 50.00000000 23.04170916
4.57944388  5.11891797  0.01342411  0.95559461 50.00000000 22.71748277
4.66261136  5.20777198  0.01391054  0.95497009 50.00000000 22.40116648
4.74570639  5.29662598  0.01440513  0.95434345 50.00000000 22.09251612
4.82873940  5.38547999  0.01490809  0.95371467 50.00000000 21.79129490
4.91170868  5.47433400  0.01541927  0.95308388 50.00000000 21.49727339
4.99461830  5.56318801  0.01593869  0.95245113 50.00000000 21.21022937
5.07747344  5.65204202  0.01646642  0.95181646 50.00000000 20.92994775
5.16027155  5.74089602  0.01700231  0.95117999 50.00000000 20.65622040
5.24302149  5.82975003  0.01754656  0.95054170 50.00000000 20.38884606
5.32572043  5.91860404  0.01809899  0.94990171 50.00000000 20.12763012
5.40837110  6.00745805  0.01865962  0.94926006 50.00000000 19.87238450
5.49097917  6.09631206  0.01922858  0.94861676 50.00000000 19.62292745
5.57354125  6.18516606  0.01980566  0.94797191 50.00000000 19.37908339
5.65606286  6.27402007  0.02039102  0.94732551 50.00000000 19.14068272
5.73854490  6.36287408  0.02098460  0.94667763 50.00000000 18.90756165
5.82098615  6.45172809  0.02158631  0.94602832 50.00000000 18.67956201
5.90339296  6.54058210  0.02219632  0.94537757 50.00000000 18.45653106
5.98576319  6.62943610  0.02281449  0.94472547 50.00000000 18.23832134
6.06809697  6.71829011  0.02344077  0.94407206 50.00000000 18.02479049
6.15040094  6.80714412  0.02407538  0.94341729 50.00000000 17.81580104
6.23267126  6.89599813  0.02471809  0.94276128 50.00000000 17.61122026
6.31490887  6.98485214  0.02536891  0.94210406 50.00000000 17.41092004
6.39712001  7.07370614  0.02602803  0.94144558 50.00000000 17.21477665
6.47930046  7.16256015  0.02669524  0.94078593 50.00000000 17.02267062
6.56145129  7.25141416  0.02737054  0.94012516 50.00000000 16.83448661
6.64357829  7.34026817  0.02805412  0.93946320 50.00000000 16.65011321
6.72567740  7.42912218  0.02874577  0.93880017 50.00000000 16.46944282
6.80774949  7.51797618  0.02944549  0.93813606 50.00000000 16.29237154
6.88979970  7.60683019  0.03015346  0.93747086 50.00000000 16.11879897
6.97182475  7.69568420  0.03086950  0.93680463 50.00000000 15.94862814
7.05382505  7.78453821  0.03159359  0.93613739 50.00000000 15.78176534
7.13580470  7.87339222  0.03232588  0.93546912 50.00000000 15.61812002
7.21776192  7.96224622  0.03306625  0.93479988 50.00000000 15.45760467
7.29969636  8.05110023  0.03381464  0.93412968 50.00000000 15.30013470
7.38161087  8.13995424  0.03457117  0.93345851 50.00000000 15.14562834
7.46350564  8.22880825  0.03533581  0.93278640 50.00000000 14.99400653
7.54537933  8.31766226  0.03610846  0.93211339 50.00000000 14.84519282
7.62723340  8.40651626  0.03688916  0.93143947 50.00000000 14.69911325
7.70907037  8.49537027  0.03767800  0.93076463 50.00000000 14.55569630
7.79088772  8.58422428  0.03847483  0.93008893 50.00000000 14.41487277
7.87268593  8.67307829  0.03927965  0.92941237 50.00000000 14.27657571
7.95446862  8.76193230  0.04009261  0.92873492 50.00000000 14.14074030
8.03623347  8.85078630  0.04091356  0.92805664 50.00000000 14.00730382
8.11798041  8.93964031  0.04174247  0.92737754 50.00000000 13.87620556
8.19971129  9.02849432  0.04257942  0.92669760 50.00000000 13.74738671
8.28142699  9.11734833  0.04342442  0.92601683 50.00000000 13.62079033
8.36312584  9.20620234  0.04427736  0.92533527 50.00000000 13.49636127
8.44480818  9.29505634  0.04513823  0.92465292 50.00000000 13.37404610
8.52647734  9.38391035  0.04600719  0.92396976 50.00000000 13.25379305
8.60813089  9.47276436  0.04688409  0.92328582 50.00000000 13.13555195
8.68976882  9.56161837  0.04776889  0.92260112 50.00000000 13.01927418
8.77139247  9.65047238  0.04866165  0.92191565 50.00000000 12.90491258
8.85300314  9.73932638  0.04956243  0.92122940 50.00000000 12.79242146
8.93459899  9.82818039  0.05047109  0.92054241 50.00000000 12.68175649
9.01618027  9.91703440  0.05138762  0.91985468 50.00000000 12.57287467
9.09774926 10.00588841  0.05231214  0.91916620 50.00000000 12.46573430
9.17930505 10.09474242  0.05324458  0.91847697 50.00000000 12.36029490
9.26084695 10.18359642  0.05418487  0.91778702 50.00000000 12.25651722
9.34237514 10.27245043  0.05513300  0.91709636 50.00000000 12.15436312
9.42389259 10.36130444  0.05608913  0.91640494 50.00000000 12.05379562
9.50539680 10.45015845  0.05705310  0.91571282 50.00000000 11.95477878
9.58688787 10.53901246  0.05802487  0.91501999 50.00000000 11.85727771
9.66836651 10.62786646  0.05900448  0.91432645 50.00000000 11.76125853
9.74983452 10.71672047  0.05999204  0.91363219 50.00000000 11.66668833
9.83128990 10.80557448  0.06098738  0.91293723 50.00000000 11.57353512
9.91273279 10.89442849  0.06199050  0.91224158 50.00000000 11.48176783
9.99416424 10.98328250  0.06300144  0.91154523 50.00000000 11.39135625
10.07558516 11.0721365   0.0640202   0.91084817 50.00000000 11.30227102
10.15699402 11.1609905   0.0650468   0.91015042 50.00000000 11.21448360
10.23839096 11.2498445   0.0660811   0.90945200 50.00000000 11.12796623
10.31977712 11.3386985   0.0671232   0.90875288 50.00000000 11.04269193
10.40115299 11.4275525   0.0681731   0.90805306 50.00000000 10.95863443
10.48251728 11.5164065   0.0692308   0.90735256 50.00000000 10.87576820
10.56387011 11.6052605   0.0702961   0.90665140 50.00000000 10.79406838
10.64521260 11.6941145   0.0713692   0.90594954 50.00000000 10.71351079
10.72654511 11.7829685   0.0724501   0.90524699 50.00000000 10.63407188
10.80786645 11.8718225   0.0735387   0.90454377 50.00000000 10.55572875
10.88917671 11.9606765   0.0746349   0.90383988 50.00000000 10.47845909
10.97047685 12.0495305   0.0757388   0.90313531 50.00000000 10.40224118
11.05176742 12.1383846   0.0768505   0.90243005 50.00000000 10.32705385
11.13304716 12.2272386   0.0779698   0.90172413 50.00000000 10.25287651
11.21431615 12.3160926   0.0790968   0.90101753 50.00000000 10.17968908
11.29557502 12.4049466   0.0802313   0.90031026 50.00000000 10.10747201
11.37682482 12.4938006   0.0813736   0.89960229 50.00000000 10.03620623
11.45806408 12.5826546   0.0825235   0.89889366 50.00000000  9.96587318
11.53929285 12.6715086   0.0836810   0.89818436 50.00000000  9.89645474
11.62051133 12.7603626   0.0848460   0.89747439 50.00000000  9.82793328
11.70172132 12.8492166   0.0860188   0.89676372 50.00000000  9.76029158
11.78292100 12.9380706   0.0871991   0.89605239 50.00000000  9.69351286
11.86411041 13.0269246   0.0883869   0.89534038 50.00000000  9.62758076
11.94528961 13.1157786   0.0895823   0.89462771 50.00000000  9.56247931
12.02646016 13.2046327   0.0907852   0.89391434 50.00000000  9.49819294
12.10762099 13.2934867   0.0919958   0.89320029 50.00000000  9.43470646
12.18877173 13.3823407   0.0932138   0.89248557 50.00000000  9.37200505
12.26991243 13.4711947   0.0944393   0.89177017 50.00000000  9.31007422
12.35104392 13.5600487   0.0956723   0.89105409 50.00000000  9.24889986
12.43216647 13.6489027   0.0969128   0.89033731 50.00000000  9.18846819
12.51327907 13.7377567   0.0981608   0.88961986 50.00000000  9.12876573
12.59438176 13.8266107   0.0994163   0.88890173 50.00000000  9.06977936
12.67547459 13.9154647   0.1006791   0.88818292 50.00000000  9.01149623
12.75655929 14.0043187   0.1019495   0.88746340 50.00000000  8.95390381
12.83763415 14.0931727   0.1032273   0.88674319 50.00000000  8.89698986
12.91869921 14.1820267   0.1045125   0.88602230 50.00000000  8.84074241
12.99975448 14.2708807   0.1058051   0.88530073 50.00000000  8.78514977
13.08080079 14.3597348   0.1071051   0.88457845 50.00000000  8.73020052
13.16183820 14.4485888   0.1084125   0.88385547 50.00000000  8.67588351
13.24286587 14.53744282  0.10972731  0.88313179 50.00000000  8.62218782
13.32388383 14.62629682  0.11104938  0.88240743 50.00000000  8.56910280
13.40489208 14.71515083  0.11237877  0.88168236 50.00000000  8.51661800
13.48589201 14.80400484  0.11371558  0.88095658 50.00000000  8.46472325
13.56688245 14.89285885  0.11505969  0.88023009 50.00000000  8.41340857
13.64786321 14.98171286  0.11641108  0.87950289 50.00000000  8.36266422
13.72883430 15.07056686  0.11776972  0.87877500 50.00000000  8.31248067
13.80979600 15.15942087  0.11913564  0.87804639 50.00000000  8.26284858
13.89074926 15.24827488  0.12050891  0.87731705 50.00000000  8.21375883
13.97169286 15.33712889  0.12188939  0.87658700 50.00000000  8.16520250
14.05262680 15.42598290  0.12327709  0.87585623 50.00000000  8.11717086
14.13355109 15.51483690  0.12467198  0.87512475 50.00000000  8.06965535
14.21446627 15.60369091  0.12607411  0.87439253 50.00000000  8.02264761
14.29537267 15.69254492  0.12748349  0.87365958 50.00000000  7.97613945
14.37626940 15.78139893  0.12890002  0.87292591 50.00000000  7.93012285
14.45715647 15.87025294  0.13032370  0.87219151 50.00000000  7.88458997
14.53803387 15.95910694  0.13175450  0.87145637 50.00000000  7.83953313
14.61890223 16.04796095  0.13319249  0.87072049 50.00000000  7.79494479
14.69976162 16.13681496  0.13463765  0.86998387 50.00000000  7.75081760
14.78061131 16.22566897  0.13608989  0.86924650 50.00000000  7.70714432
14.86145130 16.31452298  0.13754921  0.86850839 50.00000000  7.66391790
14.94228158 16.40337698  0.13901559  0.86776953 50.00000000  7.62113141
15.02310271 16.49223099  0.14048907  0.86702992 50.00000000  7.57877806
15.10391481 16.58108500  0.14196966  0.86628954 50.00000000  7.53685121
15.18471716 16.66993901  0.14345727  0.86554841 50.00000000  7.49534434
15.26550975 16.75879302  0.14495188  0.86480652 50.00000000  7.45425106
15.34629256 16.84764702  0.14645348  0.86406387 50.00000000  7.41356512
15.42706594 16.93650103  0.14796210  0.86332045 50.00000000  7.37328040
15.50783036 17.02535504  0.14947777  0.86257624 50.00000000  7.33339086
15.58858495 17.11420905  0.15100039  0.86183127 50.00000000  7.29389063
15.66932969 17.20306306  0.15252994  0.86108552 50.00000000  7.25477392
15.75006456 17.29191706  0.15406641  0.86033899 50.00000000  7.21603506
15.83078957 17.38077107  0.15560978  0.85959168 50.00000000  7.17766850
15.91150581 17.46962508  0.15716017  0.85884356 50.00000000  7.13966880
15.99221212 17.55847909  0.15871743  0.85809466 50.00000000  7.10203060
16.07290847 17.64733310  0.16028155  0.85734496 50.00000000  7.06474866
16.15359485 17.73618710  0.16185252  0.85659447 50.00000000  7.02781784
16.23427124 17.82504111  0.16343032  0.85584318 50.00000000  6.99123309
16.31493824 17.91389512  0.16501500  0.85509108 50.00000000  6.95498946
16.39559564 18.00274913  0.16660653  0.85433816 50.00000000  6.91908210
16.47624297 18.09160314  0.16820485  0.85358443 50.00000000  6.88350624
16.55688021 18.18045714  0.16980994  0.85282988 50.00000000  6.84825720
16.63750732 18.26931115  0.17142179  0.85207452 50.00000000  6.81333038
16.71812428 18.35816516  0.17304037  0.85131833 50.00000000  6.77872129
16.79873206 18.44701917  0.17466580  0.85056131 50.00000000  6.74442549
16.87932965 18.53587318  0.17629793  0.84980345 50.00000000  6.71043865
16.95991700 18.62472718  0.17793676  0.84904476 50.00000000  6.67675649
17.04049407 18.71358119  0.17958227  0.84828523 50.00000000  6.64337484
17.12106085 18.80243520  0.18123444  0.84752486 50.00000000  6.61028958
17.20161749 18.89128921  0.18289328  0.84676364 50.00000000  6.57749667
17.28216454 18.98014322  0.18455884  0.84600155 50.00000000  6.54499215
17.36270118 19.06899722  0.18623102  0.84523862 50.00000000  6.51277212
17.44322740 19.15785123  0.18790979  0.84447482 50.00000000  6.48083277
17.52374315 19.24670524  0.18959515  0.84371017 50.00000000  6.44917032
17.60424840 19.33555925  0.19128708  0.84294464 50.00000000  6.41778108
17.68474331 19.42441326  0.19298558  0.84217824 50.00000000  6.38666144
17.76522837 19.51326726  0.19469070  0.84141096 50.00000000  6.35580783
17.84570281 19.60212127  0.19640234  0.84064279 50.00000000  6.32521674
17.92616662 19.69097528  0.19812049  0.83987375 50.00000000  6.29488473
18.00661975 19.77982929  0.19984512  0.83910381 50.00000000  6.26480843
18.08706216 19.86868330  0.20157622  0.83833298 50.00000000  6.23498450
18.16749383 19.95753730  0.20331378  0.83756126 50.00000000  6.20540968
18.24791552 20.04639131  0.20505787  0.83678862 50.00000000  6.17608076
18.32832639 20.13524532  0.20680839  0.83601507 50.00000000  6.14699458
18.40872639 20.22409933  0.20856531  0.83524062 50.00000000  6.11814803
18.48911549 20.31295334  0.21032862  0.83446525 50.00000000  6.08953808
18.56949363 20.40180734  0.21209830  0.83368896 50.00000000  6.06116170
18.64986078 20.49066135  0.21387433  0.83291174 50.00000000  6.03301596
18.73021726 20.57951536  0.21565675  0.83213359 50.00000000  6.00509796
18.81056308 20.66836937  0.21744554  0.83135451 50.00000000  5.97740483
18.89089777 20.75722338  0.21924064  0.83057448 50.00000000  5.94993377
18.97122131 20.84607738  0.22104202  0.82979351 50.00000000  5.92268203
19.05153363 20.93493139  0.22284967  0.82901160 50.00000000  5.89564688
19.13183471 21.02378540  0.22466357  0.82822873 50.00000000  5.86882566
19.21212450 21.11263941  0.22648370  0.82744491 50.00000000  5.84221573
19.29240341 21.20149342  0.22831012  0.82666011 50.00000000  5.81581452
19.37267118 21.29034742  0.23014277  0.82587435 50.00000000  5.78961948
19.45292752 21.37920143  0.23198159  0.82508761 50.00000000  5.76362810
19.53317239 21.46805544  0.23382659  0.82429990 50.00000000  5.73783793
19.61340573 21.55690945  0.23567773  0.82351121 50.00000000  5.71224654
19.69362750 21.64576346  0.23753500  0.82272153 50.00000000  5.68685154
19.77383766 21.73461746  0.23939839  0.82193086 50.00000000  5.66165059
19.85403643 21.82347147  0.24126791  0.82113919 50.00000000  5.63664137
19.93422385 21.91232548  0.24314355  0.82034651 50.00000000  5.61182162
20.01439951 22.00117949  0.24502525  0.81955283 50.00000000  5.58718909
20.09456335 22.09003350  0.24691300  0.81875814 50.00000000  5.56274158
20.17471533 22.17888750  0.24880676  0.81796242 50.00000000  5.53847692
20.25485540 22.26774151  0.25070654  0.81716569 50.00000000  5.51439297
20.33498350 22.35659552  0.25261230  0.81636793 50.00000000  5.49048763
20.41509958 22.44544953  0.25452403  0.81556914 50.00000000  5.46675883
20.49520403 22.53430354  0.25644177  0.81476930 50.00000000  5.44320453
20.57529651 22.62315754  0.25836546  0.81396842 50.00000000  5.41982271
20.65537682 22.71201155  0.26029507  0.81316649 50.00000000  5.39661141
20.73544490 22.80086556  0.26223057  0.81236351 50.00000000  5.37356867
20.81550070 22.88971957  0.26417195  0.81155947 50.00000000  5.35069257
20.89554417 22.97857358  0.26611919  0.81075437 50.00000000  5.32798123
20.97557525 23.06742758  0.26807227  0.80994819 50.00000000  5.30543278
21.05559390 23.15628159  0.27003117  0.80914094 50.00000000  5.28304539
21.13560026 23.24513560  0.27199591  0.80833261 50.00000000  5.26081725
21.21559437 23.33398961  0.27396647  0.80752319 50.00000000  5.23874658
21.29557587 23.42284362  0.27594280  0.80671267 50.00000000  5.21683163
21.37554470 23.51169762  0.27792488  0.80590106 50.00000000  5.19507066
21.45550081 23.60055163  0.27991268  0.80508835 50.00000000  5.17346198
21.53544414 23.68940564  0.28190619  0.80427453 50.00000000  5.15200390
21.61537463 23.77825965  0.28390540  0.80345959 50.00000000  5.13069478
21.69529223 23.86711366  0.28591027  0.80264354 50.00000000  5.10953298
21.77519687 23.95596766  0.28792080  0.80182636 50.00000000  5.08851689
21.85508862 24.04482167  0.28993697  0.80100804 50.00000000  5.06764494
21.93496763 24.13367568  0.29195881  0.80018859 50.00000000  5.04691556
22.01483350 24.22252969  0.29398624  0.79936799 50.00000000  5.02632721
22.09468618 24.31138370  0.29601925  0.79854624 50.00000000  5.00587838
22.17452560 24.40023770  0.29805781  0.79772334 50.00000000  4.98556757
22.25435171 24.48909171  0.30010191  0.79689928 50.00000000  4.96539330
22.33416444 24.57794572  0.30215152  0.79607405 50.00000000  4.94535413
22.41396373 24.66679973  0.30420664  0.79524765 50.00000000  4.92544862
22.49374952 24.75565374  0.30626723  0.79442008 50.00000000  4.90567536
22.57352174 24.84450774  0.30833327  0.79359132 50.00000000  4.88603295
22.65328035 24.93336175  0.31040476  0.79276136 50.00000000  4.86652003
22.73302560 25.02221576  0.31248172  0.79193021 50.00000000  4.84713523
22.81275713 25.11106977  0.31456407  0.79109785 50.00000000  4.82787721
22.89247483 25.19992378  0.31665181  0.79026429 50.00000000  4.80874468
22.97217865 25.28877778  0.31874490  0.78942951 50.00000000  4.78973631
23.05186851 25.37763179  0.32084334  0.78859351 50.00000000  4.77085083
23.13154436 25.46648580  0.32294709  0.78775628 50.00000000  4.75208698
23.21120612 25.55533981  0.32505614  0.78691782 50.00000000  4.73344350
23.29085373 25.64419382  0.32717047  0.78607812 50.00000000  4.71491918
23.37048712 25.73304782  0.32929006  0.78523717 50.00000000  4.69651278
23.45010623 25.82190183  0.33141488  0.78439498 50.00000000  4.67822312
23.52971099 25.91075584  0.33354492  0.78355152 50.00000000  4.66004902
23.60930133 25.99960985  0.33568017  0.78270679 50.00000000  4.64198930
23.68887735 26.08846386  0.33782061  0.78186080 50.00000000  4.62404282
23.76843892 26.17731786  0.33996623  0.78101352 50.00000000  4.60620844
23.84798587 26.26617187  0.34211698  0.78016495 50.00000000  4.58848504
23.92751810 26.35502588  0.34427285  0.77931510 50.00000000  4.57087152
24.00703557 26.44387989  0.34643381  0.77846394 50.00000000  4.55336679
24.08653818 26.53273390  0.34859985  0.77761149 50.00000000  4.53596976
24.16602589 26.62158790  0.35077094  0.77675772 50.00000000  4.51867938
24.24549860 26.71044191  0.35294706  0.77590263 50.00000000  4.50149460
24.32495625 26.79929592  0.35512819  0.77504622 50.00000000  4.48441437
24.40439877 26.88814993  0.35731432  0.77418847 50.00000000  4.46743769
24.48382609 26.97700394  0.35950541  0.77332939 50.00000000  4.45056354
24.56323812 27.06585794  0.36170146  0.77246896 50.00000000  4.43379093
24.64263480 27.15471195  0.36390243  0.77160718 50.00000000  4.41711886
24.72201606 27.24356596  0.36610831  0.77074404 50.00000000  4.40054638
24.80138181 27.33241997  0.36831907  0.76987953 50.00000000  4.38407252
24.88073197 27.42127398  0.37053470  0.76901365 50.00000000  4.36769634
24.96006649 27.51012798  0.37275518  0.76814639 50.00000000  4.35141691
25.03938542 27.59898199  0.37498050  0.76727774 50.00000000  4.33523329
25.11868856 27.68783600  0.37721062  0.76640770 50.00000000  4.31914459
25.19797581 27.77669001  0.37944552  0.76553625 50.00000000  4.30314990
25.27724708 27.86554402  0.38168518  0.76466340 50.00000000  4.28724833
25.35650231 27.95439802  0.38392958  0.76378912 50.00000000  4.27143900
25.43574141 28.04325203  0.38617869  0.76291343 50.00000000  4.25572106
25.51496429 28.13210604  0.38843249  0.76203630 50.00000000  4.24009364
25.59417089 28.22096005  0.39069097  0.76115774 50.00000000  4.22455590
25.67336112 28.30981406  0.39295409  0.76027773 50.00000000  4.20910700
25.75253490 28.39866806  0.39522184  0.75939627 50.00000000  4.19374613
25.83169215 28.48752207  0.39749420  0.75851335 50.00000000  4.17847246
25.91083279 28.57637608  0.39977115  0.75762896 50.00000000  4.16328520
25.98995672 28.66523009  0.40205265  0.75674309 50.00000000  4.14818354
26.06906388 28.75408410  0.40433870  0.75585575 50.00000000  4.13316670
26.14815418 28.84293810  0.40662927  0.75496691 50.00000000  4.11823392
26.22722753 28.93179211  0.40892433  0.75407657 50.00000000  4.10338441
26.30628384 29.02064612  0.41122387  0.75318473 50.00000000  4.08861743
26.38532304 29.10950013  0.41352786  0.75229137 50.00000000  4.07393222
26.46434504 29.19835414  0.41583628  0.75139649 50.00000000  4.05932806
26.54334975 29.28720814  0.41814912  0.75050009 50.00000000  4.04480420
26.62233708 29.37606215  0.42046633  0.74960214 50.00000000  4.03035992
26.70130695 29.46491616  0.42278791  0.74870265 50.00000000  4.01599452
26.78025927 29.55377017  0.42511384  0.74780161 50.00000000  4.00170729
26.85919394 29.64262418  0.42744408  0.74689901 50.00000000  3.98749753
26.93811089 29.73147818  0.42977862  0.74599483 50.00000000  3.97336455
27.01701002 29.82033219  0.43211744  0.74508908 50.00000000  3.95930768
27.09589125 29.90918620  0.43446050  0.74418175 50.00000000  3.94532624
27.17475447 29.99804021  0.43680780  0.74327282 50.00000000  3.93141957
27.25359960 30.08689422  0.43915930  0.74236229 50.00000000  3.91758700
27.33242656 30.17574822  0.44151499  0.74145015 50.00000000  3.90382791
27.41123523 30.26460223  0.44387484  0.74053639 50.00000000  3.89014163
27.49002554 30.35345624  0.44623883  0.73962101 50.00000000  3.87652753
27.56879739 30.44231025  0.44860693  0.73870399 50.00000000  3.86298500
27.64755069 30.53116426  0.45097913  0.73778532 50.00000000  3.84951341
27.72628533 30.62001826  0.45335540  0.73686501 50.00000000  3.83611214
27.80500123 30.70887227  0.45573572  0.73594303 50.00000000  3.82278060
27.88369829 30.79772628  0.45812006  0.73501939 50.00000000  3.80951818
27.96237641 30.88658029  0.46050840  0.73409407 50.00000000  3.79632428
28.04103550 30.97543430  0.46290073  0.73316706 50.00000000  3.78319834
28.11967546 31.06428830  0.46529700  0.73223835 50.00000000  3.77013976
28.19829618 31.15314231  0.46769721  0.73130795 50.00000000  3.75714797
28.27689758 31.24199632  0.47010133  0.73037583 50.00000000  3.74422241
28.35547955 31.33085033  0.47250934  0.72944199 50.00000000  3.73136252
28.43404199 31.41970434  0.47492120  0.72850641 50.00000000  3.71856775
28.51258480 31.50855834  0.47733691  0.72756910 50.00000000  3.70583754
28.59110788 31.59741235  0.47975644  0.72663004 50.00000000  3.69317136
28.66961113 31.68626636  0.48217975  0.72568923 50.00000000  3.68056867
28.74809444 31.77512037  0.48460684  0.72474664 50.00000000  3.66802894
28.82655771 31.86397438  0.48703767  0.72380229 50.00000000  3.65555166
28.90500084 31.95282838  0.48947222  0.72285614 50.00000000  3.64313629
28.98342373 32.04168239  0.49191048  0.72190821 50.00000000  3.63078233
29.06182626 32.13053640  0.49435240  0.72095846 50.00000000  3.61848927
29.14020833 32.21939041  0.49679798  0.72000691 50.00000000  3.60625661
29.21856984 32.30824442  0.49924719  0.71905354 50.00000000  3.59408385
29.29691074 32.39709842  0.50170001  0.71809833 50.00000000  3.58197051
29.37523096 32.48595243  0.50415643  0.71714128 50.00000000  3.56991610
29.45353030 32.57480644  0.50661641  0.71618237 50.00000000  3.55792014
29.53180865 32.66366045  0.50907992  0.71522161 50.00000000  3.54598215
29.61006590 32.75251446  0.51154694  0.71425898 50.00000000  3.53410167
29.68830194 32.84136846  0.51401745  0.71329446 50.00000000  3.52227823
29.76651665 32.93022247  0.51649142  0.71232806 50.00000000  3.51051137
29.84470993 33.01907648  0.51896883  0.71135976 50.00000000  3.49880063
29.92288166 33.10793049  0.52144965  0.71038955 50.00000000  3.48714557
30.00103173 33.19678450  0.52393386  0.70941742 50.00000000  3.47554574
30.07916002 33.28563850  0.52642143  0.70844336 50.00000000  3.46400070
30.15726642 33.37449251  0.52891235  0.70746736 50.00000000  3.45251001
30.23535082 33.46334652  0.53140659  0.70648941 50.00000000  3.44107325
30.31341309 33.55220053  0.53390411  0.70550950 50.00000000  3.42968998
30.39145313 33.64105454  0.53640491  0.70452762 50.00000000  3.41835978
30.46947094 33.72990854  0.53890897  0.70354376 50.00000000  3.40708224
30.54746639 33.81876255  0.54141628  0.70255791 50.00000000  3.39585694
30.62543926 33.90761656  0.54392678  0.70157005 50.00000000  3.38468346
30.70338942 33.99647057  0.54644045  0.70058018 50.00000000  3.37356142
30.78131675 34.08532458  0.54895728  0.69958829 50.00000000  3.36249040
30.85922113 34.17417858  0.55147722  0.69859437 50.00000000  3.35147000
30.93710243 34.26303259  0.55400026  0.69759840 50.00000000  3.34049984
31.01496054 34.35188660  0.55652638  0.69660038 50.00000000  3.32957953
31.09279533 34.44074061  0.55905554  0.69560030 50.00000000  3.31870867
31.17060667 34.52959462  0.56158774  0.69459814 50.00000000  3.30788690
31.24839446 34.61844862  0.56412293  0.69359389 50.00000000  3.29711383
31.32615885 34.70730263  0.56666115  0.69258754 50.00000000  3.28638908
31.40389942 34.79615664  0.56920232  0.69157908 50.00000000  3.27571229
31.48161604 34.88501065  0.57174642  0.69056850 50.00000000  3.26508310
31.55930859 34.97386466  0.57429342  0.68955579 50.00000000  3.25450114
31.63697693 35.06271866  0.57684330  0.68854094 50.00000000  3.24396605
31.71462094 35.15157267  0.57939603  0.68752393 50.00000000  3.23347747
31.79224048 35.24042668  0.58195158  0.68650476 50.00000000  3.22303506
31.86983543 35.32928069  0.58450994  0.68548341 50.00000000  3.21263847
31.94740585 35.41813470  0.58707111  0.68445987 50.00000000  3.20228734
32.02495156 35.50698870  0.58963506  0.68343413 50.00000000  3.19198135
32.10247228 35.59584271  0.59220174  0.68240617 50.00000000  3.18172015
32.17996787 35.68469672  0.59477112  0.68137599 50.00000000  3.17150341
32.25743819 35.77355073  0.59734318  0.68034358 50.00000000  3.16133080
32.33488311 35.86240474  0.59991789  0.67930892 50.00000000  3.15120198
32.41230249 35.95125874  0.60249523  0.67827201 50.00000000  3.14111664
32.48969631 36.04011275  0.60507519  0.67723282 50.00000000  3.13107445
32.56706459 36.12896676  0.60765777  0.67619134 50.00000000  3.12107509
32.64440692 36.21782077  0.61024291  0.67514756 50.00000000  3.11111825
32.72172316 36.30667478  0.61283058  0.67410148 50.00000000  3.10120362
32.79901315 36.39552878  0.61542074  0.67305309 50.00000000  3.09133088
32.87627676 36.48438279  0.61801339  0.67200235 50.00000000  3.08149973
32.95351384 36.57323680  0.62060848  0.67094928 50.00000000  3.07170987
33.03072461 36.66209081  0.62320606  0.66989384 50.00000000  3.06196099
33.10790864 36.75094482  0.62580606  0.66883603 50.00000000  3.05225280
33.18506571 36.83979882  0.62840843  0.66777584 50.00000000  3.04258500
33.26219567 36.92865283  0.63101315  0.66671325 50.00000000  3.03295731
33.33929836 37.01750684  0.63362019  0.66564826 50.00000000  3.02336942
33.41637365 37.10636085  0.63622953  0.66458085 50.00000000  3.01382106
33.49342185 37.19521486  0.63884122  0.66351099 50.00000000  3.00431193
33.57044234 37.28406886  0.64145517  0.66243868 50.00000000  2.99484177
33.64743497 37.37292287  0.64407133  0.66136392 50.00000000  2.98541029
33.72439958 37.46177688  0.64668969  0.66028669 50.00000000  2.97601721
33.80133601 37.55063089  0.64931022  0.65920696 50.00000000  2.96666226
33.87824444 37.63948490  0.65193295  0.65812474 50.00000000  2.95734517
33.95512458 37.72833890  0.65455784  0.65703999 50.00000000  2.94806567
34.03197607 37.81719291  0.65718481  0.65595272 50.00000000  2.93882350
34.10879876 37.90604692  0.65981386  0.65486291 50.00000000  2.92961839
34.18559249 37.99490093  0.66244494  0.65377054 50.00000000  2.92045008
34.26235745 38.08375494  0.66507810  0.65267560 50.00000000  2.91131831
34.33909332 38.17260894  0.66771329  0.65157807 50.00000000  2.90222283
34.41579973 38.26146295  0.67035043  0.65047795 50.00000000  2.89316338
34.49247654 38.35031696  0.67298952  0.64937522 50.00000000  2.88413972
34.56912358 38.43917097  0.67563052  0.64826986 50.00000000  2.87515158
34.64574124 38.52802498  0.67827350  0.64716186 50.00000000  2.86619873
34.72232878 38.61687898  0.68091835  0.64605120 50.00000000  2.85728092
34.79888605 38.70573299  0.68356502  0.64493788 50.00000000  2.84839791
34.87541288 38.79458700  0.68621351  0.64382187 50.00000000  2.83954945
34.95190946 38.88344101  0.68886384  0.64270316 50.00000000  2.83073532
35.02837547 38.97229502  0.69151597  0.64158173 50.00000000  2.82195526
35.10481051 39.06114902  0.69416983  0.64045758 50.00000000  2.81320906
35.18121442 39.15000303  0.69682539  0.63933069 50.00000000  2.80449647
35.25758732 39.23885704  0.69948268  0.63820103 50.00000000  2.79581728
35.33392904 39.32771105  0.70214168  0.63706860 50.00000000  2.78717124
35.41023909 39.41656506  0.70480230  0.63593339 50.00000000  2.77855813
35.48651730 39.50541906  0.70746452  0.63479537 50.00000000  2.76997774
35.56276384 39.59427307  0.71012838  0.63365453 50.00000000  2.76142983
35.63897845 39.68312708  0.71279384  0.63251084 50.00000000  2.75291420
35.71516067 39.77198109  0.71546081  0.63136432 50.00000000  2.74443062
35.79131031 39.86083510  0.71812928  0.63021493 50.00000000  2.73597887
35.86742773 39.94968910  0.72079931  0.62906264 50.00000000  2.72755875
35.94351233 40.03854311  0.72347080  0.62790746 50.00000000  2.71917003
36.01956379 40.12739712  0.72614371  0.62674937 50.00000000  2.71081252
36.09558208 40.21625113  0.72881803  0.62558835 50.00000000  2.70248600
36.17156738 40.30510514  0.73149381  0.62442438 50.00000000  2.69419026
36.24751897 40.39395914  0.73417092  0.62325744 50.00000000  2.68592510
36.32343666 40.48281315  0.73684934  0.62208753 50.00000000  2.67769033
36.39932082 40.57166716  0.73952914  0.62091461 50.00000000  2.66948572
36.47517082 40.66052117  0.74221022  0.61973869 50.00000000  2.66131110
36.55098634 40.74937518  0.74489253  0.61855973 50.00000000  2.65316625
36.62676752 40.83822918  0.74757611  0.61737773 50.00000000  2.64505099
36.70251419 40.92708319  0.75026092  0.61619265 50.00000000  2.63696512
36.77822577 41.01593720  0.75294689  0.61500450 50.00000000  2.62890844
36.85390226 41.10479121  0.75563402  0.61381326 50.00000000  2.62088077
36.92954379 41.19364522  0.75832233  0.61261888 50.00000000  2.61288191
37.00514962 41.28249922  0.76101172  0.61142138 50.00000000  2.60491169
37.08071968 41.37135323  0.76370217  0.61022073 50.00000000  2.59696990
37.15625424 41.46020724  0.76639375  0.60901691 50.00000000  2.58905637
37.23175248 41.54906125  0.76908632  0.60780990 50.00000000  2.58117092
37.30721433 41.63791526  0.77177987  0.60659968 50.00000000  2.57331336
37.38264004 41.72676926  0.77447448  0.60538624 50.00000000  2.56548351
37.45802879 41.81562327  0.77716999  0.60416956 50.00000000  2.55768120
37.53338060 41.90447728  0.77986642  0.60294962 50.00000000  2.54990625
37.60869555 41.99333129  0.78256381  0.60172639 50.00000000  2.54215848
37.68397288 42.08218530  0.78526203  0.60049988 50.00000000  2.53443771
37.75921277 42.17103930  0.78796112  0.59927004 50.00000000  2.52674379
37.83441500 42.25989331  0.79066105  0.59803687 50.00000000  2.51907653
37.90957894 42.34874732  0.79336173  0.59680035 50.00000000  2.51143576
37.98470501 42.43760133  0.79606325  0.59556045 50.00000000  2.50382132
38.05979251 42.52645534  0.79876549  0.59431716 50.00000000  2.49623304
38.13484115 42.61530934  0.80146842  0.59307046 50.00000000  2.48867076
38.20985132 42.70416335  0.80417212  0.59182032 50.00000000  2.48113431
38.28482206 42.79301736  0.80687643  0.59056673 50.00000000  2.47362352
38.35975358 42.88187137  0.80958140  0.58930968 50.00000000  2.46613824
38.43464560 42.97072538  0.81228701  0.58804912 50.00000000  2.45867831
38.50949748 43.05957938  0.81499315  0.58678507 50.00000000  2.45124357
38.58430984 43.14843339  0.81769995  0.58551747 50.00000000  2.44383386
38.65908157 43.23728740  0.82040722  0.58424633 50.00000000  2.43644902
38.73381294 43.32614141  0.82311503  0.58297161 50.00000000  2.42908890
38.80850358 43.41499542  0.82582333  0.58169330 50.00000000  2.42175335
38.88315300 43.50384942  0.82853205  0.58041138 50.00000000  2.41444221
38.95776157 43.59270343  0.83124128  0.57912582 50.00000000  2.40715533
39.03232828 43.68155744  0.83395084  0.57783661 50.00000000  2.39989256
39.10685364 43.77041145  0.83666086  0.57654371 50.00000000  2.39265376
39.18133679 43.85926546  0.83937119  0.57524712 50.00000000  2.38543878
39.25577781 43.94811946  0.84208186  0.57394681 50.00000000  2.37824746
39.33017639 44.03697347  0.84479285  0.57264275 50.00000000  2.37107967
39.40453209 44.12582748  0.84750409  0.57133494 50.00000000  2.36393526
39.47884508 44.21468149  0.85021562  0.57002333 50.00000000  2.35681409
39.55311448 44.30353550  0.85292732  0.56870792 50.00000000  2.34971601
39.62734083 44.39238950  0.85563930  0.56738867 50.00000000  2.34264089
39.70152296 44.48124351  0.85835137  0.56606558 50.00000000  2.33558859
39.77566156 44.57009752  0.86106367  0.56473860 50.00000000  2.32855896
39.84975546 44.65895153  0.86377603  0.56340773 50.00000000  2.32155187
39.92380517 44.74780554  0.86648854  0.56207293 50.00000000  2.31456719
39.99780975 44.83665954  0.86920106  0.56073419 50.00000000  2.30760478
40.07176952 44.92551355  0.87191368  0.55939148 50.00000000  2.30066451
40.14568368 45.01436756  0.87462627  0.55804479 50.00000000  2.29374623
40.21955245 45.10322157  0.87733890  0.55669407 50.00000000  2.28684983
40.29337506 45.19207558  0.88005145  0.55533931 50.00000000  2.27997516
40.36715174 45.28092958  0.88276398  0.55398049 50.00000000  2.27312211
40.44088168 45.36978359  0.88547638  0.55261758 50.00000000  2.26629054
40.51456515 45.45863760  0.88818872  0.55125056 50.00000000  2.25948032
40.58820126 45.54749161  0.89090086  0.54987941 50.00000000  2.25269133
40.66179041 45.63634562  0.89361290  0.54850408 50.00000000  2.24592343
40.73533152 45.72519962  0.89632467  0.54712458 50.00000000  2.23917652
40.80882519 45.81405363  0.89903632  0.54574086 50.00000000  2.23245045
40.88227023 45.90290764  0.90174764  0.54435291 50.00000000  2.22574512
40.95566715 45.99176165  0.90445876  0.54296069 50.00000000  2.21906039
41.02901498 46.08061566  0.90716953  0.54156418 50.00000000  2.21239614
41.10231389 46.16946966  0.90988001  0.54016336 50.00000000  2.20575227
41.17556332 46.25832367  0.91259013  0.53875820 50.00000000  2.19912863
41.24876297 46.34717768  0.91529987  0.53734867 50.00000000  2.19252513
41.32191279 46.43603169  0.91800924  0.53593475 50.00000000  2.18594164
41.39501193 46.52488570  0.92071812  0.53451641 50.00000000  2.17937804
41.46806090 46.61373970  0.92342663  0.53309362 50.00000000  2.17283423
41.54105856 46.70259371  0.92613460  0.53166636 50.00000000  2.16631007
41.61400512 46.79144772  0.92884210  0.53023460 50.00000000  2.15980547
41.68690006 46.88030173  0.93154906  0.52879830 50.00000000  2.15332030
41.75974288 46.96915574  0.93425543  0.52735746 50.00000000  2.14685446
41.83253381 47.05800974  0.93696128  0.52591202 50.00000000  2.14040784
41.90527186 47.14686375  0.93966647  0.52446198 50.00000000  2.13398031
41.97795716 47.23571776  0.94237105  0.52300729 50.00000000  2.12757179
42.05058924 47.32457177  0.94507498  0.52154794 50.00000000  2.12118214
42.12316748 47.41342578  0.94777816  0.52008389 50.00000000  2.11481128
42.19569221 47.50227978  0.95048071  0.51861510 50.00000000  2.10845908
42.26816247 47.59113379  0.95318248  0.51714157 50.00000000  2.10212546
42.34057800 47.67998780  0.95588347  0.51566325 50.00000000  2.09581028
42.41293891 47.76884181  0.95858372  0.51418010 50.00000000  2.08951347
42.48524429 47.85769582  0.96128311  0.51269212 50.00000000  2.08323490
42.55749397 47.94654982  0.96398165  0.51119926 50.00000000  2.07697448
42.62968790 48.03540383  0.96667937  0.50970149 50.00000000  2.07073211
42.70182526 48.12425784  0.96937615  0.50819879 50.00000000  2.06450767
42.77390584 48.21311185  0.97207200  0.50669112 50.00000000  2.05830108
42.84592959 48.30196586  0.97476696  0.50517845 50.00000000  2.05211224
42.91789570 48.39081986  0.97746090  0.50366075 50.00000000  2.04594103
42.98980383 48.47967387  0.98015382  0.50213799 50.00000000  2.03978737
43.06165413 48.56852788  0.98284579  0.50061013 50.00000000  2.03365116
43.13344568 48.65738189  0.98553667  0.49907715 50.00000000  2.02753229
43.20517812 48.74623590  0.98822644  0.49753901 50.00000000  2.02143068
43.27685141 48.83508990  0.99091515  0.49599568 50.00000000  2.01534622
43.34846501 48.92394391  0.99360274  0.49444712 50.00000000  2.00927883
43.42001836 49.01279792  0.99628914  0.49289331 50.00000000  2.00322841
43.49151107 49.10165193  0.99897435  0.49133422 50.00000000  1.99719485
43.56294320 49.19050594  1.00165840  0.48976979 50.00000000  1.99117808
43.63431394 49.27935994  1.00434121  0.48820001 50.00000000  1.98517800
43.70562286 49.36821395  1.00702274  0.48662483 50.00000000  1.97919452
43.77686957 49.45706796  1.00970296  0.48504424 50.00000000  1.97322754
43.84805405 49.54592197  1.01238193  0.48345817 50.00000000  1.96727698
43.91917553 49.63477598  1.01505955  0.48186661 50.00000000  1.96134274
43.99023357 49.72362998  1.01773579  0.48026953 50.00000000  1.95542475
44.06122777 49.81248399  1.02041063  0.47866687 50.00000000  1.94952290
44.13215784 49.90133800  1.02308407  0.47705861 50.00000000  1.94363711
44.20302344 49.99019201  1.02575610  0.47544471 50.00000000  1.93776730
44.27382393 50.07904602  1.02842665  0.47382514 50.00000000  1.93191338
44.34455887 50.16790002  1.03109570  0.47219985 50.00000000  1.92607525
44.41522783 50.25675403  1.03376322  0.47056882 50.00000000  1.92025285
44.48583041 50.34560804  1.03642920  0.46893200 50.00000000  1.91444608
44.55636641 50.43446205  1.03909364  0.46728935 50.00000000  1.90865486
44.62683510 50.52331606  1.04175649  0.46564083 50.00000000  1.90287910
44.69723603 50.61217006  1.04441770  0.46398642 50.00000000  1.89711873
44.76756876 50.70102407  1.04707727  0.46232607 50.00000000  1.89137366
44.83783284 50.78987808  1.04973516  0.46065974 50.00000000  1.88564381
44.90802779 50.87873209  1.05239135  0.45898740 50.00000000  1.87992910
44.97815326 50.96758610  1.05504583  0.45730899 50.00000000  1.87422944
45.04820880 51.05644010  1.05769858  0.45562449 50.00000000  1.86854477
45.11819379 51.14529411  1.06034955  0.45393384 50.00000000  1.86287499
45.18810778 51.23414812  1.06299872  0.45223702 50.00000000  1.85722004
45.25795027 51.32300213  1.06564606  0.45053399 50.00000000  1.85157982
45.32772078 51.41185614  1.06829155  0.44882469 50.00000000  1.84595428
45.39741882 51.50071014  1.07093516  0.44710909 50.00000000  1.84034332
45.46704390 51.58956415  1.07357687  0.44538714 50.00000000  1.83474687
45.53659551 51.67841816  1.07621665  0.44365881 50.00000000  1.82916486
45.60607315 51.76727217  1.07885448  0.44192405 50.00000000  1.82359721
45.67547632 51.85612618  1.08149034  0.44018282 50.00000000  1.81804385
45.74480450 51.94498018  1.08412419  0.43843507 50.00000000  1.81250470
45.81405720 52.03383419  1.08675602  0.43668076 50.00000000  1.80697969
45.88323388 52.12268820  1.08938580  0.43491985 50.00000000  1.80146874
45.95233399 52.21154221  1.09201351  0.43315229 50.00000000  1.79597178
46.02135698 52.30039622  1.09463910  0.43137804 50.00000000  1.79048875
46.09030233 52.38925022  1.09726257  0.42959704 50.00000000  1.78501956
46.15916948 52.47810423  1.09988388  0.42780927 50.00000000  1.77956416
46.22795789 52.56695824  1.10250302  0.42601466 50.00000000  1.77412246
46.29666700 52.65581225  1.10511994  0.42421318 50.00000000  1.76869440
46.36529625 52.74466626  1.10773464  0.42240477 50.00000000  1.76327990
46.43384508 52.83352026  1.11034707  0.42058939 50.00000000  1.75787890
46.50231292 52.92237427  1.11295723  0.41876699 50.00000000  1.75249134
46.57069926 53.01122828  1.11556509  0.41693753 50.00000000  1.74711713
46.63900346 53.10008229  1.11817062  0.41510095 50.00000000  1.74175622
46.70722493 53.18893630  1.12077379  0.41325720 50.00000000  1.73640854
46.77536308 53.27779030  1.12337459  0.41140624 50.00000000  1.73107402
46.84341731 53.36664431  1.12597297  0.40954802 50.00000000  1.72575259
46.91138701 53.45549832  1.12856892  0.40768248 50.00000000  1.72044419
46.97927157 53.54435233  1.13116241  0.40580958 50.00000000  1.71514876
47.04707038 53.63320634  1.13375342  0.40392927 50.00000000  1.70986622
47.11478281 53.72206034  1.13634192  0.40204149 50.00000000  1.70459652
47.18240824 53.81091435  1.13892788  0.40014618 50.00000000  1.69933959
47.24994602 53.89976836  1.14151128  0.39824331 50.00000000  1.69409536
47.31739572 53.98862237  1.14409212  0.39633281 50.00000000  1.68886378
47.38475652 54.07747638  1.14667036  0.39441463 50.00000000  1.68364478
47.45202775 54.16633038  1.14924596  0.39248871 50.00000000  1.67843831
47.51920875 54.25518439  1.15181890  0.39055501 50.00000000  1.67324429
47.58629884 54.34403840  1.15438914  0.38861347 50.00000000  1.66806266
47.65329735 54.43289241  1.15695667  0.38666404 50.00000000  1.66289337
47.72020386 54.52174642  1.15952151  0.38470665 50.00000000  1.65773636
47.78701749 54.61060042  1.16208358  0.38274124 50.00000000  1.65259157
47.85373749 54.69945443  1.16464287  0.38076777 50.00000000  1.64745893
47.92036317 54.78830844  1.16719934  0.37878618 50.00000000  1.64233839
47.98689384 54.87716245  1.16975297  0.37679641 50.00000000  1.63722989
48.05332910 54.96601646  1.17230378  0.37479839 50.00000000  1.63213336
48.11966790 55.05487046  1.17485170  0.37279207 50.00000000  1.62704877
48.18590949 55.14372447  1.17739670  0.37077740 50.00000000  1.62197603
48.25205324 55.23257848  1.17993877  0.36875431 50.00000000  1.61691511
48.31809866 55.32143249  1.18247792  0.36672273 50.00000000  1.61186594
48.38404466 55.41028650  1.18501407  0.36468262 50.00000000  1.60682846
48.44989048 55.49914050  1.18754720  0.36263390 50.00000000  1.60180263
48.51563571 55.58799451  1.19007734  0.36057652 50.00000000  1.59678838
48.58127935 55.67684852  1.19260442  0.35851040 50.00000000  1.59178566
48.64682049 55.76570253  1.19512840  0.35643550 50.00000000  1.58679442
48.71225869 55.85455654  1.19764930  0.35435174 50.00000000  1.58181460
48.77759299 55.94341054  1.20016708  0.35225905 50.00000000  1.57684615
48.84282240 56.03226455  1.20268168  0.35015739 50.00000000  1.57188901
48.90794658 56.12111856  1.20519315  0.34804667 50.00000000  1.56694313
48.97296434 56.20997257  1.20770141  0.34592683 50.00000000  1.56200846
49.03787489 56.29882658  1.21020642  0.34379781 50.00000000  1.55708495
49.10267771 56.38768058  1.21270823  0.34165952 50.00000000  1.55217255
49.16737149 56.47653459  1.21520672  0.33951193 50.00000000  1.54727120
49.23195590 56.56538860  1.21770196  0.33735493 50.00000000  1.54238085
49.29642968 56.65424261  1.22019386  0.33518848 50.00000000  1.53750145
49.36079217 56.74309662  1.22268242  0.33301250 50.00000000  1.53263296
49.42504249 56.83195062  1.22516762  0.33082691 50.00000000  1.52777532
49.48917964 56.92080463  1.22764942  0.32863165 50.00000000  1.52292848
49.55320296 57.00965864  1.23012782  0.32642664 50.00000000  1.51809239
49.61711126 57.09851265  1.23260276  0.32421182 50.00000000  1.51326701
49.68090397 57.18736666  1.23507426  0.32198709 50.00000000  1.50845228
49.74457985 57.27622066  1.23754225  0.31975240 50.00000000  1.50364816
49.80813826 57.36507467  1.24000675  0.31750767 50.00000000  1.49885460
49.87157806 57.45392868  1.24246771  0.31525282 50.00000000  1.49407156
49.93489839 57.54278269  1.24492510  0.31298777 50.00000000  1.48929898
49.99809836 57.63163670  1.24737893  0.31071245 50.00000000  1.48453681
50.06117678 57.72049070  1.24982912  0.30842678 50.00000000  1.47978503
50.12413309 57.80934471  1.25227573  0.30613067 50.00000000  1.47504356
50.18696583 57.89819872  1.25471864  0.30382405 50.00000000  1.47031238
50.24967440 57.98705273  1.25715790  0.30150685 50.00000000  1.46559144
50.31225760 58.07590674  1.25959346  0.29917896 50.00000000  1.46088068
50.37471427 58.16476074  1.26202526  0.29684034 50.00000000  1.45618008
50.43704388 58.25361475  1.26445337  0.29449086 50.00000000  1.45148957
50.49924493 58.34246876  1.26687768  0.29213047 50.00000000  1.44680912
50.56131638 58.43132277  1.26929817  0.28975908 50.00000000  1.44213869
50.62325764 58.52017678  1.27171489  0.28737658 50.00000000  1.43747823
50.68506718 58.60903078  1.27412775  0.28498291 50.00000000  1.43282769
50.74674396 58.69788479  1.27653673  0.28257799 50.00000000  1.42818705
50.80828711 58.78673880  1.27894183  0.28016170 50.00000000  1.42355624
50.86969548 58.87559281  1.28134303  0.27773397 50.00000000  1.41893524
50.93096779 58.96444682  1.28374029  0.27529472 50.00000000  1.41432400
50.99210295 59.05330082  1.28613357  0.27284384 50.00000000  1.40972248
51.05309996 59.14215483  1.28852289  0.27038125 50.00000000  1.40513063
51.11395769 59.23100884  1.29090821  0.26790685 50.00000000  1.40054843
51.17467483 59.31986285  1.29328950  0.26542055 50.00000000  1.39597582
51.23525022 59.40871686  1.29566673  0.26292226 50.00000000  1.39141276
51.29568266 59.49757086  1.29803988  0.26041189 50.00000000  1.38685923
51.35597098 59.58642487  1.30040893  0.25788933 50.00000000  1.38231517
51.41611409 59.67527888  1.30277388  0.25535448 50.00000000  1.37778056
51.47611068 59.76413289  1.30513469  0.25280725 50.00000000  1.37325534
51.53595946 59.85298690  1.30749132  0.25024754 50.00000000  1.36873949
51.59565919 59.94184090  1.30984377  0.24767526 50.00000000  1.36423296
51.65520860 60.03069491  1.31219200  0.24509029 50.00000000  1.35973572
51.71460640 60.11954892  1.31453600  0.24249254 50.00000000  1.35524773
51.77385131 60.20840293  1.31687574  0.23988190 50.00000000  1.35076895
51.83294202 60.29725694  1.31921120  0.23725828 50.00000000  1.34629935
51.89187719 60.38611094  1.32154236  0.23462155 50.00000000  1.34183889
51.95065550 60.47496495  1.32386919  0.23197162 50.00000000  1.33738753
52.00927558 60.56381896  1.32619167  0.22930838 50.00000000  1.33294523
52.06773606 60.65267297  1.32850979  0.22663172 50.00000000  1.32851197
52.12603554 60.74152698  1.33082351  0.22394154 50.00000000  1.32408771
52.18417263 60.83038098  1.33313281  0.22123771 50.00000000  1.31967241
52.24214589 60.91923499  1.33543767  0.21852012 50.00000000  1.31526603
52.29995389 61.00808900  1.33773807  0.21578868 50.00000000  1.31086855
52.35759517 61.09694301  1.34003399  0.21304325 50.00000000  1.30647993
52.41506835 61.18579702  1.34232540  0.21028372 50.00000000  1.30210014
52.47237194 61.27465102  1.34461230  0.20750998 50.00000000  1.29772914
52.52950434 61.36350503  1.34689464  0.20472190 50.00000000  1.29336689
52.58646403 61.45235904  1.34917241  0.20191938 50.00000000  1.28901338
52.64324945 61.54121305  1.35144557  0.19910228 50.00000000  1.28466856
52.69985906 61.63006706  1.35371411  0.19627049 50.00000000  1.28033240
52.75629153 61.71892106  1.35597804  0.19342388 50.00000000  1.27600487
52.81254499 61.80777507  1.35823730  0.19056232 50.00000000  1.27168594
52.86861781 61.89662908  1.36049187  0.18768570 50.00000000  1.26737558
52.92450847 61.98548309  1.36274173  0.18479388 50.00000000  1.26307375
52.98021545 62.07433710  1.36498688  0.18188674 50.00000000  1.25878043
53.03573680 62.16319110  1.36722726  0.17896414 50.00000000  1.25449559
53.09107094 62.25204511  1.36946287  0.17602596 50.00000000  1.25021920
53.14621637 62.34089912  1.37169371  0.17307205 50.00000000  1.24595122
53.20117098 62.42975313  1.37391971  0.17010229 50.00000000  1.24169163
53.25593336 62.51860714  1.37614089  0.16711654 50.00000000  1.23744040
53.31050157 62.60746114  1.37835721  0.16411466 50.00000000  1.23319749
53.36487378 62.69631515  1.38056864  0.16109653 50.00000000  1.22896289
53.41904838 62.78516916  1.38277519  0.15806197 50.00000000  1.22473657
53.47302323 62.87402317  1.38497679  0.15501088 50.00000000  1.22051848
53.52679684 62.96287718  1.38717347  0.15194309 50.00000000  1.21630862
53.58036696 63.05173118  1.38936516  0.14885847 50.00000000  1.21210695
53.63373201 63.14058519  1.39155188  0.14575686 50.00000000  1.20791344
53.68688983 63.22943920  1.39373359  0.14263812 50.00000000  1.20372806
53.73983854 63.31829321  1.39591026  0.13950210 50.00000000  1.19955080
53.79257630 63.40714722  1.39808189  0.13634864 50.00000000  1.19538163
53.84510081 63.49600122  1.40024843  0.13317761 50.00000000  1.19122051
53.89741041 63.58485523  1.40240989  0.12998883 50.00000000  1.18706743
53.94950285 63.67370924  1.40456623  0.12678215 50.00000000  1.18292235
54.00137595 63.76256325  1.40671743  0.12355742 50.00000000  1.17878526
54.05302785 63.85141726  1.40886347  0.12031447 50.00000000  1.17465613
54.10445638 63.94027126  1.41100435  0.11705314 50.00000000  1.17053494
54.15565924 64.02912527  1.41314002  0.11377327 50.00000000  1.16642166
54.20663428 64.11797928  1.41527045  0.11047470 50.00000000  1.16231626
54.25737938 64.20683329  1.41739565  0.10715726 50.00000000  1.15821873
54.30789240 64.29568730  1.41951560  0.10382076 50.00000000  1.15412905
54.35817091 64.38454130  1.42163026  0.10046505 50.00000000  1.15004718
54.40821264 64.47339531  1.42373962  0.09708995 50.00000000  1.14597311
54.45801528 64.56224932  1.42584364  0.09369529 50.00000000  1.14190682
54.50757649 64.65110333  1.42794232  0.09028090 50.00000000  1.13784828
54.55689389 64.73995734  1.43003563  0.08684658 50.00000000  1.13379748
54.60596507 64.82881134  1.43212356  0.08339216 50.00000000  1.12975438
54.65478760 64.91766535  1.43420608  0.07991746 50.00000000  1.12571898
54.70335901 65.00651936  1.43628317  0.07642228 50.00000000  1.12169124
54.75167677 65.09537337  1.43835481  0.07290646 50.00000000  1.11767116
54.79973836 65.18422738  1.44042098  0.06936978 50.00000000  1.11365871
54.84754119 65.27308138  1.44248166  0.06581207 50.00000000  1.10965387
54.89508264 65.36193539  1.44453682  0.06223313 50.00000000  1.10565662
54.94236006 65.45078940  1.44658645  0.05863276 50.00000000  1.10166695
54.98937081 65.53964341  1.44863053  0.05501076 50.00000000  1.09768483
55.03611233 65.62849742  1.45066906  0.05136693 50.00000000  1.09371025
55.08258167 65.71735142  1.45270198  0.04770107 50.00000000  1.08974319
55.12877603 65.80620543  1.45472929  0.04401298 50.00000000  1.08578363
55.17469261 65.89505944  1.45675095  0.04030246 50.00000000  1.08183156
55.22032882 65.98391345  1.45876699  0.03656926 50.00000000  1.07788695
55.26568142 66.07276746  1.46077734  0.03281320 50.00000000  1.07394980
55.31074754 66.16162146  1.46278199  0.02903407 50.00000000  1.07002008
55.35552446 66.25047547  1.46478095  0.02523163 50.00000000  1.06609778
55.40000876 66.33932948  1.46677416  0.02140568 50.00000000  1.06218289
55.44419783 66.42818349  1.46876163  0.01755597 50.00000000  1.05827539
55.48808815 66.51703750  1.47074331  0.01368231 50.00000000  1.05437526
55.53167697 66.60589150  1.47271922  0.00978444 50.00000000  1.05048249
55.57496069 66.69474551  1.47468929  0.00586216 50.00000000  1.04659707
55.61793658 66.78359952  1.47665356  0.00191520 50.00000000  1.04271898
55.66060091 66.87245353  1.47861196 -0.00205665 50.00000000  1.03884821
55.70295062 66.96130754  1.48056449 -0.00605364 50.00000000  1.03498475
55.74498236 67.05016154  1.48251114 -0.01007600 50.00000000  1.03112858
55.78669254 67.13901555  1.48445187 -0.01412399 50.00000000  1.02727970
55.82807776 67.22786956  1.48638666 -0.01819784 50.00000000  1.02343808
55.86913477 67.31672357  1.48831552 -0.02229782 50.00000000  1.01960373
55.90985975 67.40557758  1.49023841 -0.02642418 50.00000000  1.01577662
55.95024914 67.49443158  1.49215531 -0.03057717 50.00000000  1.01195674
55.99029929 67.58328559  1.49406619 -0.03475704 50.00000000  1.00814410
56.03000652 67.67213960  1.49597105 -0.03896407 50.00000000  1.00433866
56.06936707 67.76099361  1.49786987 -0.04319852 50.00000000  1.00054044
56.10837714 67.84984762  1.49976262 -0.04746067 50.00000000  0.99674941
56.14703288 67.93870162  1.50164929 -0.05175077 50.00000000  0.99296557
56.18533034 68.02755563  1.50352986 -0.05606912 50.00000000  0.98918892
56.22326555 68.11640964  1.50540430 -0.06041598 50.00000000  0.98541943
56.26083447 68.20526365  1.50727260 -0.06479164 50.00000000  0.98165711
56.29803298 68.29411766  1.50913474 -0.06919638 50.00000000  0.97790194
56.33485690 68.38297166  1.51099070 -0.07363050 50.00000000  0.97415393
56.37130206 68.47182567  1.51284045 -0.07809429 50.00000000  0.97041305
56.40736436 68.56067968  1.51468401 -0.08258804 50.00000000  0.96667932
56.44303919 68.64953369  1.51652131 -0.08711206 50.00000000  0.96295272
56.47832213 68.73838770  1.51835235 -0.09166663 50.00000000  0.95923324
56.51320910 68.82724170  1.52017714 -0.09625210 50.00000000  0.95552089
56.54769510 68.91609571  1.52199562 -0.10086874 50.00000000  0.95181565
56.58177585 69.00494972  1.52380780 -0.10551689 50.00000000  0.94811753
56.61544647 69.09380373  1.52561364 -0.11019685 50.00000000  0.94442651
56.64870243 69.18265774  1.52741314 -0.11490896 50.00000000  0.94074261
56.68153861 69.27151174  1.52920625 -0.11965352 50.00000000  0.93706580
56.71395059 69.36036575  1.53099300 -0.12443090 50.00000000  0.93339610
56.74593302 69.44921976  1.53277334 -0.12924140 50.00000000  0.92973350
56.77748092 69.53807377  1.53454724 -0.13408537 50.00000000  0.92607800
56.80858940 69.62692778  1.53631472 -0.13896316 50.00000000  0.92242959
56.83925315 69.71578178  1.53807573 -0.14387512 50.00000000  0.91878829
56.86946686 69.80463579  1.53983026 -0.14882158 50.00000000  0.91515408
56.89922521 69.89348980  1.54157830 -0.15380290 50.00000000  0.91152697
56.92852279 69.98234381  1.54331982 -0.15881946 50.00000000  0.90790695
56.95735409 70.07119782  1.54505480 -0.16387160 50.00000000  0.90429404
56.98571352 70.16005182  1.54678324 -0.16895970 50.00000000  0.90068823
57.01359539 70.24890583  1.54850510 -0.17408414 50.00000000  0.89708953
57.04099391 70.33775984  1.55022037 -0.17924528 50.00000000  0.89349793
57.06790320 70.42661385  1.55192903 -0.18444351 50.00000000  0.88991345
57.09431741 70.51546786  1.55363108 -0.18967922 50.00000000  0.88633608
57.12023051 70.60432186  1.55532648 -0.19495281 50.00000000  0.88276583
57.14563618 70.69317587  1.55701522 -0.20026465 50.00000000  0.87920270
57.17052828 70.78202988  1.55869727 -0.20561516 50.00000000  0.87564671
57.19490057 70.87088389  1.56037264 -0.21100475 50.00000000  0.87209785
57.21874637 70.95973790  1.56204128 -0.21643381 50.00000000  0.86855614
57.24205945 71.04859190  1.56370320 -0.22190279 50.00000000  0.86502158
57.26483290 71.13744591  1.56535836 -0.22741207 50.00000000  0.86149417
57.28706002 71.22629992  1.56700674 -0.23296210 50.00000000  0.85797393
57.30873416 71.31515393  1.56864835 -0.23855331 50.00000000  0.85446087
57.32984809 71.40400794  1.57028315 -0.24418614 50.00000000  0.85095499
57.35039479 71.49286194  1.57191112 -0.24986101 50.00000000  0.84745630
57.37036707 71.58171595  1.57353225 -0.25557838 50.00000000  0.84396483
57.38975764 71.67056996  1.57514653 -0.26133871 50.00000000  0.84048056
57.40855907 71.75942397  1.57675392 -0.26714245 50.00000000  0.83700353
57.42676380 71.84827798  1.57835443 -0.27299007 50.00000000  0.83353374
57.44436412 71.93713198  1.57994802 -0.27888203 50.00000000  0.83007120
57.46135221 72.02598599  1.58153468 -0.28481881 50.00000000  0.82661592
57.47772007 72.11484000  1.58311438 -0.29080088 50.00000000  0.82316793
57.49345961 72.20369401  1.58468712 -0.29682872 50.00000000  0.81972724
57.50856291 72.29254802  1.58625289 -0.30290286 50.00000000  0.81629386
57.52302123 72.38140202  1.58781164 -0.30902375 50.00000000  0.81286781
57.53682635 72.47025603  1.58936338 -0.31519193 50.00000000  0.80944910
57.54996941 72.55911004  1.59090807 -0.32140787 50.00000000  0.80603775
57.56244193 72.64796405  1.59244572 -0.32767213 50.00000000  0.80263379
57.57423469 72.73681806  1.59397628 -0.33398519 50.00000000  0.79923723
57.58533867 72.82567206  1.59549976 -0.34034759 50.00000000  0.79584808
57.59574483 72.91452607  1.59701613 -0.34675988 50.00000000  0.79246638
57.60544363 73.00338008  1.59852537 -0.35322258 50.00000000  0.78909214
57.61442549 73.09223409  1.60002746 -0.35973624 50.00000000  0.78572538
57.62268069 73.18108810  1.60152240 -0.36630141 50.00000000  0.78236613
57.63019934 73.26994210  1.60301014 -0.37291864 50.00000000  0.77901440
57.63697154 73.35879611  1.60449070 -0.37958852 50.00000000  0.77567023
57.64298690 73.44765012  1.60596404 -0.38631159 50.00000000  0.77233364
57.64823492 73.53650413  1.60743014 -0.39308843 50.00000000  0.76900465
57.65270518 73.62535814  1.60888899 -0.39991964 50.00000000  0.76568329
57.65638679 73.71421214  1.61034057 -0.40680579 50.00000000  0.76236959
57.65926885 73.80306615  1.61178487 -0.41374749 50.00000000  0.75906358
57.66134000 73.89192016  1.61322184 -0.42074532 50.00000000  0.75576528
57.66258917 73.98077417  1.61465151 -0.42779991 50.00000000  0.75247472
57.66300461 74.06962818  1.61607383 -0.43491187 50.00000000  0.74919194
