#  Theta paroi en deg Angle Choc en deg       Kp           Inverse Mach       Mach amont       Mach aval
     0.00000000       20.17127135        0.00000000        0.65517241        2.90000000
     1.63662699       20.17336621        0.00457820        0.65307230        2.90000000        2.89984660
     1.97566689       20.17629729        0.00627004        0.65230460        2.90000000        2.89963201
     2.33989781       20.18173703        0.00830000        0.65138926        2.90000000        2.89923389
     2.73263645       20.19135788        0.01071638        0.65030776        2.90000000        2.89853016
     3.13838907       20.20683227        0.01344393        0.64909728        2.90000000        2.89739935
     3.54810382       20.22983265        0.01642245        0.64778757        2.90000000        2.89572101
     3.95848914       20.26203145        0.01962073        0.64639493        2.90000000        2.89337634
     4.36926373       20.30510112        0.02302869        0.64492613        2.90000000        2.89024889
     4.78153070       20.36071410        0.02665001        0.64338194        2.90000000        2.88622543
     5.19698762       20.43054283        0.03049756        0.64175934        2.90000000        2.88119678
     5.54504518       20.50037156        0.03387094        0.64035146        2.90000000        2.87619363
     5.84938345       20.57020029        0.03693097        0.63908588        2.90000000        2.87121555
     6.12278303       20.64002902        0.03976679        0.63792251        2.90000000        2.86626212
     6.37299215       20.70985774        0.04243353        0.63683656        2.90000000        2.86133293
     6.60509180       20.77968647        0.04496796        0.63581152        2.90000000        2.85642757
     6.82260873       20.84951520        0.04739591        0.63483579        2.90000000        2.85154564
     7.02809891       20.91934393        0.04973634        0.63390085        2.90000000        2.84668675
     7.22347858       20.98917266        0.05200358        0.63300027        2.90000000        2.84185052
     7.41022438       21.05900139        0.05420876        0.63212904        2.90000000        2.83703657
     7.58950014       21.12883012        0.05636072        0.63128318        2.90000000        2.83224455
     7.76224077       21.19865884        0.05846661        0.63045947        2.90000000        2.82747410
     7.92920945       21.26848757        0.06053227        0.62965529        2.90000000        2.82272486
     8.09103799       21.33831630        0.06256259        0.62886841        2.90000000        2.81799650
     8.24825574       21.40814503        0.06456165        0.62809700        2.90000000        2.81328867
     8.40131105       21.47797376        0.06653294        0.62733947        2.90000000        2.80860105
     8.55058714       21.54780249        0.06847944        0.62659448        2.90000000        2.80393332
     8.69641447       21.61763122        0.07040373        0.62586084        2.90000000        2.79928515
     8.83908008       21.68745995        0.07230804        0.62513753        2.90000000        2.79465626
     8.97883499       21.75728867        0.07419436        0.62442366        2.90000000        2.79004632
     9.11590015       21.82711740        0.07606440        0.62371843        2.90000000        2.78545505
     9.25047110       21.89694613        0.07791970        0.62302114        2.90000000        2.78088215
     9.38272177       21.96677486        0.07976162        0.62233116        2.90000000        2.77632734
     9.51280769       22.03660359        0.08159138        0.62164791        2.90000000        2.77179034
     9.64086841       22.10643232        0.08341008        0.62097091        2.90000000        2.76727087
     9.76702976       22.17626105        0.08521870        0.62029968        2.90000000        2.76276868
     9.89140560       22.24608977        0.08701812        0.61963380        2.90000000        2.75828350
    10.01409927       22.31591850        0.08880917        0.61897291        2.90000000        2.75381506
    10.13520495       22.38574723        0.09059258        0.61831664        2.90000000        2.74936313
    10.25480865       22.45557596        0.09236901        0.61766469        2.90000000        2.74492744
    10.37298920       22.52540469        0.09413908        0.61701676        2.90000000        2.74050777
    10.48981902       22.59523342        0.09590335        0.61637258        2.90000000        2.73610386
    10.60536482       22.66506215        0.09766233        0.61573190        2.90000000        2.73171550
    10.71968818       22.73489088        0.09941651        0.61509449        2.90000000        2.72734245
    10.83284608       22.80471960        0.10116633        0.61446014        2.90000000        2.72298448
    10.94489137       22.87454833        0.10291218        0.61382865        2.90000000        2.71864138
    11.05587313       22.94437706        0.10465445        0.61319984        2.90000000        2.71431293
    11.16583708       23.01420579        0.10639349        0.61257352        2.90000000        2.70999893
    11.27482583       23.08403452        0.10812961        0.61194954        2.90000000        2.70569916
    11.38287920       23.15386325        0.10986312        0.61132775        2.90000000        2.70141342
    11.49003446       23.22369198        0.11159430        0.61070801        2.90000000        2.69714152
    11.59632652       23.29352070        0.11332341        0.61009018        2.90000000        2.69288325
    11.70178815       23.36334943        0.11505071        0.60947413        2.90000000        2.68863843
    11.80645015       23.43317816        0.11677641        0.60885975        2.90000000        2.68440687
    11.91034152       23.50300689        0.11850073        0.60824693        2.90000000        2.68018838
    12.01348958       23.57283562        0.12022388        0.60763555        2.90000000        2.67598279
    12.11592011       23.64266435        0.12194605        0.60702553        2.90000000        2.67178991
    12.21765747       23.71249308        0.12366740        0.60641676        2.90000000        2.66760957
    12.31872470       23.78232181        0.12538811        0.60580915        2.90000000        2.66344161
    12.41914359       23.85215053        0.12710833        0.60520262        2.90000000        2.65928585
    12.51893485       23.92197926        0.12882822        0.60459709        2.90000000        2.65514212
    12.61811808       23.99180799        0.13054791        0.60399248        2.90000000        2.65101028
    12.71671190       24.06163672        0.13226754        0.60338871        2.90000000        2.64689015
    12.81473406       24.13146545        0.13398722        0.60278572        2.90000000        2.64278159
    12.91220137       24.20129418        0.13570708        0.60218344        2.90000000        2.63868444
    13.00912990       24.27112291        0.13742723        0.60158180        2.90000000        2.63459856
    13.10553497       24.34095163        0.13914777        0.60098075        2.90000000        2.63052378
    13.20143114       24.41078036        0.14086880        0.60038022        2.90000000        2.62645998
    13.29683237       24.48060909        0.14259041        0.59978016        2.90000000        2.62240701
    13.39175197       24.55043782        0.14431271        0.59918051        2.90000000        2.61836473
    13.48620266       24.62026655        0.14603575        0.59858123        2.90000000        2.61433300
    13.58019664       24.69009528        0.14775964        0.59798225        2.90000000        2.61031169
    13.67374556       24.75992401        0.14948445        0.59738354        2.90000000        2.60630067
    13.76686060       24.82975273        0.15121024        0.59678505        2.90000000        2.60229981
    13.85955248       24.89958146        0.15293709        0.59618674        2.90000000        2.59830898
    13.95183149       24.96941019        0.15466505        0.59558855        2.90000000        2.59432806
    14.04370749       25.03923892        0.15639420        0.59499046        2.90000000        2.59035693
    14.13518995       25.10906765        0.15812459        0.59439242        2.90000000        2.58639546
    14.22628800       25.17889638        0.15985628        0.59379439        2.90000000        2.58244354
    14.31701040       25.24872511        0.16158932        0.59319633        2.90000000        2.57850105
    14.40736558       25.31855384        0.16332376        0.59259822        2.90000000        2.57456788
    14.49736166       25.38838256        0.16505965        0.59200001        2.90000000        2.57064391
    14.58700647       25.45821129        0.16679703        0.59140167        2.90000000        2.56672905
    14.67630753       25.52804002        0.16853594        0.59080318        2.90000000        2.56282317
    14.76527211       25.59786875        0.17027644        0.59020449        2.90000000        2.55892617
    14.85390722       25.66769748        0.17201855        0.58960558        2.90000000        2.55503796
    14.94221964       25.73752621        0.17376232        0.58900642        2.90000000        2.55115842
    15.03021588       25.80735494        0.17550778        0.58840698        2.90000000        2.54728747
    15.11790227       25.87718366        0.17725496        0.58780723        2.90000000        2.54342499
    15.20528489       25.94701239        0.17900390        0.58720714        2.90000000        2.53957089
    15.29236964       26.01684112        0.18075462        0.58660670        2.90000000        2.53572508
    15.37916223       26.08666985        0.18250716        0.58600587        2.90000000        2.53188746
    15.46566817       26.15649858        0.18426155        0.58540463        2.90000000        2.52805794
    15.55189280       26.22632731        0.18601780        0.58480296        2.90000000        2.52423644
    15.63784130       26.29615604        0.18777594        0.58420083        2.90000000        2.52042286
    15.72351867       26.36598477        0.18953601        0.58359822        2.90000000        2.51661712
    15.80892976       26.43581349        0.19129801        0.58299511        2.90000000        2.51281912
    15.89407929       26.50564222        0.19306198        0.58239147        2.90000000        2.50902879
    15.97897181       26.57547095        0.19482792        0.58178728        2.90000000        2.50524605
    16.06361175       26.64529968        0.19659587        0.58118254        2.90000000        2.50147081
    16.14800341       26.71512841        0.19836584        0.58057720        2.90000000        2.49770299
    16.23215096       26.78495714        0.20013784        0.57997126        2.90000000        2.49394252
    16.31605844       26.85478587        0.20191189        0.57936470        2.90000000        2.49018932
    16.39972979       26.92461459        0.20368802        0.57875749        2.90000000        2.48644330
    16.48316882       26.99444332        0.20546622        0.57814962        2.90000000        2.48270441
    16.56637926       27.06427205        0.20724652        0.57754107        2.90000000        2.47897256
    16.64936471       27.13410078        0.20902893        0.57693182        2.90000000        2.47524768
    16.73212867       27.20392951        0.21081346        0.57632186        2.90000000        2.47152970
    16.81467457       27.27375824        0.21260012        0.57571117        2.90000000        2.46781856
    16.89700573       27.34358697        0.21438892        0.57509974        2.90000000        2.46411418
    16.97912538       27.41341570        0.21617988        0.57448754        2.90000000        2.46041650
    17.06103666       27.48324442        0.21797300        0.57387456        2.90000000        2.45672544
    17.14274265       27.55307315        0.21976829        0.57326079        2.90000000        2.45304096
    17.22424632       27.62290188        0.22156577        0.57264621        2.90000000        2.44936298
    17.30555058       27.69273061        0.22336542        0.57203080        2.90000000        2.44569143
    17.38665827       27.76255934        0.22516728        0.57141456        2.90000000        2.44202627
    17.46757216       27.83238807        0.22697133        0.57079746        2.90000000        2.43836742
    17.54829492       27.90221680        0.22877759        0.57017950        2.90000000        2.43471483
    17.62882919       27.97204552        0.23058606        0.56956066        2.90000000        2.43106844
    17.70917753       28.04187425        0.23239675        0.56894092        2.90000000        2.42742819
    17.78934243       28.11170298        0.23420967        0.56832027        2.90000000        2.42379403
    17.86932634       28.18153171        0.23602480        0.56769871        2.90000000        2.42016590
    17.94913162       28.25136044        0.23784217        0.56707621        2.90000000        2.41654374
    18.02876061       28.32118917        0.23966177        0.56645277        2.90000000        2.41292751
    18.10821556       28.39101790        0.24148361        0.56582837        2.90000000        2.40931714
    18.18749870       28.46084662        0.24330769        0.56520300        2.90000000        2.40571258
    18.26661218       28.53067535        0.24513400        0.56457664        2.90000000        2.40211380
    18.34555812       28.60050408        0.24696256        0.56394929        2.90000000        2.39852072
    18.42433858       28.67033281        0.24879337        0.56332094        2.90000000        2.39493332
    18.50295558       28.74016154        0.25062641        0.56269157        2.90000000        2.39135152
    18.58141109       28.80999027        0.25246171        0.56206117        2.90000000        2.38777530
    18.65970703       28.87981900        0.25429925        0.56142973        2.90000000        2.38420460
    18.73784529       28.94964773        0.25613903        0.56079723        2.90000000        2.38063937
    18.81582771       29.01947645        0.25798106        0.56016368        2.90000000        2.37707957
    18.89365609       29.08930518        0.25982534        0.55952905        2.90000000        2.37352516
    18.97133219       29.15913391        0.26167186        0.55889335        2.90000000        2.36997609
    19.04885775       29.22896264        0.26352062        0.55825654        2.90000000        2.36643231
    19.12623445       29.29879137        0.26537163        0.55761864        2.90000000        2.36289379
    19.20346393       29.36862010        0.26722488        0.55697962        2.90000000        2.35936049
    19.28054782       29.43844883        0.26908037        0.55633947        2.90000000        2.35583235
    19.35748770       29.50827755        0.27093809        0.55569819        2.90000000        2.35230934
    19.43428511       29.57810628        0.27279805        0.55505577        2.90000000        2.34879143
    19.51094157       29.64793501        0.27466024        0.55441220        2.90000000        2.34527856
    19.58745859       29.71776374        0.27652466        0.55376746        2.90000000        2.34177071
    19.66383759       29.78759247        0.27839130        0.55312154        2.90000000        2.33826784
    19.74008002       29.85742120        0.28026017        0.55247445        2.90000000        2.33476990
    19.81618726       29.92724993        0.28213126        0.55182616        2.90000000        2.33127686
    19.89216070       29.99707866        0.28400456        0.55117668        2.90000000        2.32778869
    19.96800166       30.06690738        0.28588008        0.55052598        2.90000000        2.32430534
    20.04371146       30.13673611        0.28775781        0.54987407        2.90000000        2.32082679
    20.11929141       30.20656484        0.28963774        0.54922092        2.90000000        2.31735300
    20.19474274       30.27639357        0.29151987        0.54856654        2.90000000        2.31388393
    20.27006670       30.34622230        0.29340419        0.54791092        2.90000000        2.31041955
    20.34526452       30.41605103        0.29529071        0.54725404        2.90000000        2.30695984
    20.42033738       30.48587976        0.29717941        0.54659590        2.90000000        2.30350475
    20.49528644       30.55570848        0.29907029        0.54593649        2.90000000        2.30005425
    20.57011286       30.62553721        0.30096335        0.54527579        2.90000000        2.29660832
    20.64481776       30.69536594        0.30285858        0.54461381        2.90000000        2.29316692
    20.71940223       30.76519467        0.30475598        0.54395053        2.90000000        2.28973002
    20.79386737       30.83502340        0.30665553        0.54328595        2.90000000        2.28629759
    20.86821423       30.90485213        0.30855724        0.54262006        2.90000000        2.28286961
    20.94244386       30.97468086        0.31046110        0.54195284        2.90000000        2.27944604
    21.01655728       31.04450959        0.31236710        0.54128430        2.90000000        2.27602686
    21.09055549       31.11433831        0.31427524        0.54061441        2.90000000        2.27261203
    21.16443947       31.18416704        0.31618550        0.53994318        2.90000000        2.26920154
    21.23821020       31.25399577        0.31809789        0.53927060        2.90000000        2.26579535
    21.31186863       31.32382450        0.32001240        0.53859666        2.90000000        2.26239343
    21.38541568       31.39365323        0.32192901        0.53792135        2.90000000        2.25899576
    21.45885227       31.46348196        0.32384773        0.53724466        2.90000000        2.25560232
    21.53217930       31.53331069        0.32576855        0.53656659        2.90000000        2.25221307
    21.60539766       31.60313941        0.32769146        0.53588712        2.90000000        2.24882800
    21.67850821       31.67296814        0.32961645        0.53520626        2.90000000        2.24544708
    21.75151180       31.74279687        0.33154351        0.53452398        2.90000000        2.24207028
    21.82440926       31.81262560        0.33347264        0.53384030        2.90000000        2.23869758
    21.89720143       31.88245433        0.33540384        0.53315519        2.90000000        2.23532896
    21.96988911       31.95228306        0.33733709        0.53246865        2.90000000        2.23196439
    22.04247309       32.02211179        0.33927238        0.53178067        2.90000000        2.22860385
    22.11495414       32.09194051        0.34120972        0.53109125        2.90000000        2.22524732
    22.18733305       32.16176924        0.34314908        0.53040037        2.90000000        2.22189478
    22.25961055       32.23159797        0.34509047        0.52970804        2.90000000        2.21854620
    22.33178739       32.30142670        0.34703387        0.52901423        2.90000000        2.21520156
    22.40386430       32.37125543        0.34897928        0.52831896        2.90000000        2.21186085
    22.47584198       32.44108416        0.35092669        0.52762220        2.90000000        2.20852403
    22.54772115       32.51091289        0.35287609        0.52692395        2.90000000        2.20519110
    22.61950249       32.58074162        0.35482747        0.52622421        2.90000000        2.20186203
    22.69118668       32.65057034        0.35678083        0.52552297        2.90000000        2.19853679
    22.76277439       32.72039907        0.35873615        0.52482021        2.90000000        2.19521538
    22.83426626       32.79022780        0.36069343        0.52411593        2.90000000        2.19189777
    22.90566296       32.86005653        0.36265266        0.52341013        2.90000000        2.18858394
    22.97696511       32.92988526        0.36461383        0.52270280        2.90000000        2.18527387
    23.04817333       32.99971399        0.36657693        0.52199393        2.90000000        2.18196755
    23.11928824       33.06954272        0.36854195        0.52128352        2.90000000        2.17866496
    23.19031043       33.13937144        0.37050889        0.52057155        2.90000000        2.17536608
    23.26124050       33.20920017        0.37247774        0.51985802        2.90000000        2.17207089
    23.33207904       33.27902890        0.37444848        0.51914292        2.90000000        2.16877937
    23.40282662       33.34885763        0.37642111        0.51842625        2.90000000        2.16549151
    23.47348379       33.41868636        0.37839561        0.51770800        2.90000000        2.16220729
    23.54405112       33.48851509        0.38037199        0.51698816        2.90000000        2.15892669
    23.61452914       33.55834382        0.38235023        0.51626672        2.90000000        2.15564971
    23.68491840       33.62817255        0.38433031        0.51554368        2.90000000        2.15237631
    23.75521941       33.69800127        0.38631224        0.51481904        2.90000000        2.14910649
    23.82543271       33.76783000        0.38829600        0.51409277        2.90000000        2.14584023
    23.89555878       33.83765873        0.39028158        0.51336489        2.90000000        2.14257751
    23.96559815       33.90748746        0.39226898        0.51263537        2.90000000        2.13931832
    24.03555130       33.97731619        0.39425818        0.51190422        2.90000000        2.13606265
    24.10541872       34.04714492        0.39624918        0.51117142        2.90000000        2.13281048
    24.17520087       34.11697365        0.39824196        0.51043698        2.90000000        2.12956179
    24.24489824       34.18680237        0.40023651        0.50970087        2.90000000        2.12631658
    24.31451128       34.25663110        0.40223283        0.50896310        2.90000000        2.12307482
    24.38404046       34.32645983        0.40423091        0.50822366        2.90000000        2.11983650
    24.45348620       34.39628856        0.40623073        0.50748254        2.90000000        2.11660162
    24.52284895       34.46611729        0.40823228        0.50673974        2.90000000        2.11337015
    24.59212915       34.53594602        0.41023557        0.50599524        2.90000000        2.11014208
    24.66132722       34.60577475        0.41224056        0.50524905        2.90000000        2.10691740
    24.73044357       34.67560348        0.41424727        0.50450115        2.90000000        2.10369610
    24.79947862       34.74543220        0.41625567        0.50375153        2.90000000        2.10047817
    24.86843277       34.81526093        0.41826575        0.50300020        2.90000000        2.09726358
    24.93730642       34.88508966        0.42027752        0.50224714        2.90000000        2.09405234
    25.00609996       34.95491839        0.42229094        0.50149235        2.90000000        2.09084442
    25.07481377       35.02474712        0.42430602        0.50073581        2.90000000        2.08763982
    25.14344824       35.09457585        0.42632275        0.49997753        2.90000000        2.08443852
    25.21200374       35.16440458        0.42834111        0.49921750        2.90000000        2.08124051
    25.28048062       35.23423330        0.43036110        0.49845570        2.90000000        2.07804578
    25.34887925       35.30406203        0.43238270        0.49769214        2.90000000        2.07485432
    25.41719999       35.37389076        0.43440591        0.49692680        2.90000000        2.07166612
    25.48544318       35.44371949        0.43643070        0.49615968        2.90000000        2.06848116
    25.55360916       35.51354822        0.43845708        0.49539077        2.90000000        2.06529944
    25.62169827       35.58337695        0.44048504        0.49462007        2.90000000        2.06212095
    25.68971085       35.65320568        0.44251455        0.49384756        2.90000000        2.05894567
    25.75764721       35.72303440        0.44454562        0.49307324        2.90000000        2.05577360
    25.82550768       35.79286313        0.44657822        0.49229711        2.90000000        2.05260471
    25.89329257       35.86269186        0.44861236        0.49151915        2.90000000        2.04943902
    25.96100219       35.93252059        0.45064801        0.49073937        2.90000000        2.04627649
    26.02863684       36.00234932        0.45268518        0.48995774        2.90000000        2.04311713
    26.09619683       36.07217805        0.45472384        0.48917427        2.90000000        2.03996093
    26.16368245       36.14200678        0.45676399        0.48838895        2.90000000        2.03680787
    26.23109398       36.21183551        0.45880561        0.48760178        2.90000000        2.03365794
    26.29843171       36.28166423        0.46084870        0.48681273        2.90000000        2.03051114
    26.36569592       36.35149296        0.46289325        0.48602182        2.90000000        2.02736746
    26.43288688       36.42132169        0.46493923        0.48522902        2.90000000        2.02422688
    26.50000486       36.49115042        0.46698665        0.48443434        2.90000000        2.02108940
    26.56705013       36.56097915        0.46903550        0.48363776        2.90000000        2.01795501
    26.63402295       36.63080788        0.47108575        0.48283928        2.90000000        2.01482371
    26.70092357       36.70063661        0.47313740        0.48203890        2.90000000        2.01169548
    26.76775224       36.77046533        0.47519044        0.48123660        2.90000000        2.00857031
    26.83450921       36.84029406        0.47724486        0.48043237        2.90000000        2.00544819
    26.90119473       36.91012279        0.47930065        0.47962622        2.90000000        2.00232913
    26.96780902       36.97995152        0.48135779        0.47881813        2.90000000        1.99921310
    27.03435233       37.04978025        0.48341627        0.47800810        2.90000000        1.99610010
    27.10082488       37.11960898        0.48547609        0.47719611        2.90000000        1.99299013
    27.16722690       37.18943771        0.48753723        0.47638217        2.90000000        1.98988317
    27.23355861       37.25926644        0.48959968        0.47556626        2.90000000        1.98677922
    27.29982022       37.32909516        0.49166343        0.47474838        2.90000000        1.98367828
    27.36601196       37.39892389        0.49372847        0.47392852        2.90000000        1.98058032
    27.43213402       37.46875262        0.49579478        0.47310667        2.90000000        1.97748535
    27.49818661       37.53858135        0.49786237        0.47228283        2.90000000        1.97439335
    27.56416994       37.60841008        0.49993120        0.47145699        2.90000000        1.97130433
    27.63008420       37.67823881        0.50200128        0.47062913        2.90000000        1.96821827
    27.69592958       37.74806754        0.50407259        0.46979926        2.90000000        1.96513517
    27.76170628       37.81789626        0.50614512        0.46896736        2.90000000        1.96205502
    27.82741448       37.88772499        0.50821886        0.46813344        2.90000000        1.95897781
    27.89305436       37.95755372        0.51029379        0.46729747        2.90000000        1.95590353
    27.95862610       38.02738245        0.51236992        0.46645946        2.90000000        1.95283219
    28.02412988       38.09721118        0.51444721        0.46561939        2.90000000        1.94976376
    28.08956587       38.16703991        0.51652567        0.46477726        2.90000000        1.94669826
    28.15493424       38.23686864        0.51860528        0.46393306        2.90000000        1.94363566
    28.22023514       38.30669737        0.52068603        0.46308678        2.90000000        1.94057596
    28.28546875       38.37652609        0.52276791        0.46223842        2.90000000        1.93751917
    28.35063522       38.44635482        0.52485091        0.46138797        2.90000000        1.93446526
    28.41573470       38.51618355        0.52693501        0.46053542        2.90000000        1.93141424
    28.48076735       38.58601228        0.52902020        0.45968076        2.90000000        1.92836609
    28.54573331       38.65584101        0.53110648        0.45882399        2.90000000        1.92532082
    28.61063272       38.72566974        0.53319383        0.45796509        2.90000000        1.92227841
    28.67546574       38.79549847        0.53528223        0.45710406        2.90000000        1.91923887
    28.74023249       38.86532719        0.53737168        0.45624090        2.90000000        1.91620218
    28.80493312       38.93515592        0.53946217        0.45537558        2.90000000        1.91316834
    28.86956775       39.00498465        0.54155368        0.45450812        2.90000000        1.91013734
    28.93413651       39.07481338        0.54364620        0.45363849        2.90000000        1.90710918
    28.99863952       39.14464211        0.54573973        0.45276669        2.90000000        1.90408385
    29.06307692       39.21447084        0.54783424        0.45189271        2.90000000        1.90106135
    29.12744881       39.28429957        0.54992972        0.45101655        2.90000000        1.89804167
    29.19175533       39.35412829        0.55202618        0.45013820        2.90000000        1.89502481
    29.25599656       39.42395702        0.55412358        0.44925764        2.90000000        1.89201075
    29.32017264       39.49378575        0.55622193        0.44837488        2.90000000        1.88899951
    29.38428367       39.56361448        0.55832120        0.44748989        2.90000000        1.88599106
    29.44832974       39.63344321        0.56042139        0.44660268        2.90000000        1.88298541
    29.51231097       39.70327194        0.56252249        0.44571324        2.90000000        1.87998255
    29.57622746       39.77310067        0.56462448        0.44482155        2.90000000        1.87698247
    29.64007929       39.84292940        0.56672736        0.44392761        2.90000000        1.87398518
    29.70386656       39.91275812        0.56883110        0.44303142        2.90000000        1.87099066
    29.76758937       39.98258685        0.57093570        0.44213296        2.90000000        1.86799891
    29.83124779       40.05241558        0.57304115        0.44123222        2.90000000        1.86500992
    29.89484193       40.12224431        0.57514743        0.44032920        2.90000000        1.86202370
    29.95837184       40.19207304        0.57725453        0.43942389        2.90000000        1.85904024
    30.02183762       40.26190177        0.57936245        0.43851627        2.90000000        1.85605952
    30.08523936       40.33173050        0.58147116        0.43760635        2.90000000        1.85308156
    30.14857710       40.40155922        0.58358065        0.43669411        2.90000000        1.85010634
    30.21185094       40.47138795        0.58569092        0.43577955        2.90000000        1.84713385
    30.27506093       40.54121668        0.58780196        0.43486265        2.90000000        1.84416410
    30.33820715       40.61104541        0.58991374        0.43394341        2.90000000        1.84119708
    30.40128966       40.68087414        0.59202626        0.43302181        2.90000000        1.83823279
    30.46430852       40.75070287        0.59413951        0.43209786        2.90000000        1.83527121
    30.52726379       40.82053160        0.59625347        0.43117154        2.90000000        1.83231235
    30.59015552       40.89036033        0.59836813        0.43024284        2.90000000        1.82935621
    30.65298378       40.96018905        0.60048348        0.42931175        2.90000000        1.82640277
    30.71574860       41.03001778        0.60259951        0.42837827        2.90000000        1.82345204
    30.77845005       41.09984651        0.60471621        0.42744239        2.90000000        1.82050401
    30.84108815       41.16967524        0.60683355        0.42650409        2.90000000        1.81755868
    30.90366297       41.23950397        0.60895154        0.42556337        2.90000000        1.81461603
    30.96617454       41.30933270        0.61107016        0.42462023        2.90000000        1.81167608
    31.02862290       41.37916143        0.61318940        0.42367464        2.90000000        1.80873881
    31.09100808       41.44899015        0.61530924        0.42272660        2.90000000        1.80580422
    31.15333013       41.51881888        0.61742967        0.42177610        2.90000000        1.80287231
    31.21558906       41.58864761        0.61955068        0.42082314        2.90000000        1.79994307
    31.27778492       41.65847634        0.62167226        0.41986770        2.90000000        1.79701650
    31.33991773       41.72830507        0.62379440        0.41890978        2.90000000        1.79409259
    31.40198751       41.79813380        0.62591707        0.41794936        2.90000000        1.79117135
    31.46399429       41.86796253        0.62804029        0.41698644        2.90000000        1.78825277
    31.52593808       41.93779125        0.63016402        0.41602101        2.90000000        1.78533684
    31.58781891       42.00761998        0.63228825        0.41505305        2.90000000        1.78242356
    31.64963679       42.07744871        0.63441298        0.41408256        2.90000000        1.77951293
    31.71139173       42.14727744        0.63653820        0.41310953        2.90000000        1.77660494
    31.77308375       42.21710617        0.63866388        0.41213395        2.90000000        1.77369960
    31.83471285       42.28693490        0.64079002        0.41115581        2.90000000        1.77079689
    31.89627904       42.35676363        0.64291661        0.41017510        2.90000000        1.76789681
    31.95778232       42.42659236        0.64504363        0.40919181        2.90000000        1.76499937
    32.01922270       42.49642108        0.64717108        0.40820593        2.90000000        1.76210455
    32.08060017       42.56624981        0.64929893        0.40721746        2.90000000        1.75921235
    32.14191474       42.63607854        0.65142717        0.40622637        2.90000000        1.75632278
    32.20316640       42.70590727        0.65355580        0.40523266        2.90000000        1.75343582
    32.26435514       42.77573600        0.65568481        0.40423633        2.90000000        1.75055148
    32.32548095       42.84556473        0.65781417        0.40323736        2.90000000        1.74766975
    32.38654382       42.91539346        0.65994388        0.40223574        2.90000000        1.74479062
    32.44754375       42.98522218        0.66207392        0.40123146        2.90000000        1.74191410
    32.50848071       43.05505091        0.66420429        0.40022451        2.90000000        1.73904019
    32.56935468       43.12487964        0.66633497        0.39921489        2.90000000        1.73616886
    32.63016565       43.19470837        0.66846594        0.39820258        2.90000000        1.73330014
    32.69091359       43.26453710        0.67059720        0.39718757        2.90000000        1.73043400
    32.75159849       43.33436583        0.67272873        0.39616984        2.90000000        1.72757046
    32.81222031       43.40419456        0.67486052        0.39514941        2.90000000        1.72470950
    32.87277902       43.47402329        0.67699256        0.39412624        2.90000000        1.72185113
    32.93327461       43.54385201        0.67912484        0.39310033        2.90000000        1.71899533
    32.99370702       43.61368074        0.68125734        0.39207167        2.90000000        1.71614211
    33.05407624       43.68350947        0.68339005        0.39104025        2.90000000        1.71329147
    33.11438221       43.75333820        0.68552296        0.39000605        2.90000000        1.71044340
    33.17462492       43.82316693        0.68765606        0.38896908        2.90000000        1.70759789
    33.23480430       43.89299566        0.68978932        0.38792931        2.90000000        1.70475496
    33.29492032       43.96282439        0.69192275        0.38688674        2.90000000        1.70191458
    33.35497295       44.03265311        0.69405633        0.38584136        2.90000000        1.69907677
    33.41496212       44.10248184        0.69619005        0.38479315        2.90000000        1.69624151
    33.47488779       44.17231057        0.69832389        0.38374210        2.90000000        1.69340881
    33.53474990       44.24213930        0.70045784        0.38268821        2.90000000        1.69057866
    33.59454842       44.31196803        0.70259189        0.38163146        2.90000000        1.68775106
    33.65428327       44.38179676        0.70472602        0.38057184        2.90000000        1.68492601
    33.71395441       44.45162549        0.70686023        0.37950934        2.90000000        1.68210350
    33.77356176       44.52145422        0.70899450        0.37844395        2.90000000        1.67928353
    33.83310529       44.59128294        0.71112882        0.37737565        2.90000000        1.67646610
    33.89258491       44.66111167        0.71326318        0.37630445        2.90000000        1.67365121
    33.95200056       44.73094040        0.71539756        0.37523031        2.90000000        1.67083885
    34.01135218       44.80076913        0.71753196        0.37415325        2.90000000        1.66802902
    34.07063970       44.87059786        0.71966635        0.37307323        2.90000000        1.66522172
    34.12986304       44.94042659        0.72180073        0.37199026        2.90000000        1.66241695
    34.18902213       45.01025532        0.72393508        0.37090431        2.90000000        1.65961470
    34.24811690       45.08008404        0.72606940        0.36981538        2.90000000        1.65681498
    34.30714727       45.14991277        0.72820366        0.36872346        2.90000000        1.65401777
    34.36611316       45.21974150        0.73033786        0.36762853        2.90000000        1.65122308
    34.42501448       45.28957023        0.73247199        0.36653058        2.90000000        1.64843090
    34.48385116       45.35939896        0.73460602        0.36542961        2.90000000        1.64564123
    34.54262310       45.42922769        0.73673996        0.36432559        2.90000000        1.64285407
    34.60133023       45.49905642        0.73887378        0.36321852        2.90000000        1.64006942
    34.65997244       45.56888514        0.74100748        0.36210838        2.90000000        1.63728728
    34.71854965       45.63871387        0.74314104        0.36099517        2.90000000        1.63450764
    34.77706177       45.70854260        0.74527445        0.35987886        2.90000000        1.63173049
    34.83550870       45.77837133        0.74740769        0.35875946        2.90000000        1.62895585
    34.89389034       45.84820006        0.74954076        0.35763694        2.90000000        1.62618370
    34.95220659       45.91802879        0.75167364        0.35651129        2.90000000        1.62341404
    35.01045735       45.98785752        0.75380632        0.35538250        2.90000000        1.62064687
    35.06864251       46.05768625        0.75593879        0.35425057        2.90000000        1.61788220
    35.12676197       46.12751497        0.75807103        0.35311546        2.90000000        1.61512000
    35.18481563       46.19734370        0.76020303        0.35197718        2.90000000        1.61236030
    35.24280336       46.26717243        0.76233478        0.35083571        2.90000000        1.60960307
    35.30072507       46.33700116        0.76446627        0.34969104        2.90000000        1.60684833
    35.35858063       46.40682989        0.76659748        0.34854316        2.90000000        1.60409606
    35.41636993       46.47665862        0.76872841        0.34739204        2.90000000        1.60134627
    35.47409285       46.54648735        0.77085903        0.34623769        2.90000000        1.59859895
    35.53174928       46.61631607        0.77298934        0.34508008        2.90000000        1.59585411
    35.58933908       46.68614480        0.77511932        0.34391920        2.90000000        1.59311173
    35.64686213       46.75597353        0.77724896        0.34275504        2.90000000        1.59037183
    35.70431832       46.82580226        0.77937825        0.34158759        2.90000000        1.58763438
    35.76170750       46.89563099        0.78150718        0.34041683        2.90000000        1.58489940
    35.81902956       46.96545972        0.78363573        0.33924275        2.90000000        1.58216688
    35.87628435       47.03528845        0.78576390        0.33806534        2.90000000        1.57943683
    35.93347175       47.10511718        0.78789166        0.33688458        2.90000000        1.57670922
    35.99059161       47.17494590        0.79001901        0.33570046        2.90000000        1.57398408
    36.04764379       47.24477463        0.79214593        0.33451296        2.90000000        1.57126138
    36.10462817       47.31460336        0.79427241        0.33332208        2.90000000        1.56854114
    36.16154459       47.38443209        0.79639844        0.33212779        2.90000000        1.56582335
    36.21839290       47.45426082        0.79852401        0.33093009        2.90000000        1.56310801
    36.27517297       47.52408955        0.80064910        0.32972896        2.90000000        1.56039511
    36.33188464       47.59391828        0.80277370        0.32852438        2.90000000        1.55768466
    36.38852777       47.66374700        0.80489780        0.32731634        2.90000000        1.55497664
    36.44510219       47.73357573        0.80702138        0.32610483        2.90000000        1.55227107
    36.50160776       47.80340446        0.80914444        0.32488984        2.90000000        1.54956794
    36.55804431       47.87323319        0.81126696        0.32367134        2.90000000        1.54686724
    36.61441169       47.94306192        0.81338892        0.32244933        2.90000000        1.54416898
    36.67070973       48.01289065        0.81551032        0.32122378        2.90000000        1.54147315
    36.72693827       48.08271938        0.81763115        0.31999469        2.90000000        1.53877975
    36.78309715       48.15254811        0.81975139        0.31876204        2.90000000        1.53608878
    36.83918620       48.22237683        0.82187102        0.31752582        2.90000000        1.53340024
    36.89520523       48.29220556        0.82399004        0.31628601        2.90000000        1.53071413
    36.95115410       48.36203429        0.82610843        0.31504259        2.90000000        1.52803044
    37.00703262       48.43186302        0.82822618        0.31379555        2.90000000        1.52534917
    37.06284060       48.50169175        0.83034328        0.31254488        2.90000000        1.52267032
    37.11857788       48.57152048        0.83245972        0.31129056        2.90000000        1.51999389
    37.17424428       48.64134921        0.83457548        0.31003258        2.90000000        1.51731988
    37.22983961       48.71117793        0.83669055        0.30877091        2.90000000        1.51464828
    37.28536367       48.78100666        0.83880491        0.30750555        2.90000000        1.51197910
    37.34081630       48.85083539        0.84091857        0.30623648        2.90000000        1.50931233
    37.39619729       48.92066412        0.84303149        0.30496368        2.90000000        1.50664797
    37.45150646       48.99049285        0.84514368        0.30368713        2.90000000        1.50398603
    37.50674361       49.06032158        0.84725511        0.30240683        2.90000000        1.50132648
    37.56190854       49.13015031        0.84936578        0.30112276        2.90000000        1.49866935
    37.61700105       49.19997903        0.85147567        0.29983489        2.90000000        1.49601462
    37.67202096       49.26980776        0.85358477        0.29854322        2.90000000        1.49336229
    37.72696804       49.33963649        0.85569307        0.29724772        2.90000000        1.49071236
    37.78184210       49.40946522        0.85780055        0.29594839        2.90000000        1.48806484
    37.83664292       49.47929395        0.85990721        0.29464520        2.90000000        1.48541971
    37.89137031       49.54912268        0.86201303        0.29333814        2.90000000        1.48277698
    37.94602403       49.61895141        0.86411799        0.29202719        2.90000000        1.48013664
    38.00060389       49.68878014        0.86622209        0.29071234        2.90000000        1.47749870
    38.05510967       49.75860886        0.86832532        0.28939356        2.90000000        1.47486315
    38.10954113       49.82843759        0.87042765        0.28807085        2.90000000        1.47222999
    38.16389807       49.89826632        0.87252908        0.28674418        2.90000000        1.46959922
    38.21818026       49.96809505        0.87462960        0.28541354        2.90000000        1.46697084
    38.27238747       50.03792378        0.87672919        0.28407891        2.90000000        1.46434484
    38.32651948       50.10775251        0.87882784        0.28274027        2.90000000        1.46172123
    38.38057604       50.17758124        0.88092553        0.28139761        2.90000000        1.45910001
    38.43455694       50.24740996        0.88302227        0.28005091        2.90000000        1.45648117
    38.48846193       50.31723869        0.88511802        0.27870015        2.90000000        1.45386470
    38.54229077       50.38706742        0.88721279        0.27734531        2.90000000        1.45125062
    38.59604323       50.45689615        0.88930656        0.27598638        2.90000000        1.44863892
    38.64971906       50.52672488        0.89139931        0.27462334        2.90000000        1.44602959
    38.70331802       50.59655361        0.89349103        0.27325617        2.90000000        1.44342264
    38.75683985       50.66638234        0.89558172        0.27188485        2.90000000        1.44081807
    38.81028431       50.73621107        0.89767135        0.27050936        2.90000000        1.43821587
    38.86365114       50.80603979        0.89975992        0.26912969        2.90000000        1.43561604
    38.91694009       50.87586852        0.90184741        0.26774582        2.90000000        1.43301858
    38.97015091       50.94569725        0.90393382        0.26635773        2.90000000        1.43042349
    39.02328332       51.01552598        0.90601912        0.26496540        2.90000000        1.42783077
    39.07633707       51.08535471        0.90810331        0.26356881        2.90000000        1.42524042
    39.12931189       51.15518344        0.91018637        0.26216794        2.90000000        1.42265243
    39.18220752       51.22501217        0.91226830        0.26076278        2.90000000        1.42006681
    39.23502367       51.29484089        0.91434907        0.25935331        2.90000000        1.41748355
    39.28776009       51.36466962        0.91642868        0.25793950        2.90000000        1.41490266
    39.34041649       51.43449835        0.91850712        0.25652134        2.90000000        1.41232413
    39.39299260       51.50432708        0.92058436        0.25509880        2.90000000        1.40974795
    39.44548812       51.57415581        0.92266041        0.25367188        2.90000000        1.40717414
    39.49790279       51.64398454        0.92473524        0.25224054        2.90000000        1.40460268
    39.55023631       51.71381327        0.92680885        0.25080478        2.90000000        1.40203359
    39.60248840       51.78364200        0.92888122        0.24936456        2.90000000        1.39946684
    39.65465876       51.85347072        0.93095234        0.24791987        2.90000000        1.39690246
    39.70674709       51.92329945        0.93302220        0.24647070        2.90000000        1.39434043
    39.75875311       51.99312818        0.93509078        0.24501701        2.90000000        1.39178075
    39.81067651       52.06295691        0.93715808        0.24355880        2.90000000        1.38922342
    39.86251698       52.13278564        0.93922408        0.24209603        2.90000000        1.38666844
    39.91427423       52.20261437        0.94128876        0.24062869        2.90000000        1.38411582
    39.96594794       52.27244310        0.94335213        0.23915676        2.90000000        1.38156554
    40.01753780       52.34227182        0.94541415        0.23768022        2.90000000        1.37901761
    40.06904350       52.41210055        0.94747483        0.23619905        2.90000000        1.37647203
    40.12046473       52.48192928        0.94953415        0.23471322        2.90000000        1.37392880
    40.17180116       52.55175801        0.95159209        0.23322272        2.90000000        1.37138791
    40.22305247       52.62158674        0.95364865        0.23172752        2.90000000        1.36884936
    40.27421833       52.69141547        0.95570381        0.23022760        2.90000000        1.36631316
    40.32529841       52.76124420        0.95775756        0.22872295        2.90000000        1.36377931
    40.37629240       52.83107292        0.95980989        0.22721353        2.90000000        1.36124779
    40.42719994       52.90090165        0.96186078        0.22569934        2.90000000        1.35871862
    40.47802071       52.97073038        0.96391023        0.22418033        2.90000000        1.35619178
    40.52875436       53.04055911        0.96595821        0.22265651        2.90000000        1.35366729
    40.57940055       53.11038784        0.96800473        0.22112783        2.90000000        1.35114514
    40.62995894       53.18021657        0.97004976        0.21959429        2.90000000        1.34862532
    40.68042917       53.25004530        0.97209330        0.21805585        2.90000000        1.34610784
    40.73081089       53.31987403        0.97413533        0.21651250        2.90000000        1.34359270
    40.78110375       53.38970275        0.97617583        0.21496421        2.90000000        1.34107990
    40.83130739       53.45953148        0.97821481        0.21341096        2.90000000        1.33856943
    40.88142144       53.52936021        0.98025224        0.21185273        2.90000000        1.33606130
    40.93144555       53.59918894        0.98228811        0.21028950        2.90000000        1.33355550
    40.98137934       53.66901767        0.98432242        0.20872123        2.90000000        1.33105203
    41.03122245       53.73884640        0.98635514        0.20714791        2.90000000        1.32855090
    41.08097449       53.80867513        0.98838627        0.20556952        2.90000000        1.32605210
    41.13063509       53.87850385        0.99041580        0.20398603        2.90000000        1.32355563
    41.18020388       53.94833258        0.99244370        0.20239741        2.90000000        1.32106149
    41.22968046       54.01816131        0.99446998        0.20080365        2.90000000        1.31856969
    41.27906445       54.08799004        0.99649462        0.19920472        2.90000000        1.31608021
    41.32835546       54.15781877        0.99851760        0.19760059        2.90000000        1.31359307
    41.37755309       54.22764750        1.00053891        0.19599125        2.90000000        1.31110825
    41.42665695       54.29747623        1.00255855        0.19437666        2.90000000        1.30862576
    41.47566664       54.36730496        1.00457649        0.19275680        2.90000000        1.30614560
    41.52458175       54.43713368        1.00659273        0.19113165        2.90000000        1.30366777
    41.57340187       54.50696241        1.00860726        0.18950119        2.90000000        1.30119227
    41.62212659       54.57679114        1.01062006        0.18786538        2.90000000        1.29871909
    41.67075550       54.64661987        1.01263112        0.18622420        2.90000000        1.29624825
    41.71928818       54.71644860        1.01464043        0.18457764        2.90000000        1.29377972
    41.76772421       54.78627733        1.01664798        0.18292565        2.90000000        1.29131353
    41.81606316       54.85610606        1.01865375        0.18126822        2.90000000        1.28884966
    41.86430460       54.92593478        1.02065773        0.17960533        2.90000000        1.28638811
    41.91244811       54.99576351        1.02265992        0.17793693        2.90000000        1.28392890
    41.96049324       55.06559224        1.02466029        0.17626302        2.90000000        1.28147200
    42.00843955       55.13542097        1.02665884        0.17458356        2.90000000        1.27901743
    42.05628661       55.20524970        1.02865555        0.17289852        2.90000000        1.27656519
    42.10403396       55.27507843        1.03065042        0.17120789        2.90000000        1.27411527
    42.15168115       55.34490716        1.03264343        0.16951163        2.90000000        1.27166768
    42.19922773       55.41473589        1.03463456        0.16780971        2.90000000        1.26922241
    42.24667324       55.48456461        1.03662381        0.16610212        2.90000000        1.26677946
    42.29401722       55.55439334        1.03861117        0.16438881        2.90000000        1.26433884
    42.34125919       55.62422207        1.04059662        0.16266978        2.90000000        1.26190054
    42.38839870       55.69405080        1.04258015        0.16094497        2.90000000        1.25946457
    42.43543526       55.76387953        1.04456174        0.15921438        2.90000000        1.25703092
    42.48236840       55.83370826        1.04654140        0.15747798        2.90000000        1.25459959
    42.52919763       55.90353699        1.04851910        0.15573572        2.90000000        1.25217059
    42.57592247       55.97336571        1.05049483        0.15398759        2.90000000        1.24974391
    42.62254244       56.04319444        1.05246858        0.15223356        2.90000000        1.24731956
    42.66905702       56.11302317        1.05444034        0.15047360        2.90000000        1.24489753
    42.71546573       56.18285190        1.05641010        0.14870768        2.90000000        1.24247782
    42.76176806       56.25268063        1.05837785        0.14693577        2.90000000        1.24006044
    42.80796351       56.32250936        1.06034356        0.14515785        2.90000000        1.23764538
    42.85405156       56.39233809        1.06230724        0.14337387        2.90000000        1.23523265
    42.90003170       56.46216681        1.06426887        0.14158383        2.90000000        1.23282224
    42.94590341       56.53199554        1.06622843        0.13978767        2.90000000        1.23041416
    42.99166616       56.60182427        1.06818592        0.13798539        2.90000000        1.22800841
    43.03731944       56.67165300        1.07014133        0.13617693        2.90000000        1.22560497
    43.08286269       56.74148173        1.07209464        0.13436229        2.90000000        1.22320387
    43.12829539       56.81131046        1.07404583        0.13254141        2.90000000        1.22080509
    43.17361700       56.88113919        1.07599491        0.13071429        2.90000000        1.21840864
    43.21882696       56.95096792        1.07794185        0.12888087        2.90000000        1.21601451
    43.26392474       57.02079664        1.07988665        0.12704114        2.90000000        1.21362271
    43.30890976       57.09062537        1.08182929        0.12519506        2.90000000        1.21123324
    43.35378148       57.16045410        1.08376976        0.12334260        2.90000000        1.20884610
    43.39853933       57.23028283        1.08570805        0.12148374        2.90000000        1.20646128
    43.44318273       57.30011156        1.08764415        0.11961843        2.90000000        1.20407880
    43.48771112       57.36994029        1.08957805        0.11774664        2.90000000        1.20169864
    43.53212392       57.43976902        1.09150972        0.11586836        2.90000000        1.19932081
    43.57642053       57.50959774        1.09343918        0.11398353        2.90000000        1.19694532
    43.62060038       57.57942647        1.09536639        0.11209213        2.90000000        1.19457216
    43.66466288       57.64925520        1.09729135        0.11019413        2.90000000        1.19220132
    43.70860741       57.71908393        1.09921405        0.10828950        2.90000000        1.18983282
    43.75243338       57.78891266        1.10113448        0.10637820        2.90000000        1.18746666
    43.79614018       57.85874139        1.10305261        0.10446020        2.90000000        1.18510283
    43.83972720       57.92857012        1.10496846        0.10253546        2.90000000        1.18274133
    43.88319381       57.99839885        1.10688199        0.10060395        2.90000000        1.18038217
    43.92653940       58.06822757        1.10879320        0.09866565        2.90000000        1.17802534
    43.96976334       58.13805630        1.11070208        0.09672051        2.90000000        1.17567085
    44.01286499       58.20788503        1.11260861        0.09476849        2.90000000        1.17331870
    44.05584371       58.27771376        1.11451279        0.09280958        2.90000000        1.17096889
    44.09869886       58.34754249        1.11641460        0.09084372        2.90000000        1.16862142
    44.14142978       58.41737122        1.11831404        0.08887090        2.90000000        1.16627629
    44.18403583       58.48719995        1.12021108        0.08689106        2.90000000        1.16393350
    44.22651634       58.55702867        1.12210572        0.08490418        2.90000000        1.16159305
    44.26887064       58.62685740        1.12399795        0.08291023        2.90000000        1.15925494
    44.31109807       58.69668613        1.12588775        0.08090916        2.90000000        1.15691918
    44.35319794       58.76651486        1.12777511        0.07890094        2.90000000        1.15458577
    44.39516957       58.83634359        1.12966003        0.07688553        2.90000000        1.15225470
    44.43701228       58.90617232        1.13154249        0.07486290        2.90000000        1.14992599
    44.47872537       58.97600105        1.13342247        0.07283301        2.90000000        1.14759962
    44.52030813       59.04582978        1.13529997        0.07079583        2.90000000        1.14527560
    44.56175986       59.11565850        1.13717498        0.06875131        2.90000000        1.14295393
    44.60307985       59.18548723        1.13904748        0.06669943        2.90000000        1.14063461
    44.64426738       59.25531596        1.14091747        0.06464014        2.90000000        1.13831765
    44.68532173       59.32514469        1.14278492        0.06257340        2.90000000        1.13600305
    44.72624216       59.39497342        1.14464984        0.06049919        2.90000000        1.13369080
    44.76702795       59.46480215        1.14651221        0.05841745        2.90000000        1.13138091
    44.80767833       59.53463088        1.14837201        0.05632816        2.90000000        1.12907338
    44.84819258       59.60445960        1.15022923        0.05423127        2.90000000        1.12676821
    44.88856993       59.67428833        1.15208388        0.05212674        2.90000000        1.12446541
    44.92880962       59.74411706        1.15393592        0.05001454        2.90000000        1.12216497
    44.96891088       59.81394579        1.15578536        0.04789463        2.90000000        1.11986689
    45.00887294       59.88377452        1.15763217        0.04576696        2.90000000        1.11757118
    45.04869502       59.95360325        1.15947636        0.04363150        2.90000000        1.11527784
    45.08837632       60.02343198        1.16131790        0.04148821        2.90000000        1.11298688
    45.12791607       60.09326070        1.16315678        0.03933705        2.90000000        1.11069828
    45.16731344       60.16308943        1.16499301        0.03717797        2.90000000        1.10841206
    45.20656765       60.23291816        1.16682655        0.03501094        2.90000000        1.10612821
    45.24567786       60.30274689        1.16865741        0.03283592        2.90000000        1.10384675
    45.28464327       60.37257562        1.17048557        0.03065286        2.90000000        1.10156766
    45.32346303       60.44240435        1.17231102        0.02846173        2.90000000        1.09929095
    45.36213633       60.51223308        1.17413374        0.02626247        2.90000000        1.09701663
    45.40066231       60.58206181        1.17595374        0.02405506        2.90000000        1.09474469
    45.43904012       60.65189053        1.17777098        0.02183945        2.90000000        1.09247514
    45.47726892       60.72171926        1.17958548        0.01961559        2.90000000        1.09020799
    45.51534782       60.79154799        1.18139720        0.01738344        2.90000000        1.08794322
    45.55327597       60.86137672        1.18320615        0.01514297        2.90000000        1.08568084
    45.59105248       60.93120545        1.18501231        0.01289412        2.90000000        1.08342087
    45.62867647       61.00103418        1.18681567        0.01063686        2.90000000        1.08116329
    45.66614705       61.07086291        1.18861622        0.00837114        2.90000000        1.07890811
    45.70346330       61.14069163        1.19041394        0.00609691        2.90000000        1.07665533
    45.74062432       61.21052036        1.19220883        0.00381414        2.90000000        1.07440496
    45.77762921       61.28034909        1.19400088        0.00152278        2.90000000        1.07215700
    45.81447702       61.35017782        1.19579006       -0.00077722        2.90000000        1.06991145
    45.85116683       61.42000655        1.19757639       -0.00308590        2.90000000        1.06766830
    45.88769769       61.48983528        1.19935983       -0.00540331        2.90000000        1.06542758
    45.92406867       61.55966401        1.20114038       -0.00772949        2.90000000        1.06318927
    45.96027879       61.62949274        1.20291803       -0.01006448        2.90000000        1.06095338
    45.99632710       61.69932146        1.20469278       -0.01240834        2.90000000        1.05871992
    46.03221263       61.76915019        1.20646459       -0.01476111        2.90000000        1.05648888
    46.06793438       61.83897892        1.20823348       -0.01712283        2.90000000        1.05426026
    46.10349137       61.90880765        1.20999942       -0.01949356        2.90000000        1.05203408
    46.13888260       61.97863638        1.21176240       -0.02187334        2.90000000        1.04981033
    46.17410707       62.04846511        1.21352242       -0.02426221        2.90000000        1.04758902
    46.20916375       62.11829384        1.21527945       -0.02666022        2.90000000        1.04537015
    46.24405163       62.18812256        1.21703350       -0.02906743        2.90000000        1.04315372
    46.27876966       62.25795129        1.21878455       -0.03148388        2.90000000        1.04093974
    46.31331680       62.32778002        1.22053259       -0.03390962        2.90000000        1.03872820
    46.34769201       62.39760875        1.22227761       -0.03634469        2.90000000        1.03651912
    46.38189422       62.46743748        1.22401959       -0.03878915        2.90000000        1.03431249
    46.41592236       62.53726621        1.22575853       -0.04124305        2.90000000        1.03210832
    46.44977535       62.60709494        1.22749441       -0.04370643        2.90000000        1.02990661
    46.48345211       62.67692367        1.22922723       -0.04617934        2.90000000        1.02770736
    46.51695153       62.74675239        1.23095697       -0.04866184        2.90000000        1.02551058
    46.55027250       62.81658112        1.23268362       -0.05115397        2.90000000        1.02331628
    46.58341391       62.88640985        1.23440718       -0.05365579        2.90000000        1.02112444
    46.61637463       62.95623858        1.23612762       -0.05616734        2.90000000        1.01893509
    46.64915352       63.02606731        1.23784495       -0.05868869        2.90000000        1.01674821
    46.68174944       63.09589604        1.23955914       -0.06121987        2.90000000        1.01456382
    46.71416122       63.16572477        1.24127019       -0.06376094        2.90000000        1.01238192
    46.74638770       63.23555349        1.24297809       -0.06631195        2.90000000        1.01020252
    46.77842770       63.30538222        1.24468282       -0.06887296        2.90000000        1.00802561
    46.81028004       63.37521095        1.24638438       -0.07144401        2.90000000        1.00585119
    46.84194351       63.44503968        1.24808276       -0.07402517        2.90000000        1.00367929
    46.87341690       63.51486841        1.24977793       -0.07661648        2.90000000        1.00150989
    46.90469900       63.58469714        1.25146991       -0.07921799        2.90000000        0.99934300
    46.93578857       63.65452587        1.25315866       -0.08182977        2.90000000        0.99717862
    46.96668436       63.72435459        1.25484418       -0.08445186        2.90000000        0.99501677
    46.99738514       63.79418332        1.25652647       -0.08708432        2.90000000        0.99285744
    47.02788963       63.86401205        1.25820550       -0.08972720        2.90000000        0.99070064
    47.05819656       63.93384078        1.25988127       -0.09238056        2.90000000        0.98854637
    47.08830463       64.00366951        1.26155378       -0.09504446        2.90000000        0.98639464
    47.11821256       64.07349824        1.26322299       -0.09771894        2.90000000        0.98424544
    47.14791904       64.14332697        1.26488892       -0.10040407        2.90000000        0.98209880
    47.17742273       64.21315570        1.26655154       -0.10309990        2.90000000        0.97995470
    47.20672232       64.28298442        1.26821085       -0.10580649        2.90000000        0.97781316
    47.23581644       64.35281315        1.26986683       -0.10852389        2.90000000        0.97567417
    47.26470376       64.42264188        1.27151948       -0.11125216        2.90000000        0.97353775
    47.29338289       64.49247061        1.27316878       -0.11399137        2.90000000        0.97140390
    47.32185245       64.56229934        1.27481472       -0.11674155        2.90000000        0.96927262
    47.35011105       64.63212807        1.27645729       -0.11950278        2.90000000        0.96714391
    47.37815729       64.70195680        1.27809649       -0.12227511        2.90000000        0.96501779
    47.40598974       64.77178552        1.27973229       -0.12505861        2.90000000        0.96289426
    47.43360697       64.84161425        1.28136470       -0.12785332        2.90000000        0.96077332
    47.46100754       64.91144298        1.28299369       -0.13065931        2.90000000        0.95865498
    47.48818999       64.98127171        1.28461927       -0.13347663        2.90000000        0.95653924
    47.51515284       65.05110044        1.28624141       -0.13630536        2.90000000        0.95442611
    47.54189462       65.12092917        1.28786011       -0.13914554        2.90000000        0.95231559
    47.56841382       65.19075790        1.28947535       -0.14199723        2.90000000        0.95020769
    47.59470892       65.26058663        1.29108714       -0.14486051        2.90000000        0.94810241
    47.62077842       65.33041535        1.29269544       -0.14773542        2.90000000        0.94599977
    47.64662076       65.40024408        1.29430027       -0.15062203        2.90000000        0.94389975
    47.67223439       65.47007281        1.29590160       -0.15352040        2.90000000        0.94180238
    47.69761775       65.53990154        1.29749942       -0.15643059        2.90000000        0.93970766
    47.72276924       65.60973027        1.29909372       -0.15935267        2.90000000        0.93761558
    47.74768728       65.67955900        1.30068450       -0.16228670        2.90000000        0.93552617
    47.77237026       65.74938773        1.30227174       -0.16523273        2.90000000        0.93343942
    47.79681654       65.81921645        1.30385544       -0.16819083        2.90000000        0.93135533
    47.82102449       65.88904518        1.30543557       -0.17116107        2.90000000        0.92927393
    47.84499245       65.95887391        1.30701214       -0.17414351        2.90000000        0.92719520
    47.86871874       66.02870264        1.30858512       -0.17713820        2.90000000        0.92511917
    47.89220169       66.09853137        1.31015452       -0.18014523        2.90000000        0.92304582
    47.91543958       66.16836010        1.31172031       -0.18316464        2.90000000        0.92097518
    47.93843070       66.23818883        1.31328250       -0.18619651        2.90000000        0.91890724
    47.96117332       66.30801756        1.31484106       -0.18924089        2.90000000        0.91684202
    47.98366569       66.37784628        1.31639599       -0.19229786        2.90000000        0.91477952
    48.00590603       66.44767501        1.31794727       -0.19536748        2.90000000        0.91271974
    48.02789257       66.51750374        1.31949491       -0.19844981        2.90000000        0.91066270
    48.04962350       66.58733247        1.32103888       -0.20154492        2.90000000        0.90860839
    48.07109702       66.65716120        1.32257918       -0.20465288        2.90000000        0.90655684
    48.09231128       66.72698993        1.32411579       -0.20777375        2.90000000        0.90450803
    48.11326443       66.79681866        1.32564870       -0.21090760        2.90000000        0.90246199
    48.13395461       66.86664738        1.32717792       -0.21405449        2.90000000        0.90041871
    48.15437994       66.93647611        1.32870341       -0.21721450        2.90000000        0.89837821
    48.17453850       67.00630484        1.33022518       -0.22038769        2.90000000        0.89634049
    48.19442839       67.07613357        1.33174321       -0.22357412        2.90000000        0.89430557
    48.21404765       67.14596230        1.33325750       -0.22677387        2.90000000        0.89227343
    48.23339433       67.21579103        1.33476803       -0.22998701        2.90000000        0.89024410
    48.25246646       67.28561976        1.33627479       -0.23321359        2.90000000        0.88821759
    48.27126205       67.35544848        1.33777777       -0.23645370        2.90000000        0.88619389
    48.28977907       67.42527721        1.33927696       -0.23970739        2.90000000        0.88417302
    48.30801550       67.49510594        1.34077235       -0.24297474        2.90000000        0.88215499
    48.32596928       67.56493467        1.34226394       -0.24625582        2.90000000        0.88013980
    48.34363835       67.63476340        1.34375170       -0.24955070        2.90000000        0.87812745
    48.36102062       67.70459213        1.34523563       -0.25285944        2.90000000        0.87611797
    48.37811397       67.77442086        1.34671572       -0.25618211        2.90000000        0.87411136
    48.39491627       67.84424959        1.34819196       -0.25951879        2.90000000        0.87210762
    48.41142538       67.91407831        1.34966434       -0.26286955        2.90000000        0.87010676
    48.42763912       67.98390704        1.35113285       -0.26623445        2.90000000        0.86810880
    48.44355529       68.05373577        1.35259747       -0.26961357        2.90000000        0.86611374
    48.45917170       68.12356450        1.35405820       -0.27300697        2.90000000        0.86412159
    48.47448610       68.19339323        1.35551503       -0.27641473        2.90000000        0.86213235
    48.48949623       68.26322196        1.35696794       -0.27983692        2.90000000        0.86014604
    48.50419982       68.33305069        1.35841693       -0.28327361        2.90000000        0.85816267
    48.51859458       68.40287941        1.35986198       -0.28672488        2.90000000        0.85618225
    48.53267817       68.47270814        1.36130309       -0.29019078        2.90000000        0.85420477
    48.54644827       68.54253687        1.36274024       -0.29367140        2.90000000        0.85223026
    48.55990249       68.61236560        1.36417343       -0.29716680        2.90000000        0.85025873
    48.57303845       68.68219433        1.36560264       -0.30067706        2.90000000        0.84829017
    48.58585374       68.75202306        1.36702786       -0.30420225        2.90000000        0.84632461
    48.59834593       68.82185179        1.36844908       -0.30774244        2.90000000        0.84436204
    48.61051255       68.89168052        1.36986630       -0.31129770        2.90000000        0.84240249
    48.62235113       68.96150924        1.37127950       -0.31486811        2.90000000        0.84044596
    48.63385915       69.03133797        1.37268867       -0.31845374        2.90000000        0.83849246
    48.64503408       69.10116670        1.37409380       -0.32205466        2.90000000        0.83654200
    48.65587338       69.17099543        1.37549488       -0.32567094        2.90000000        0.83459459
    48.66637445       69.24082416        1.37689190       -0.32930265        2.90000000        0.83265024
    48.67653470       69.31065289        1.37828485       -0.33294987        2.90000000        0.83070896
    48.68635148       69.38048162        1.37967372       -0.33661267        2.90000000        0.82877076
    48.69582215       69.45031034        1.38105849       -0.34029112        2.90000000        0.82683565
    48.70494403       69.52013907        1.38243917       -0.34398530        2.90000000        0.82490365
    48.71371439       69.58996780        1.38381573       -0.34769527        2.90000000        0.82297476
    48.72213051       69.65979653        1.38518817       -0.35142111        2.90000000        0.82104899
    48.73018963       69.72962526        1.38655647       -0.35516290        2.90000000        0.81912636
    48.73788894       69.79945399        1.38792063       -0.35892070        2.90000000        0.81720688
    48.74522565       69.86928272        1.38928063       -0.36269458        2.90000000        0.81529055
    48.75219690       69.93911145        1.39063647       -0.36648462        2.90000000        0.81337739
    48.75879982       70.00894017        1.39198813       -0.37029089        2.90000000        0.81146741
    48.76503151       70.07876890        1.39333561       -0.37411346        2.90000000        0.80956062
    48.77088903       70.14859763        1.39467889       -0.37795241        2.90000000        0.80765703
    48.77636944       70.21842636        1.39601796       -0.38180780        2.90000000        0.80575666
    48.78146974       70.28825509        1.39735281       -0.38567971        2.90000000        0.80385952
    48.78618691       70.35808382        1.39868343       -0.38956820        2.90000000        0.80196562
    48.79051792       70.42791255        1.40000981       -0.39347336        2.90000000        0.80007496
    48.79445967       70.49774127        1.40133194       -0.39739524        2.90000000        0.79818757
    48.79800906       70.56757000        1.40264981       -0.40133392        2.90000000        0.79630345
    48.80116296       70.63739873        1.40396340       -0.40528948        2.90000000        0.79442263
    48.80391818       70.70722746        1.40527272       -0.40926197        2.90000000        0.79254510
    48.80627154       70.77705619        1.40657773       -0.41325148        2.90000000        0.79067088
    48.80821980       70.84688492        1.40787845       -0.41725807        2.90000000        0.78880000
    48.80975969       70.91671365        1.40917485       -0.42128180        2.90000000        0.78693245
    48.81088791       70.98654237        1.41046692       -0.42532275        2.90000000        0.78506825
    48.81160113       71.05637110        1.41175465       -0.42938099        2.90000000        0.78320741
    48.81189599       71.12619983        1.41303804       -0.43345658        2.90000000        0.78134996
