#  Theta paroi en deg Angle Choc en deg       Kp           Inverse Mach       Mach amont       Mach aval
     0.00000000       16.60154960        0.00000000        0.71428571        3.50000000
     1.45359588       16.60375155        0.00350581        0.71257526        3.50000000        3.49978825
     1.75768745       16.60683248        0.00480954        0.71194785        3.50000000        3.49949206
     2.08300895       16.61255031        0.00636700        0.71120431        3.50000000        3.49894258
     2.43338356       16.62266298        0.00821817        0.71032880        3.50000000        3.49797149
     2.79563447       16.63892844        0.01030903        0.70935045        3.50000000        3.49641151
     3.16222056       16.66310462        0.01259777        0.70829191        3.50000000        3.49409723
     3.53063653       16.69694946        0.01506508        0.70716486        3.50000000        3.49086619
     3.90099134       16.74222090        0.01770800        0.70597323        3.50000000        3.48656014
     4.27458447       16.80067688        0.02053440        0.70471614        3.50000000        3.48102647
     4.65321884       16.87407533        0.02355949        0.70338966        3.50000000        3.47411975
     4.97221302       16.94747378        0.02623144        0.70223370        3.50000000        3.46725825
     5.25252807       17.02087223        0.02867145        0.70119042        3.50000000        3.46044099
     5.50547404       17.09427068        0.03094655        0.70022787        3.50000000        3.45366701
     5.73790642       17.16766913        0.03309815        0.69932633        3.50000000        3.44693538
     5.95432016       17.24106758        0.03515378        0.69847267        3.50000000        3.44024519
     6.15783493       17.31446603        0.03713281        0.69765768        3.50000000        3.43359557
     6.35071140       17.38786448        0.03904939        0.69687460        3.50000000        3.42698566
     6.53464436       17.46126293        0.04091420        0.69611834        3.50000000        3.42041462
     6.71093961       17.53466138        0.04273555        0.69538492        3.50000000        3.41388165
     6.88062632       17.60805983        0.04452000        0.69467120        3.50000000        3.40738595
     7.04453110       17.68145828        0.04627287        0.69397463        3.50000000        3.40092675
     7.20332875       17.75485673        0.04799850        0.69329313        3.50000000        3.39450332
     7.35757777       17.82825518        0.04970048        0.69262496        3.50000000        3.38811491
     7.50774613       17.90165363        0.05138186        0.69196865        3.50000000        3.38176082
     7.65423014       17.97505208        0.05304520        0.69132295        3.50000000        3.37544035
     7.79736853       18.04845053        0.05469269        0.69068681        3.50000000        3.36915285
     7.93745336       18.12184898        0.05632623        0.69005928        3.50000000        3.36289764
     8.07473827       18.19524743        0.05794748        0.68943958        3.50000000        3.35667409
     8.20944514       18.26864588        0.05955786        0.68882697        3.50000000        3.35048157
     8.34176920       18.34204433        0.06115864        0.68822085        3.50000000        3.34431949
     8.47188324       18.41544279        0.06275094        0.68762065        3.50000000        3.33818725
     8.59994094       18.48884124        0.06433576        0.68702588        3.50000000        3.33208427
     8.72607971       18.56223969        0.06591398        0.68643609        3.50000000        3.32600999
     8.85042288       18.63563814        0.06748640        0.68585088        3.50000000        3.31996386
     8.97308160       18.70903659        0.06905373        0.68526989        3.50000000        3.31394536
     9.09415650       18.78243504        0.07061661        0.68469279        3.50000000        3.30795395
     9.21373887       18.85583349        0.07217563        0.68411928        3.50000000        3.30198914
     9.33191194       18.92923194        0.07373132        0.68354908        3.50000000        3.29605042
     9.44875168       19.00263039        0.07528415        0.68298195        3.50000000        3.29013732
     9.56432778       19.07602884        0.07683457        0.68241765        3.50000000        3.28424937
     9.67870422       19.14942729        0.07838299        0.68185598        3.50000000        3.27838610
     9.79193994       19.22282574        0.07992975        0.68129673        3.50000000        3.27254707
     9.90408939       19.29622419        0.08147522        0.68073972        3.50000000        3.26673183
    10.01520293       19.36962264        0.08301969        0.68018479        3.50000000        3.26093997
    10.12532726       19.44302109        0.08456346        0.67963177        3.50000000        3.25517107
    10.23450577       19.51641954        0.08610679        0.67908052        3.50000000        3.24942473
    10.34277889       19.58981799        0.08764992        0.67853091        3.50000000        3.24370053
    10.45018430       19.66321644        0.08919309        0.67798281        3.50000000        3.23799811
    10.55675722       19.73661489        0.09073650        0.67743609        3.50000000        3.23231708
    10.66253060       19.81001334        0.09228036        0.67689064        3.50000000        3.22665708
    10.76753532       19.88341179        0.09382483        0.67634636        3.50000000        3.22101774
    10.87180038       19.95681024        0.09537011        0.67580316        3.50000000        3.21539871
    10.97535305       20.03020869        0.09691633        0.67526092        3.50000000        3.20979965
    11.07821897       20.10360714        0.09846366        0.67471958        3.50000000        3.20422023
    11.18042235       20.17700559        0.10001222        0.67417904        3.50000000        3.19866012
    11.28198600       20.25040405        0.10156216        0.67363921        3.50000000        3.19311899
    11.38293149       20.32380250        0.10311358        0.67310004        3.50000000        3.18759655
    11.48327923       20.39720095        0.10466661        0.67256145        3.50000000        3.18209248
    11.58304857       20.47059940        0.10622135        0.67202336        3.50000000        3.17660649
    11.68225780       20.54399785        0.10777789        0.67148572        3.50000000        3.17113828
    11.78092432       20.61739630        0.10933634        0.67094846        3.50000000        3.16568758
    11.87906465       20.69079475        0.11089679        0.67041153        3.50000000        3.16025410
    11.97669451       20.76419320        0.11245930        0.66987487        3.50000000        3.15483758
    12.07382883       20.83759165        0.11402397        0.66933842        3.50000000        3.14943775
    12.17048188       20.91099010        0.11559087        0.66880214        3.50000000        3.14405436
    12.26666723       20.98438855        0.11716006        0.66826597        3.50000000        3.13868714
    12.36239783       21.05778700        0.11873161        0.66772987        3.50000000        3.13333586
    12.45768607       21.13118545        0.12030558        0.66719380        3.50000000        3.12800027
    12.55254377       21.20458390        0.12188202        0.66665771        3.50000000        3.12268014
    12.64698225       21.27798235        0.12346101        0.66612156        3.50000000        3.11737523
    12.74101235       21.35138080        0.12504257        0.66558532        3.50000000        3.11208532
    12.83464442       21.42477925        0.12662677        0.66504894        3.50000000        3.10681020
    12.92788842       21.49817770        0.12821365        0.66451238        3.50000000        3.10154964
    13.02075388       21.57157615        0.12980325        0.66397562        3.50000000        3.09630344
    13.11324995       21.64497460        0.13139561        0.66343861        3.50000000        3.09107139
    13.20538542       21.71837305        0.13299077        0.66290134        3.50000000        3.08585329
    13.29716875       21.79177150        0.13458876        0.66236375        3.50000000        3.08064895
    13.38860804       21.86516995        0.13618963        0.66182583        3.50000000        3.07545816
    13.47971110       21.93856840        0.13779340        0.66128755        3.50000000        3.07028075
    13.57048548       22.01196685        0.13940010        0.66074887        3.50000000        3.06511654
    13.66093839       22.08536531        0.14100976        0.66020977        3.50000000        3.05996533
    13.75107683       22.15876376        0.14262241        0.65967022        3.50000000        3.05482695
    13.84090751       22.23216221        0.14423807        0.65913021        3.50000000        3.04970124
    13.93043693       22.30556066        0.14585677        0.65858969        3.50000000        3.04458803
    14.01967135       22.37895911        0.14747853        0.65804865        3.50000000        3.03948715
    14.10861682       22.45235756        0.14910337        0.65750707        3.50000000        3.03439843
    14.19727918       22.52575601        0.15073131        0.65696492        3.50000000        3.02932173
    14.28566406       22.59915446        0.15236236        0.65642218        3.50000000        3.02425690
    14.37377693       22.67255291        0.15399656        0.65587883        3.50000000        3.01920377
    14.46162306       22.74595136        0.15563390        0.65533484        3.50000000        3.01416220
    14.54920756       22.81934981        0.15727441        0.65479021        3.50000000        3.00913205
    14.63653536       22.89274826        0.15891811        0.65424490        3.50000000        3.00411318
    14.72361127       22.96614671        0.16056500        0.65369891        3.50000000        2.99910546
    14.81043989       23.03954516        0.16221509        0.65315221        3.50000000        2.99410873
    14.89702574       23.11294361        0.16386841        0.65260478        3.50000000        2.98912288
    14.98337317       23.18634206        0.16552495        0.65205661        3.50000000        2.98414778
    15.06948640       23.25974051        0.16718474        0.65150767        3.50000000        2.97918329
    15.15536952       23.33313896        0.16884777        0.65095796        3.50000000        2.97422930
    15.24102651       23.40653741        0.17051406        0.65040746        3.50000000        2.96928568
    15.32646124       23.47993586        0.17218361        0.64985614        3.50000000        2.96435232
    15.41167743       23.55333431        0.17385643        0.64930400        3.50000000        2.95942910
    15.49667875       23.62673276        0.17553253        0.64875102        3.50000000        2.95451590
    15.58146873       23.70013121        0.17721192        0.64819719        3.50000000        2.94961262
    15.66605079       23.77352966        0.17889459        0.64764248        3.50000000        2.94471915
    15.75042829       23.84692811        0.18058056        0.64708690        3.50000000        2.93983538
    15.83460448       23.92032657        0.18226983        0.64653041        3.50000000        2.93496120
    15.91858251       23.99372502        0.18396239        0.64597302        3.50000000        2.93009652
    16.00236547       24.06712347        0.18565826        0.64541470        3.50000000        2.92524124
    16.08595635       24.14052192        0.18735744        0.64485544        3.50000000        2.92039525
    16.16935806       24.21392037        0.18905992        0.64429524        3.50000000        2.91555847
    16.25257345       24.28731882        0.19076572        0.64373408        3.50000000        2.91073080
    16.33560527       24.36071727        0.19247482        0.64317194        3.50000000        2.90591214
    16.41845623       24.43411572        0.19418724        0.64260881        3.50000000        2.90110241
    16.50112895       24.50751417        0.19590297        0.64204469        3.50000000        2.89630153
    16.58362600       24.58091262        0.19762202        0.64147956        3.50000000        2.89150939
    16.66594985       24.65431107        0.19934437        0.64091341        3.50000000        2.88672593
    16.74810296       24.72770952        0.20107004        0.64034623        3.50000000        2.88195105
    16.83008769       24.80110797        0.20279902        0.63977801        3.50000000        2.87718468
    16.91190637       24.87450642        0.20453131        0.63920874        3.50000000        2.87242674
    16.99356125       24.94790487        0.20626690        0.63863840        3.50000000        2.86767715
    17.07505453       25.02130332        0.20800581        0.63806699        3.50000000        2.86293583
    17.15638838       25.09470177        0.20974801        0.63749450        3.50000000        2.85820272
    17.23756489       25.16810022        0.21149352        0.63692092        3.50000000        2.85347773
    17.31858612       25.24149867        0.21324232        0.63634623        3.50000000        2.84876080
    17.39945408       25.31489712        0.21499442        0.63577043        3.50000000        2.84405186
    17.48017073       25.38829557        0.21674980        0.63519351        3.50000000        2.83935083
    17.56073797       25.46169402        0.21850848        0.63461546        3.50000000        2.83465766
    17.64115770       25.53509247        0.22027044        0.63403627        3.50000000        2.82997228
    17.72143173       25.60849092        0.22203568        0.63345593        3.50000000        2.82529461
    17.80156185       25.68188938        0.22380420        0.63287443        3.50000000        2.82062461
    17.88154982       25.75528783        0.22557598        0.63229176        3.50000000        2.81596220
    17.96139735       25.82868628        0.22735104        0.63170792        3.50000000        2.81130733
    18.04110610       25.90208473        0.22912935        0.63112290        3.50000000        2.80665994
    18.12067773       25.97548318        0.23091092        0.63053669        3.50000000        2.80201997
    18.20011383       26.04888163        0.23269574        0.62994927        3.50000000        2.79738736
    18.27941597       26.12228008        0.23448380        0.62936065        3.50000000        2.79276206
    18.35858568       26.19567853        0.23627510        0.62877080        3.50000000        2.78814401
    18.43762448       26.26907698        0.23806964        0.62817974        3.50000000        2.78353316
    18.51653381       26.34247543        0.23986740        0.62758744        3.50000000        2.77892946
    18.59531515       26.41587388        0.24166839        0.62699390        3.50000000        2.77433286
    18.67396989       26.48927233        0.24347258        0.62639912        3.50000000        2.76974330
    18.75249941       26.56267078        0.24527999        0.62580307        3.50000000        2.76516074
    18.83090507       26.63606923        0.24709060        0.62520577        3.50000000        2.76058512
    18.90918820       26.70946768        0.24890440        0.62460719        3.50000000        2.75601641
    18.98735009       26.78286613        0.25072138        0.62400734        3.50000000        2.75145455
    19.06539202       26.85626458        0.25254155        0.62340620        3.50000000        2.74689950
    19.14331525       26.92966303        0.25436489        0.62280377        3.50000000        2.74235122
    19.22112097       27.00306148        0.25619139        0.62220003        3.50000000        2.73780966
    19.29881042       27.07645993        0.25802105        0.62159500        3.50000000        2.73327477
    19.37638476       27.14985838        0.25985386        0.62098864        3.50000000        2.72874652
    19.45384514       27.22325683        0.26168981        0.62038097        3.50000000        2.72422487
    19.53119269       27.29665528        0.26352889        0.61977197        3.50000000        2.71970977
    19.60842852       27.37005373        0.26537110        0.61916163        3.50000000        2.71520118
    19.68555372       27.44345218        0.26721643        0.61854996        3.50000000        2.71069907
    19.76256937       27.51685064        0.26906486        0.61793693        3.50000000        2.70620340
    19.83947650       27.59024909        0.27091640        0.61732255        3.50000000        2.70171413
    19.91627615       27.66364754        0.27277103        0.61670681        3.50000000        2.69723122
    19.99296931       27.73704599        0.27462874        0.61608970        3.50000000        2.69275464
    20.06955699       27.81044444        0.27648952        0.61547122        3.50000000        2.68828436
    20.14604016       27.88384289        0.27835337        0.61485136        3.50000000        2.68382033
    20.22241976       27.95724134        0.28022028        0.61423010        3.50000000        2.67936252
    20.29869673       28.03063979        0.28209023        0.61360746        3.50000000        2.67491091
    20.37487200       28.10403824        0.28396323        0.61298341        3.50000000        2.67046546
    20.45094647       28.17743669        0.28583925        0.61235796        3.50000000        2.66602613
    20.52692101       28.25083514        0.28771829        0.61173110        3.50000000        2.66159290
    20.60279650       28.32423359        0.28960034        0.61110282        3.50000000        2.65716573
    20.67857379       28.39763204        0.29148539        0.61047311        3.50000000        2.65274460
    20.75425373       28.47103049        0.29337343        0.60984197        3.50000000        2.64832947
    20.82983714       28.54442894        0.29526446        0.60920939        3.50000000        2.64392032
    20.90532482       28.61782739        0.29715845        0.60857537        3.50000000        2.63951711
    20.98071757       28.69122584        0.29905541        0.60793990        3.50000000        2.63511982
    21.05601617       28.76462429        0.30095532        0.60730298        3.50000000        2.63072843
    21.13122139       28.83802274        0.30285817        0.60666459        3.50000000        2.62634290
    21.20633398       28.91142119        0.30476396        0.60602473        3.50000000        2.62196321
    21.28135469       28.98481964        0.30667266        0.60538340        3.50000000        2.61758933
    21.35628423       29.05821809        0.30858428        0.60474060        3.50000000        2.61322123
    21.43112334       29.13161654        0.31049880        0.60409630        3.50000000        2.60885890
    21.50587270       29.20501499        0.31241621        0.60345052        3.50000000        2.60450231
    21.58053301       29.27841344        0.31433650        0.60280323        3.50000000        2.60015142
    21.65510495       29.35181190        0.31625966        0.60215445        3.50000000        2.59580623
    21.72958919       29.42521035        0.31818567        0.60150415        3.50000000        2.59146671
    21.80398638       29.49860880        0.32011454        0.60085234        3.50000000        2.58713282
    21.87829717       29.57200725        0.32204625        0.60019901        3.50000000        2.58280456
    21.95252218       29.64540570        0.32398078        0.59954416        3.50000000        2.57848189
    22.02666206       29.71880415        0.32591813        0.59888777        3.50000000        2.57416481
    22.10071740       29.79220260        0.32785829        0.59822984        3.50000000        2.56985327
    22.17468881       29.86560105        0.32980124        0.59757037        3.50000000        2.56554728
    22.24857688       29.93899950        0.33174698        0.59690935        3.50000000        2.56124679
    22.32238219       30.01239795        0.33369549        0.59624677        3.50000000        2.55695180
    22.39610533       30.08579640        0.33564676        0.59558263        3.50000000        2.55266229
    22.46974685       30.15919485        0.33760078        0.59491693        3.50000000        2.54837823
    22.54330730       30.23259330        0.33955754        0.59424965        3.50000000        2.54409960
    22.61678722       30.30599175        0.34151703        0.59358080        3.50000000        2.53982639
    22.69018717       30.37939020        0.34347924        0.59291036        3.50000000        2.53555858
    22.76350765       30.45278865        0.34544415        0.59223833        3.50000000        2.53129615
    22.83674919       30.52618710        0.34741176        0.59156471        3.50000000        2.52703909
    22.90991231       30.59958555        0.34938205        0.59088948        3.50000000        2.52278736
    22.98299748       30.67298400        0.35135502        0.59021265        3.50000000        2.51854097
    23.05600523       30.74638245        0.35333064        0.58953421        3.50000000        2.51429988
    23.12893602       30.81978090        0.35530891        0.58885414        3.50000000        2.51006409
    23.20179034       30.89317935        0.35728982        0.58817246        3.50000000        2.50583357
    23.27456865       30.96657780        0.35927336        0.58748914        3.50000000        2.50160832
    23.34727142       31.03997625        0.36125950        0.58680419        3.50000000        2.49738831
    23.41989910       31.11337470        0.36324826        0.58611760        3.50000000        2.49317353
    23.49245213       31.18677316        0.36523960        0.58542937        3.50000000        2.48896396
    23.56493096       31.26017161        0.36723352        0.58473948        3.50000000        2.48475960
    23.63733601       31.33357006        0.36923000        0.58404793        3.50000000        2.48056041
    23.70966772       31.40696851        0.37122904        0.58335472        3.50000000        2.47636640
    23.78192649       31.48036696        0.37323063        0.58265984        3.50000000        2.47217754
    23.85411275       31.55376541        0.37523474        0.58196328        3.50000000        2.46799382
    23.92622688       31.62716386        0.37724137        0.58126505        3.50000000        2.46381523
    23.99826931       31.70056231        0.37925051        0.58056512        3.50000000        2.45964175
    24.07024041       31.77396076        0.38126215        0.57986351        3.50000000        2.45547337
    24.14214057       31.84735921        0.38327627        0.57916020        3.50000000        2.45131007
    24.21397017       31.92075766        0.38529285        0.57845518        3.50000000        2.44715185
    24.28572958       31.99415611        0.38731190        0.57774846        3.50000000        2.44299869
    24.35741917       32.06755456        0.38933339        0.57704002        3.50000000        2.43885057
    24.42903929       32.14095301        0.39135732        0.57632986        3.50000000        2.43470749
    24.50059031       32.21435146        0.39338366        0.57561797        3.50000000        2.43056943
    24.57207258       32.28774991        0.39541242        0.57490435        3.50000000        2.42643638
    24.64348642       32.36114836        0.39744357        0.57418900        3.50000000        2.42230833
    24.71483219       32.43454681        0.39947711        0.57347190        3.50000000        2.41818526
    24.78611021       32.50794526        0.40151302        0.57275304        3.50000000        2.41406717
    24.85732082       32.58134371        0.40355129        0.57203244        3.50000000        2.40995404
    24.92846433       32.65474216        0.40559191        0.57131007        3.50000000        2.40584586
    24.99954105       32.72814061        0.40763486        0.57058594        3.50000000        2.40174261
    25.07055130       32.80153906        0.40968013        0.56986003        3.50000000        2.39764430
    25.14149539       32.87493751        0.41172771        0.56913234        3.50000000        2.39355091
    25.21237361       32.94833596        0.41377759        0.56840287        3.50000000        2.38946242
    25.28318626       33.02173442        0.41582975        0.56767161        3.50000000        2.38537883
    25.35393363       33.09513287        0.41788419        0.56693855        3.50000000        2.38130012
    25.42461601       33.16853132        0.41994088        0.56620369        3.50000000        2.37722629
    25.49523367       33.24192977        0.42199982        0.56546702        3.50000000        2.37315732
    25.56578690       33.31532822        0.42406099        0.56472854        3.50000000        2.36909321
    25.63627595       33.38872667        0.42612439        0.56398823        3.50000000        2.36503394
    25.70670111       33.46212512        0.42818999        0.56324610        3.50000000        2.36097951
    25.77706264       33.53552357        0.43025778        0.56250214        3.50000000        2.35692990
    25.84736078       33.60892202        0.43232776        0.56175634        3.50000000        2.35288511
    25.91759579       33.68232047        0.43439991        0.56100869        3.50000000        2.34884513
    25.98776793       33.75571892        0.43647421        0.56025920        3.50000000        2.34480994
    26.05787744       33.82911737        0.43855065        0.55950785        3.50000000        2.34077954
    26.12792456       33.90251582        0.44062923        0.55875463        3.50000000        2.33675391
    26.19790951       33.97591427        0.44270992        0.55799955        3.50000000        2.33273306
    26.26783255       34.04931272        0.44479272        0.55724259        3.50000000        2.32871696
    26.33769389       34.12271117        0.44687761        0.55648375        3.50000000        2.32470562
    26.40749376       34.19610962        0.44896458        0.55572302        3.50000000        2.32069902
    26.47723238       34.26950807        0.45105361        0.55496040        3.50000000        2.31669715
    26.54690996       34.34290652        0.45314469        0.55419587        3.50000000        2.31270001
    26.61652672       34.41630497        0.45523782        0.55342945        3.50000000        2.30870758
    26.68608287       34.48970342        0.45733296        0.55266111        3.50000000        2.30471986
    26.75557861       34.56310187        0.45943012        0.55189085        3.50000000        2.30073684
    26.82501414       34.63650032        0.46152928        0.55111867        3.50000000        2.29675852
    26.89438966       34.70989877        0.46363043        0.55034455        3.50000000        2.29278487
    26.96370536       34.78329722        0.46573355        0.54956850        3.50000000        2.28881591
    27.03296143       34.85669568        0.46783863        0.54879050        3.50000000        2.28485160
    27.10215805       34.93009413        0.46994565        0.54801056        3.50000000        2.28089196
    27.17129543       35.00349258        0.47205461        0.54722865        3.50000000        2.27693697
    27.24037372       35.07689103        0.47416549        0.54644478        3.50000000        2.27298662
    27.30939311       35.15028948        0.47627827        0.54565895        3.50000000        2.26904091
    27.37835377       35.22368793        0.47839294        0.54487113        3.50000000        2.26509983
    27.44725587       35.29708638        0.48050950        0.54408134        3.50000000        2.26116337
    27.51609957       35.37048483        0.48262792        0.54328955        3.50000000        2.25723152
    27.58488504       35.44388328        0.48474819        0.54249577        3.50000000        2.25330428
    27.65361244       35.51728173        0.48687031        0.54169998        3.50000000        2.24938163
    27.72228192       35.59068018        0.48899424        0.54090219        3.50000000        2.24546358
    27.79089363       35.66407863        0.49112000        0.54010238        3.50000000        2.24155011
    27.85944773       35.73747708        0.49324754        0.53930054        3.50000000        2.23764121
    27.92794436       35.81087553        0.49537688        0.53849668        3.50000000        2.23373689
    27.99638367       35.88427398        0.49750798        0.53769078        3.50000000        2.22983712
    28.06476579       35.95767243        0.49964085        0.53688283        3.50000000        2.22594192
    28.13309087       36.03107088        0.50177546        0.53607284        3.50000000        2.22205126
    28.20135904       36.10446933        0.50391179        0.53526079        3.50000000        2.21816514
    28.26957042       36.17786778        0.50604985        0.53444667        3.50000000        2.21428355
    28.33772516       36.25126623        0.50818961        0.53363049        3.50000000        2.21040650
    28.40582336       36.32466468        0.51033106        0.53281223        3.50000000        2.20653396
    28.47386517       36.39806313        0.51247418        0.53199188        3.50000000        2.20266594
    28.54185069       36.47146158        0.51461897        0.53116944        3.50000000        2.19880242
    28.60978004       36.54486003        0.51676541        0.53034490        3.50000000        2.19494341
    28.67765334       36.61825848        0.51891348        0.52951826        3.50000000        2.19108889
    28.74547070       36.69165694        0.52106317        0.52868950        3.50000000        2.18723886
    28.81323223       36.76505539        0.52321447        0.52785862        3.50000000        2.18339330
    28.88093804       36.83845384        0.52536737        0.52702562        3.50000000        2.17955222
    28.94858822       36.91185229        0.52752184        0.52619048        3.50000000        2.17571561
    29.01618288       36.98525074        0.52967788        0.52535319        3.50000000        2.17188346
    29.08372212       37.05864919        0.53183547        0.52451376        3.50000000        2.16805577
    29.15120603       37.13204764        0.53399460        0.52367218        3.50000000        2.16423252
    29.21863471       37.20544609        0.53615526        0.52282842        3.50000000        2.16041372
    29.28600824       37.27884454        0.53831743        0.52198250        3.50000000        2.15659935
    29.35332671       37.35224299        0.54048109        0.52113440        3.50000000        2.15278941
    29.42059021       37.42564144        0.54264624        0.52028411        3.50000000        2.14898390
    29.48779883       37.49903989        0.54481285        0.51943163        3.50000000        2.14518280
    29.55495264       37.57243834        0.54698092        0.51857695        3.50000000        2.14138611
    29.62205171       37.64583679        0.54915043        0.51772005        3.50000000        2.13759383
    29.68909613       37.71923524        0.55132137        0.51686095        3.50000000        2.13380595
    29.75608596       37.79263369        0.55349372        0.51599961        3.50000000        2.13002246
    29.82302128       37.86603214        0.55566748        0.51513605        3.50000000        2.12624335
    29.88990216       37.93943059        0.55784261        0.51427024        3.50000000        2.12246863
    29.95672866       38.01282904        0.56001912        0.51340219        3.50000000        2.11869828
    30.02350084       38.08622749        0.56219699        0.51253189        3.50000000        2.11493230
    30.09021877       38.15962594        0.56437620        0.51165932        3.50000000        2.11117068
    30.15688249       38.23302439        0.56655673        0.51078448        3.50000000        2.10741342
    30.22349208       38.30642284        0.56873859        0.50990735        3.50000000        2.10366051
    30.29004759       38.37982129        0.57092174        0.50902795        3.50000000        2.09991195
    30.35654906       38.45321974        0.57310618        0.50814625        3.50000000        2.09616772
    30.42299654       38.52661820        0.57529189        0.50726224        3.50000000        2.09242783
    30.48939008       38.60001665        0.57747887        0.50637592        3.50000000        2.08869226
    30.55572973       38.67341510        0.57966708        0.50548729        3.50000000        2.08496102
    30.62201553       38.74681355        0.58185653        0.50459633        3.50000000        2.08123409
    30.68824752       38.82021200        0.58404720        0.50370303        3.50000000        2.07751147
    30.75442573       38.89361045        0.58623906        0.50280738        3.50000000        2.07379316
    30.82055022       38.96700890        0.58843212        0.50190939        3.50000000        2.07007914
    30.88662099       39.04040735        0.59062634        0.50100903        3.50000000        2.06636942
    30.95263810       39.11380580        0.59282173        0.50010631        3.50000000        2.06266398
    31.01860156       39.18720425        0.59501827        0.49920121        3.50000000        2.05896283
    31.08451141       39.26060270        0.59721593        0.49829372        3.50000000        2.05526595
    31.15036768       39.33400115        0.59941471        0.49738383        3.50000000        2.05157334
    31.21617037       39.40739960        0.60161460        0.49647155        3.50000000        2.04788499
    31.28191953       39.48079805        0.60381557        0.49555685        3.50000000        2.04420091
    31.34761516       39.55419650        0.60601762        0.49463973        3.50000000        2.04052107
    31.41325728       39.62759495        0.60822073        0.49372018        3.50000000        2.03684549
    31.47884590       39.70099340        0.61042488        0.49279820        3.50000000        2.03317414
    31.54438104       39.77439185        0.61263006        0.49187376        3.50000000        2.02950703
    31.60986272       39.84779030        0.61483626        0.49094687        3.50000000        2.02584416
    31.67529094       39.92118875        0.61704347        0.49001752        3.50000000        2.02218550
    31.74066569       39.99458720        0.61925166        0.48908569        3.50000000        2.01853107
    31.80598700       40.06798565        0.62146083        0.48815138        3.50000000        2.01488085
    31.87125487       40.14138410        0.62367096        0.48721458        3.50000000        2.01123484
    31.93646929       40.21478255        0.62588203        0.48627528        3.50000000        2.00759304
    32.00163025       40.28818100        0.62809404        0.48533347        3.50000000        2.00395543
    32.06673777       40.36157946        0.63030696        0.48438913        3.50000000        2.00032201
    32.13179183       40.43497791        0.63252078        0.48344227        3.50000000        1.99669278
    32.19679243       40.50837636        0.63473549        0.48249287        3.50000000        1.99306773
    32.26173955       40.58177481        0.63695108        0.48154093        3.50000000        1.98944685
    32.32663319       40.65517326        0.63916752        0.48058643        3.50000000        1.98583015
    32.39147333       40.72857171        0.64138481        0.47962936        3.50000000        1.98221761
    32.45625996       40.80197016        0.64360293        0.47866971        3.50000000        1.97860923
    32.52099306       40.87536861        0.64582187        0.47770748        3.50000000        1.97500500
    32.58567261       40.94876706        0.64804161        0.47674266        3.50000000        1.97140492
    32.65029860       41.02216551        0.65026213        0.47577523        3.50000000        1.96780899
    32.71487099       41.09556396        0.65248343        0.47480519        3.50000000        1.96421719
    32.77938976       41.16896241        0.65470549        0.47383252        3.50000000        1.96062953
    32.84385489       41.24236086        0.65692829        0.47285722        3.50000000        1.95704599
    32.90826635       41.31575931        0.65915182        0.47187927        3.50000000        1.95346657
    32.97262411       41.38915776        0.66137607        0.47089867        3.50000000        1.94989127
    33.03692813       41.46255621        0.66360101        0.46991541        3.50000000        1.94632008
    33.10117839       41.53595466        0.66582664        0.46892947        3.50000000        1.94275299
    33.16537483       41.60935311        0.66805295        0.46794085        3.50000000        1.93919001
    33.22951744       41.68275156        0.67027991        0.46694953        3.50000000        1.93563112
    33.29360617       41.75615001        0.67250751        0.46595551        3.50000000        1.93207631
    33.35764097       41.82954846        0.67473574        0.46495877        3.50000000        1.92852560
    33.42162180       41.90294691        0.67696459        0.46395931        3.50000000        1.92497896
    33.48554863       41.97634536        0.67919403        0.46295712        3.50000000        1.92143639
    33.54942139       42.04974381        0.68142406        0.46195217        3.50000000        1.91789789
    33.61324004       42.12314226        0.68365466        0.46094447        3.50000000        1.91436346
    33.67700453       42.19654072        0.68588581        0.45993400        3.50000000        1.91083308
    33.74071481       42.26993917        0.68811751        0.45892076        3.50000000        1.90730675
    33.80437083       42.34333762        0.69034973        0.45790472        3.50000000        1.90378447
    33.86797252       42.41673607        0.69258246        0.45688589        3.50000000        1.90026623
    33.93151983       42.49013452        0.69481569        0.45586425        3.50000000        1.89675203
    33.99501269       42.56353297        0.69704941        0.45483978        3.50000000        1.89324186
    34.05845105       42.63693142        0.69928359        0.45381248        3.50000000        1.88973571
    34.12183485       42.71032987        0.70151822        0.45278234        3.50000000        1.88623359
    34.18516401       42.78372832        0.70375330        0.45174934        3.50000000        1.88273548
    34.24843847       42.85712677        0.70598879        0.45071348        3.50000000        1.87924138
    34.31165816       42.93052522        0.70822470        0.44967474        3.50000000        1.87575128
    34.37482301       43.00392367        0.71046100        0.44863311        3.50000000        1.87226518
    34.43793294       43.07732212        0.71269769        0.44758859        3.50000000        1.86878308
    34.50098789       43.15072057        0.71493474        0.44654115        3.50000000        1.86530496
    34.56398777       43.22411902        0.71717214        0.44549079        3.50000000        1.86183083
    34.62693251       43.29751747        0.71940988        0.44443749        3.50000000        1.85836068
    34.68982202       43.37091592        0.72164794        0.44338125        3.50000000        1.85489450
    34.75265622       43.44431437        0.72388630        0.44232205        3.50000000        1.85143228
    34.81543504       43.51771282        0.72612496        0.44125989        3.50000000        1.84797403
    34.87815838       43.59111127        0.72836390        0.44019474        3.50000000        1.84451974
    34.94082616       43.66450972        0.73060311        0.43912659        3.50000000        1.84106940
    35.00343828       43.73790817        0.73284256        0.43805545        3.50000000        1.83762301
    35.06599466       43.81130662        0.73508224        0.43698128        3.50000000        1.83418055
    35.12849520       43.88470507        0.73732215        0.43590409        3.50000000        1.83074204
    35.19093981       43.95810352        0.73956226        0.43482385        3.50000000        1.82730745
    35.25332840       44.03150198        0.74180256        0.43374056        3.50000000        1.82387679
    35.31566085       44.10490043        0.74404304        0.43265421        3.50000000        1.82045005
    35.37793708       44.17829888        0.74628368        0.43156478        3.50000000        1.81702723
    35.44015698       44.25169733        0.74852446        0.43047225        3.50000000        1.81360832
    35.50232044       44.32509578        0.75076538        0.42937662        3.50000000        1.81019331
    35.56442737       44.39849423        0.75300641        0.42827788        3.50000000        1.80678221
    35.62647765       44.47189268        0.75524755        0.42717601        3.50000000        1.80337500
    35.68847117       44.54529113        0.75748878        0.42607099        3.50000000        1.79997167
    35.75040782       44.61868958        0.75973007        0.42496282        3.50000000        1.79657224
    35.81228749       44.69208803        0.76197143        0.42385148        3.50000000        1.79317668
    35.87411007       44.76548648        0.76421283        0.42273697        3.50000000        1.78978500
    35.93587543       44.83888493        0.76645426        0.42161925        3.50000000        1.78639718
    35.99758346       44.91228338        0.76869570        0.42049834        3.50000000        1.78301323
    36.05923403       44.98568183        0.77093715        0.41937420        3.50000000        1.77963314
    36.12082703       45.05908028        0.77317858        0.41824682        3.50000000        1.77625691
    36.18236233       45.13247873        0.77541998        0.41711621        3.50000000        1.77288452
    36.24383980       45.20587718        0.77766133        0.41598233        3.50000000        1.76951597
    36.30525932       45.27927563        0.77990263        0.41484517        3.50000000        1.76615127
    36.36662076       45.35267408        0.78214386        0.41370473        3.50000000        1.76279040
    36.42792397       45.42607253        0.78438499        0.41256099        3.50000000        1.75943335
    36.48916884       45.49947098        0.78662602        0.41141393        3.50000000        1.75608013
    36.55035522       45.57286943        0.78886694        0.41026355        3.50000000        1.75273073
    36.61148298       45.64626788        0.79110772        0.40910982        3.50000000        1.74938514
    36.67255197       45.71966633        0.79334836        0.40795273        3.50000000        1.74604336
    36.73356206       45.79306478        0.79558884        0.40679227        3.50000000        1.74270538
    36.79451310       45.86646324        0.79782913        0.40562843        3.50000000        1.73937119
    36.85540495       45.93986169        0.80006924        0.40446118        3.50000000        1.73604081
    36.91623746       46.01326014        0.80230914        0.40329052        3.50000000        1.73271421
    36.97701048       46.08665859        0.80454883        0.40211644        3.50000000        1.72939139
    37.03772385       46.16005704        0.80678827        0.40093890        3.50000000        1.72607235
    37.09837743       46.23345549        0.80902747        0.39975792        3.50000000        1.72275708
    37.15897106       46.30685394        0.81126640        0.39857345        3.50000000        1.71944558
    37.21950459       46.38025239        0.81350506        0.39738550        3.50000000        1.71613784
    37.27997786       46.45365084        0.81574342        0.39619405        3.50000000        1.71283386
    37.34039069       46.52704929        0.81798147        0.39499908        3.50000000        1.70953363
    37.40074294       46.60044774        0.82021920        0.39380058        3.50000000        1.70623715
    37.46103444       46.67384619        0.82245659        0.39259852        3.50000000        1.70294442
    37.52126501       46.74724464        0.82469363        0.39139291        3.50000000        1.69965542
    37.58143450       46.82064309        0.82693030        0.39018371        3.50000000        1.69637015
    37.64154273       46.89404154        0.82916659        0.38897092        3.50000000        1.69308861
    37.70158952       46.96743999        0.83140249        0.38775452        3.50000000        1.68981079
    37.76157471       47.04083844        0.83363797        0.38653450        3.50000000        1.68653669
    37.82149811       47.11423689        0.83587303        0.38531083        3.50000000        1.68326630
    37.88135955       47.18763534        0.83810764        0.38408351        3.50000000        1.67999962
    37.94115885       47.26103379        0.84034181        0.38285251        3.50000000        1.67673665
    38.00089582       47.33443224        0.84257550        0.38161782        3.50000000        1.67347737
    38.06057028       47.40783069        0.84480871        0.38037943        3.50000000        1.67022178
    38.12018204       47.48122914        0.84704141        0.37913731        3.50000000        1.66696989
    38.17973091       47.55462759        0.84927361        0.37789145        3.50000000        1.66372167
    38.23921670       47.62802604        0.85150528        0.37664184        3.50000000        1.66047714
    38.29863922       47.70142450        0.85373640        0.37538846        3.50000000        1.65723627
    38.35799826       47.77482295        0.85596697        0.37413129        3.50000000        1.65399908
    38.41729365       47.84822140        0.85819696        0.37287032        3.50000000        1.65076555
    38.47652516       47.92161985        0.86042637        0.37160552        3.50000000        1.64753568
    38.53569261       47.99501830        0.86265517        0.37033688        3.50000000        1.64430946
    38.59479579       48.06841675        0.86488336        0.36906439        3.50000000        1.64108689
    38.65383449       48.14181520        0.86711092        0.36778802        3.50000000        1.63786797
    38.71280851       48.21521365        0.86933783        0.36650776        3.50000000        1.63465268
    38.77171762       48.28861210        0.87156408        0.36522359        3.50000000        1.63144103
    38.83056163       48.36201055        0.87378966        0.36393550        3.50000000        1.62823301
    38.88934031       48.43540900        0.87601455        0.36264346        3.50000000        1.62502862
    38.94805346       48.50880745        0.87823873        0.36134746        3.50000000        1.62182784
    39.00670084       48.58220590        0.88046219        0.36004749        3.50000000        1.61863069
    39.06528224       48.65560435        0.88268493        0.35874351        3.50000000        1.61543714
    39.12379743       48.72900280        0.88490691        0.35743552        3.50000000        1.61224719
    39.18224619       48.80240125        0.88712813        0.35612350        3.50000000        1.60906085
    39.24062829       48.87579970        0.88934858        0.35480742        3.50000000        1.60587811
    39.29894350       48.94919815        0.89156823        0.35348727        3.50000000        1.60269895
    39.35719158       49.02259660        0.89378707        0.35216303        3.50000000        1.59952339
    39.41537231       49.09599505        0.89600510        0.35083469        3.50000000        1.59635140
    39.47348543       49.16939350        0.89822229        0.34950222        3.50000000        1.59318300
    39.53153073       49.24279195        0.90043863        0.34816560        3.50000000        1.59001817
    39.58950794       49.31619040        0.90265410        0.34682482        3.50000000        1.58685690
    39.64741683       49.38958885        0.90486870        0.34547985        3.50000000        1.58369920
    39.70525715       49.46298730        0.90708240        0.34413068        3.50000000        1.58054506
    39.76302865       49.53638576        0.90929519        0.34277729        3.50000000        1.57739447
    39.82073108       49.60978421        0.91150706        0.34141965        3.50000000        1.57424743
    39.87836419       49.68318266        0.91371800        0.34005775        3.50000000        1.57110394
    39.93592771       49.75658111        0.91592798        0.33869158        3.50000000        1.56796399
    39.99342139       49.82997956        0.91813699        0.33732110        3.50000000        1.56482757
    40.05084497       49.90337801        0.92034503        0.33594629        3.50000000        1.56169469
    40.10819818       49.97677646        0.92255206        0.33456715        3.50000000        1.55856533
    40.16548076       50.05017491        0.92475809        0.33318364        3.50000000        1.55543950
    40.22269244       50.12357336        0.92696309        0.33179575        3.50000000        1.55231718
    40.27983295       50.19697181        0.92916706        0.33040346        3.50000000        1.54919838
    40.33690201       50.27037026        0.93136996        0.32900674        3.50000000        1.54608308
    40.39389934       50.34376871        0.93357181        0.32760558        3.50000000        1.54297129
    40.45082467       50.41716716        0.93577256        0.32619995        3.50000000        1.53986300
    40.50767772       50.49056561        0.93797222        0.32478983        3.50000000        1.53675821
    40.56445821       50.56396406        0.94017077        0.32337521        3.50000000        1.53365690
    40.62116583       50.63736251        0.94236820        0.32195606        3.50000000        1.53055908
    40.67780031       50.71076096        0.94456448        0.32053235        3.50000000        1.52746475
    40.73436136       50.78415941        0.94675960        0.31910407        3.50000000        1.52437389
    40.79084867       50.85755786        0.94895356        0.31767120        3.50000000        1.52128651
    40.84726196       50.93095631        0.95114633        0.31623371        3.50000000        1.51820259
    40.90360091       51.00435476        0.95333791        0.31479158        3.50000000        1.51512214
    40.95986523       51.07775321        0.95552827        0.31334480        3.50000000        1.51204515
    41.01605462       51.15115166        0.95771740        0.31189332        3.50000000        1.50897161
    41.07216876       51.22455011        0.95990530        0.31043714        3.50000000        1.50590153
    41.12820734       51.29794856        0.96209193        0.30897624        3.50000000        1.50283490
    41.18417006       51.37134702        0.96427730        0.30751058        3.50000000        1.49977170
    41.24005658       51.44474547        0.96646137        0.30604014        3.50000000        1.49671195
    41.29586660       51.51814392        0.96864415        0.30456491        3.50000000        1.49365563
    41.35159978       51.59154237        0.97082562        0.30308486        3.50000000        1.49060274
    41.40725581       51.66494082        0.97300576        0.30159997        3.50000000        1.48755328
    41.46283436       51.73833927        0.97518455        0.30011020        3.50000000        1.48450724
    41.51833510       51.81173772        0.97736199        0.29861555        3.50000000        1.48146462
    41.57375768       51.88513617        0.97953805        0.29711598        3.50000000        1.47842541
    41.62910178       51.95853462        0.98171273        0.29561147        3.50000000        1.47538961
    41.68436705       52.03193307        0.98388601        0.29410199        3.50000000        1.47235721
    41.73955316       52.10533152        0.98605788        0.29258753        3.50000000        1.46932822
    41.79465974       52.17872997        0.98822831        0.29106805        3.50000000        1.46630263
    41.84968647       52.25212842        0.99039731        0.28954354        3.50000000        1.46328042
    41.90463298       52.32552687        0.99256484        0.28801397        3.50000000        1.46026161
    41.95949892       52.39892532        0.99473090        0.28647931        3.50000000        1.45724618
    42.01428392       52.47232377        0.99689548        0.28493953        3.50000000        1.45423413
    42.06898764       52.54572222        0.99905856        0.28339462        3.50000000        1.45122546
    42.12360971       52.61912067        1.00122012        0.28184454        3.50000000        1.44822017
    42.17814974       52.69251912        1.00338015        0.28028928        3.50000000        1.44521824
    42.23260739       52.76591757        1.00553864        0.27872880        3.50000000        1.44221968
    42.28698226       52.83931602        1.00769557        0.27716308        3.50000000        1.43922447
    42.34127399       52.91271447        1.00985093        0.27559210        3.50000000        1.43623263
    42.39548219       52.98611292        1.01200470        0.27401582        3.50000000        1.43324414
    42.44960648       53.05951137        1.01415687        0.27243422        3.50000000        1.43025900
    42.50364647       53.13290982        1.01630743        0.27084727        3.50000000        1.42727720
    42.55760177       53.20630828        1.01845636        0.26925495        3.50000000        1.42429875
    42.61147199       53.27970673        1.02060365        0.26765723        3.50000000        1.42132363
    42.66525673       53.35310518        1.02274927        0.26605408        3.50000000        1.41835185
    42.71895559       53.42650363        1.02489323        0.26444547        3.50000000        1.41538340
    42.77256815       53.49990208        1.02703550        0.26283139        3.50000000        1.41241828
    42.82609403       53.57330053        1.02917607        0.26121179        3.50000000        1.40945648
    42.87953279       53.64669898        1.03131493        0.25958665        3.50000000        1.40649800
    42.93288404       53.72009743        1.03345206        0.25795595        3.50000000        1.40354284
    42.98614735       53.79349588        1.03558745        0.25631965        3.50000000        1.40059099
    43.03932229       53.86689433        1.03772108        0.25467772        3.50000000        1.39764244
    43.09240845       53.94029278        1.03985294        0.25303015        3.50000000        1.39469721
    43.14540539       54.01369123        1.04198302        0.25137689        3.50000000        1.39175527
    43.19831267       54.08708968        1.04411129        0.24971792        3.50000000        1.38881663
    43.25112987       54.16048813        1.04623776        0.24805321        3.50000000        1.38588129
    43.30385654       54.23388658        1.04836239        0.24638273        3.50000000        1.38294923
    43.35649224       54.30728503        1.05048519        0.24470645        3.50000000        1.38002047
    43.40903652       54.38068348        1.05260613        0.24302435        3.50000000        1.37709499
    43.46148893       54.45408193        1.05472520        0.24133638        3.50000000        1.37417279
    43.51384900       54.52748038        1.05684239        0.23964252        3.50000000        1.37125386
    43.56611629       54.60087883        1.05895768        0.23794274        3.50000000        1.36833822
    43.61829032       54.67427728        1.06107106        0.23623701        3.50000000        1.36542584
    43.67037063       54.74767573        1.06318252        0.23452530        3.50000000        1.36251673
    43.72235675       54.82107418        1.06529203        0.23280757        3.50000000        1.35961088
    43.77424820       54.89447263        1.06739959        0.23108380        3.50000000        1.35670829
    43.82604450       54.96787109        1.06950519        0.22935395        3.50000000        1.35380896
    43.87774517       55.04126954        1.07160880        0.22761800        3.50000000        1.35091289
    43.92934972       55.11466799        1.07371042        0.22587590        3.50000000        1.34802006
    43.98085765       55.18806644        1.07581003        0.22412763        3.50000000        1.34513049
    44.03226847       55.26146489        1.07790762        0.22237316        3.50000000        1.34224415
    44.08358168       55.33486334        1.08000317        0.22061245        3.50000000        1.33936106
    44.13479677       55.40826179        1.08209666        0.21884546        3.50000000        1.33648121
    44.18591324       55.48166024        1.08418810        0.21707218        3.50000000        1.33360460
    44.23693057       55.55505869        1.08627745        0.21529255        3.50000000        1.33073121
    44.28784824       55.62845714        1.08836472        0.21350655        3.50000000        1.32786106
    44.33866572       55.70185559        1.09044987        0.21171415        3.50000000        1.32499413
    44.38938250       55.77525404        1.09253291        0.20991531        3.50000000        1.32213043
    44.43999803       55.84865249        1.09461381        0.20811000        3.50000000        1.31926994
    44.49051179       55.92205094        1.09669256        0.20629818        3.50000000        1.31641268
    44.54092324       55.99544939        1.09876915        0.20447981        3.50000000        1.31355863
    44.59123181       56.06884784        1.10084357        0.20265487        3.50000000        1.31070779
    44.64143697       56.14224629        1.10291580        0.20082331        3.50000000        1.30786016
    44.69153817       56.21564474        1.10498582        0.19898511        3.50000000        1.30501574
    44.74153483       56.28904319        1.10705363        0.19714022        3.50000000        1.30217452
    44.79142640       56.36244164        1.10911920        0.19528861        3.50000000        1.29933650
    44.84121231       56.43584009        1.11118254        0.19343025        3.50000000        1.29650169
    44.89089198       56.50923854        1.11324361        0.19156509        3.50000000        1.29367006
    44.94046483       56.58263699        1.11530241        0.18969310        3.50000000        1.29084163
    44.98993028       56.65603544        1.11735893        0.18781424        3.50000000        1.28801639
    45.03928773       56.72943389        1.11941314        0.18592848        3.50000000        1.28519434
    45.08853661       56.80283235        1.12146505        0.18403578        3.50000000        1.28237548
    45.13767629       56.87623080        1.12351462        0.18213610        3.50000000        1.27955980
    45.18670619       56.94962925        1.12556186        0.18022940        3.50000000        1.27674729
    45.23562568       57.02302770        1.12760674        0.17831564        3.50000000        1.27393797
    45.28443416       57.09642615        1.12964926        0.17639479        3.50000000        1.27113183
    45.33313101       57.16982460        1.13168939        0.17446681        3.50000000        1.26832885
    45.38171559       57.24322305        1.13372713        0.17253165        3.50000000        1.26552905
    45.43018727       57.31662150        1.13576246        0.17058928        3.50000000        1.26273242
    45.47854542       57.39001995        1.13779537        0.16863966        3.50000000        1.25993895
    45.52678940       57.46341840        1.13982584        0.16668275        3.50000000        1.25714865
    45.57491856       57.53681685        1.14185387        0.16471850        3.50000000        1.25436151
    45.62293224       57.61021530        1.14387943        0.16274688        3.50000000        1.25157753
    45.67082979       57.68361375        1.14590251        0.16076785        3.50000000        1.24879671
    45.71861054       57.75701220        1.14792311        0.15878137        3.50000000        1.24601905
    45.76627381       57.83041065        1.14994120        0.15678738        3.50000000        1.24324454
    45.81381894       57.90380910        1.15195678        0.15478586        3.50000000        1.24047318
    45.86124524       57.97720755        1.15396982        0.15277676        3.50000000        1.23770498
    45.90855201       58.05060600        1.15598033        0.15076004        3.50000000        1.23493992
    45.95573858       58.12400445        1.15798827        0.14873565        3.50000000        1.23217801
    46.00280422       58.19740290        1.15999364        0.14670356        3.50000000        1.22941924
    46.04974825       58.27080135        1.16199643        0.14466372        3.50000000        1.22666362
    46.09656994       58.34419980        1.16399663        0.14261608        3.50000000        1.22391113
    46.14326857       58.41759825        1.16599421        0.14056060        3.50000000        1.22116179
    46.18984343       58.49099670        1.16798917        0.13849724        3.50000000        1.21841558
    46.23629377       58.56439515        1.16998149        0.13642595        3.50000000        1.21567252
    46.28261886       58.63779361        1.17197116        0.13434670        3.50000000        1.21293258
    46.32881796       58.71119206        1.17395817        0.13225942        3.50000000        1.21019578
    46.37489031       58.78459051        1.17594249        0.13016409        3.50000000        1.20746211
    46.42083515       58.85798896        1.17792413        0.12806065        3.50000000        1.20473157
    46.46665172       58.93138741        1.17990307        0.12594905        3.50000000        1.20200416
    46.51233924       59.00478586        1.18187928        0.12382925        3.50000000        1.19927988
    46.55789695       59.07818431        1.18385277        0.12170121        3.50000000        1.19655872
    46.60332405       59.15158276        1.18582351        0.11956488        3.50000000        1.19384069
    46.64861975       59.22498121        1.18779150        0.11742020        3.50000000        1.19112578
    46.69378325       59.29837966        1.18975671        0.11526713        3.50000000        1.18841399
    46.73881375       59.37177811        1.19171914        0.11310563        3.50000000        1.18570532
    46.78371043       59.44517656        1.19367878        0.11093565        3.50000000        1.18299978
    46.82847247       59.51857501        1.19563560        0.10875713        3.50000000        1.18029735
    46.87309904       59.59197346        1.19758960        0.10657002        3.50000000        1.17759804
    46.91758930       59.66537191        1.19954077        0.10437429        3.50000000        1.17490185
    46.96194242       59.73877036        1.20148909        0.10216987        3.50000000        1.17220877
    47.00615754       59.81216881        1.20343454        0.09995672        3.50000000        1.16951881
    47.05023381       59.88556726        1.20537712        0.09773479        3.50000000        1.16683197
    47.09417035       59.95896571        1.20731681        0.09550403        3.50000000        1.16414823
    47.13796629       60.03236416        1.20925360        0.09326438        3.50000000        1.16146761
    47.18162076       60.10576261        1.21118747        0.09101579        3.50000000        1.15879010
    47.22513286       60.17916106        1.21311842        0.08875822        3.50000000        1.15611571
    47.26850169       60.25255951        1.21504642        0.08649161        3.50000000        1.15344442
    47.31172636       60.32595796        1.21697147        0.08421590        3.50000000        1.15077625
    47.35480594       60.39935641        1.21889356        0.08193105        3.50000000        1.14811118
    47.39773951       60.47275487        1.22081266        0.07963700        3.50000000        1.14544922
    47.44052614       60.54615332        1.22272877        0.07733369        3.50000000        1.14279038
    47.48316490       60.61955177        1.22464188        0.07502108        3.50000000        1.14013464
    47.52565483       60.69295022        1.22655197        0.07269911        3.50000000        1.13748201
    47.56799498       60.76634867        1.22845902        0.07036772        3.50000000        1.13483248
    47.61018439       60.83974712        1.23036304        0.06802685        3.50000000        1.13218607
    47.65222207       60.91314557        1.23226399        0.06567646        3.50000000        1.12954276
    47.69410705       60.98654402        1.23416188        0.06331649        3.50000000        1.12690256
    47.73583834       61.05994247        1.23605668        0.06094687        3.50000000        1.12426547
    47.77741494       61.13334092        1.23794838        0.05856755        3.50000000        1.12163148
    47.81883583       61.20673937        1.23983698        0.05617848        3.50000000        1.11900061
    47.86010000       61.28013782        1.24172245        0.05377960        3.50000000        1.11637284
    47.90120641       61.35353627        1.24360479        0.05137085        3.50000000        1.11374818
    47.94215404       61.42693472        1.24548399        0.04895216        3.50000000        1.11112663
    47.98294183       61.50033317        1.24736002        0.04652349        3.50000000        1.10850818
    48.02356872       61.57373162        1.24923288        0.04408477        3.50000000        1.10589285
    48.06403366       61.64713007        1.25110256        0.04163593        3.50000000        1.10328062
    48.10433555       61.72052852        1.25296903        0.03917694        3.50000000        1.10067151
    48.14447332       61.79392697        1.25483230        0.03670771        3.50000000        1.09806550
    48.18444586       61.86732542        1.25669234        0.03422819        3.50000000        1.09546261
    48.22425208       61.94072387        1.25854915        0.03173831        3.50000000        1.09286283
    48.26389085       62.01412232        1.26040271        0.02923803        3.50000000        1.09026616
    48.30336105       62.08752077        1.26225301        0.02672726        3.50000000        1.08767260
    48.34266153       62.16091922        1.26410003        0.02420596        3.50000000        1.08508216
    48.38179115       62.23431767        1.26594376        0.02167405        3.50000000        1.08249483
    48.42074874       62.30771613        1.26778420        0.01913148        3.50000000        1.07991062
    48.45953315       62.38111458        1.26962132        0.01657817        3.50000000        1.07732952
    48.49814318       62.45451303        1.27145512        0.01401407        3.50000000        1.07475154
    48.53657764       62.52791148        1.27328559        0.01143911        3.50000000        1.07217669
    48.57483533       62.60130993        1.27511270        0.00885321        3.50000000        1.06960495
    48.61291503       62.67470838        1.27693645        0.00625633        3.50000000        1.06703633
    48.65081552       62.74810683        1.27875683        0.00364838        3.50000000        1.06447084
    48.68853556       62.82150528        1.28057382        0.00102931        3.50000000        1.06190847
    48.72607389       62.89490373        1.28238741       -0.00160096        3.50000000        1.05934923
    48.76342926       62.96830218        1.28419759       -0.00424249        3.50000000        1.05679311
    48.80060039       63.04170063        1.28600434       -0.00689535        3.50000000        1.05424012
    48.83758599       63.11509908        1.28780766       -0.00955962        3.50000000        1.05169027
    48.87438477       63.18849753        1.28960752       -0.01223536        3.50000000        1.04914354
    48.91099542       63.26189598        1.29140393       -0.01492263        3.50000000        1.04659996
    48.94741660       63.33529443        1.29319686       -0.01762152        3.50000000        1.04405950
    48.98364699       63.40869288        1.29498630       -0.02033209        3.50000000        1.04152219
    49.01968524       63.48209133        1.29677225       -0.02305441        3.50000000        1.03898801
    49.05552997       63.55548978        1.29855468       -0.02578856        3.50000000        1.03645698
    49.09117983       63.62888823        1.30033360       -0.02853461        3.50000000        1.03392909
    49.12663342       63.70228668        1.30210897       -0.03129263        3.50000000        1.03140435
    49.16188934       63.77568513        1.30388080       -0.03406270        3.50000000        1.02888276
    49.19694617       63.84908358        1.30564907       -0.03684489        3.50000000        1.02636432
    49.23180248       63.92248203        1.30741376       -0.03963927        3.50000000        1.02384903
    49.26645684       63.99588048        1.30917487       -0.04244592        3.50000000        1.02133690
    49.30090777       64.06927893        1.31093238       -0.04526491        3.50000000        1.01882793
    49.33515382       64.14267739        1.31268628       -0.04809633        3.50000000        1.01632212
    49.36919350       64.21607584        1.31443657       -0.05094024        3.50000000        1.01381948
    49.40302530       64.28947429        1.31618321       -0.05379674        3.50000000        1.01132000
    49.43664772       64.36287274        1.31792622       -0.05666588        3.50000000        1.00882369
    49.47005922       64.43627119        1.31966556       -0.05954776        3.50000000        1.00633056
    49.50325826       64.50966964        1.32140123       -0.06244245        3.50000000        1.00384060
    49.53624327       64.58306809        1.32313322       -0.06535002        3.50000000        1.00135383
    49.56901269       64.65646654        1.32486152       -0.06827057        3.50000000        0.99887023
    49.60156492       64.72986499        1.32658611       -0.07120418        3.50000000        0.99638983
    49.63389835       64.80326344        1.32830698       -0.07415091        3.50000000        0.99391261
    49.66601137       64.87666189        1.33002412       -0.07711086        3.50000000        0.99143858
    49.69790233       64.95006034        1.33173752       -0.08008411        3.50000000        0.98896776
    49.72956958       65.02345879        1.33344716       -0.08307073        3.50000000        0.98650013
    49.76101146       65.09685724        1.33515304       -0.08607082        3.50000000        0.98403571
    49.79222626       65.17025569        1.33685513       -0.08908446        3.50000000        0.98157450
    49.82321229       65.24365414        1.33855344       -0.09211172        3.50000000        0.97911650
    49.85396782       65.31705259        1.34024794       -0.09515271        3.50000000        0.97666171
    49.88449112       65.39045104        1.34193863       -0.09820750        3.50000000        0.97421015
    49.91478042       65.46384949        1.34362549       -0.10127618        3.50000000        0.97176181
    49.94483397       65.53724794        1.34530852       -0.10435883        3.50000000        0.96931670
    49.97464995       65.61064639        1.34698769       -0.10745555        3.50000000        0.96687482
    50.00422657       65.68404484        1.34866300       -0.11056642        3.50000000        0.96443618
    50.03356199       65.75744329        1.35033443       -0.11369154        3.50000000        0.96200079
    50.06265437       65.83084174        1.35200198       -0.11683098        3.50000000        0.95956864
    50.09150184       65.90424019        1.35366563       -0.11998484        3.50000000        0.95713974
    50.12010252       65.97763865        1.35532537       -0.12315322        3.50000000        0.95471410
    50.14845450       66.05103710        1.35698118       -0.12633619        3.50000000        0.95229173
    50.17655586       66.12443555        1.35863307       -0.12953387        3.50000000        0.94987262
    50.20440466       66.19783400        1.36028100       -0.13274632        3.50000000        0.94745678
    50.23199894       66.27123245        1.36192498       -0.13597366        3.50000000        0.94504422
    50.25933671       66.34463090        1.36356499       -0.13921597        3.50000000        0.94263495
    50.28641597       66.41802935        1.36520102       -0.14247335        3.50000000        0.94022896
    50.31323470       66.49142780        1.36683306       -0.14574588        3.50000000        0.93782626
    50.33979084       66.56482625        1.36846109       -0.14903368        3.50000000        0.93542687
    50.36608235       66.63822470        1.37008510       -0.15233683        3.50000000        0.93303078
    50.39210712       66.71162315        1.37170509       -0.15565543        3.50000000        0.93063801
    50.41786306       66.78502160        1.37332103       -0.15898958        3.50000000        0.92824855
    50.44334803       66.85842005        1.37493292       -0.16233938        3.50000000        0.92586241
    50.46855987       66.93181850        1.37654075       -0.16570491        3.50000000        0.92347961
    50.49349642       67.00521695        1.37814451       -0.16908630        3.50000000        0.92110014
    50.51815548       67.07861540        1.37974417       -0.17248362        3.50000000        0.91872402
    50.54253482       67.15201385        1.38133974       -0.17589699        3.50000000        0.91635124
    50.56663220       67.22541230        1.38293120       -0.17932651        3.50000000        0.91398182
    50.59044537       67.29881075        1.38451853       -0.18277227        3.50000000        0.91161577
    50.61397201       67.37220920        1.38610174       -0.18623438        3.50000000        0.90925308
    50.63720983       67.44560765        1.38768079       -0.18971294        3.50000000        0.90689377
    50.66015647       67.51900610        1.38925569       -0.19320806        3.50000000        0.90453785
    50.68280959       67.59240455        1.39082642       -0.19671984        3.50000000        0.90218531
    50.70516678       67.66580300        1.39239297       -0.20024838        3.50000000        0.89983618
    50.72722563       67.73920145        1.39395533       -0.20379380        3.50000000        0.89749045
    50.74898372       67.81259991        1.39551348       -0.20735619        3.50000000        0.89514814
    50.77043855       67.88599836        1.39706742       -0.21093566        3.50000000        0.89280924
    50.79158766       67.95939681        1.39861713       -0.21453232        3.50000000        0.89047378
    50.81242851       68.03279526        1.40016260       -0.21814629        3.50000000        0.88814176
    50.83295857       68.10619371        1.40170383       -0.22177766        3.50000000        0.88581318
    50.85317526       68.17959216        1.40324079       -0.22542654        3.50000000        0.88348805
    50.87307598       68.25299061        1.40477347       -0.22909306        3.50000000        0.88116639
    50.89265810       68.32638906        1.40630188       -0.23277731        3.50000000        0.87884820
    50.91191897       68.39978751        1.40782598       -0.23647940        3.50000000        0.87653349
    50.93085590       68.47318596        1.40934578       -0.24019946        3.50000000        0.87422226
    50.94946618       68.54658441        1.41086126       -0.24393759        3.50000000        0.87191454
    50.96774706       68.61998286        1.41237240       -0.24769391        3.50000000        0.86961032
    50.98569578       68.69338131        1.41387921       -0.25146852        3.50000000        0.86730962
    51.00330953       68.76677976        1.41538166       -0.25526155        3.50000000        0.86501244
    51.02058548       68.84017821        1.41687974       -0.25907311        3.50000000        0.86271880
    51.03752076       68.91357666        1.41837345       -0.26290330        3.50000000        0.86042870
    51.05411248       68.98697511        1.41986276       -0.26675226        3.50000000        0.85814215
    51.07035771       69.06037356        1.42134768       -0.27062010        3.50000000        0.85585917
    51.08625349       69.13377201        1.42282819       -0.27450692        3.50000000        0.85357976
    51.10179684       69.20717046        1.42430427       -0.27841286        3.50000000        0.85130394
    51.11698473       69.28056891        1.42577591       -0.28233802        3.50000000        0.84903171
    51.13181409       69.35396736        1.42724311       -0.28628254        3.50000000        0.84676309
    51.14628185       69.42736581        1.42870585       -0.29024651        3.50000000        0.84449808
    51.16038488       69.50076426        1.43016412       -0.29423008        3.50000000        0.84223670
    51.17412001       69.57416271        1.43161791       -0.29823336        3.50000000        0.83997896
    51.18748406       69.64756117        1.43306721       -0.30225646        3.50000000        0.83772486
    51.20047380       69.72095962        1.43451200       -0.30629951        3.50000000        0.83547443
    51.21308595       69.79435807        1.43595227       -0.31036263        3.50000000        0.83322766
    51.22531722       69.86775652        1.43738802       -0.31444595        3.50000000        0.83098458
    51.23716427       69.94115497        1.43881923       -0.31854959        3.50000000        0.82874519
    51.24862372       70.01455342        1.44024589       -0.32267367        3.50000000        0.82650951
    51.25969217       70.08795187        1.44166798       -0.32681831        3.50000000        0.82427755
    51.27036616       70.16135032        1.44308551       -0.33098364        3.50000000        0.82204932
    51.28064220       70.23474877        1.44449844       -0.33516979        3.50000000        0.81982483
    51.29051676       70.30814722        1.44590678       -0.33937688        3.50000000        0.81760410
    51.29998627       70.38154567        1.44731051       -0.34360503        3.50000000        0.81538713
    51.30904713       70.45494412        1.44870962       -0.34785438        3.50000000        0.81317395
    51.31769569       70.52834257        1.45010410       -0.35212504        3.50000000        0.81096456
    51.32592824       70.60174102        1.45149393       -0.35641715        3.50000000        0.80875898
    51.33374108       70.67513947        1.45287911       -0.36073084        3.50000000        0.80655722
    51.34113041       70.74853792        1.45425962       -0.36506622        3.50000000        0.80435929
    51.34809242       70.82193637        1.45563545       -0.36942343        3.50000000        0.80216521
    51.35462325       70.89533482        1.45700660       -0.37380261        3.50000000        0.79997500
    51.36071900       70.96873327        1.45837304       -0.37820387        3.50000000        0.79778866
    51.36637572       71.04213172        1.45973476       -0.38262734        3.50000000        0.79560621
    51.37158940       71.11553017        1.46109176       -0.38707316        3.50000000        0.79342766
    51.37635603       71.18892862        1.46244403       -0.39154145        3.50000000        0.79125304
    51.38067150       71.26232707        1.46379154       -0.39603235        3.50000000        0.78908235
    51.38453168       71.33572552        1.46513430       -0.40054598        3.50000000        0.78691561
    51.38793240       71.40912397        1.46647228       -0.40508248        3.50000000        0.78475284
    51.39086943       71.48252243        1.46780548       -0.40964197        3.50000000        0.78259404
    51.39333848       71.55592088        1.46913388       -0.41422459        3.50000000        0.78043924
    51.39533524       71.62931933        1.47045747       -0.41883046        3.50000000        0.77828846
    51.39685533       71.70271778        1.47177625       -0.42345972        3.50000000        0.77614170
    51.39789432       71.77611623        1.47309019       -0.42811250        3.50000000        0.77399898
    51.39844774       71.84951468        1.47439929       -0.43278892        3.50000000        0.77186033
    51.39851105       71.92291313        1.47570353       -0.43748913        3.50000000        0.76972575
