#  Theta paroi en deg Angle Choc en deg       Kp           Inverse Mach       Mach amont       Mach aval
     0.00000000       18.09292202        0.00000000        0.68944099        3.22000000
     1.53357075       18.09507923        0.00395156        0.68757229        3.22000000        3.21981668
     1.85317277       18.09809755        0.00541764        0.68688758        3.22000000        3.21956024
     2.19563736       18.10369921        0.00717202        0.68607416        3.22000000        3.21908449
     2.56461122       18.11360640        0.00925826        0.68511510        3.22000000        3.21824362
     2.94592534       18.12954137        0.01161364        0.68404280        3.22000000        3.21689266
     3.33139361       18.15322631        0.01418886        0.68288278        3.22000000        3.21488805
     3.71817863       18.18638347        0.01695982        0.68164859        3.22000000        3.21208853
     4.10622764       18.23073504        0.01992075        0.68034531        3.22000000        3.20835608
     4.49676115       18.28800326        0.02307792        0.67897269        3.22000000        3.20355710
     4.89154169       18.35991034        0.02644573        0.67752718        3.22000000        3.19756358
     5.22329651       18.43181742        0.02941042        0.67627005        3.22000000        3.19160520
     5.51417414       18.50372449        0.03210957        0.67513755        3.22000000        3.18568129
     5.77612649       18.57563157        0.03461936        0.67409445        3.22000000        3.17979117
     6.01639860       18.64753865        0.03698687        0.67311898        3.22000000        3.17393419
     6.23974108       18.71944573        0.03924344        0.67219665        3.22000000        3.16810972
     6.44945113       18.79135281        0.04141111        0.67131727        3.22000000        3.16231712
     6.64791820       18.86325988        0.04350601        0.67047340        3.22000000        3.15655580
     6.83693361       18.93516696        0.04554033        0.66965937        3.22000000        3.15082516
     7.01787767       19.00707404        0.04752354        0.66887082        3.22000000        3.14512463
     7.19183824       19.07898112        0.04946315        0.66810426        3.22000000        3.13945364
     7.35968914       19.15088820        0.05136522        0.66735686        3.22000000        3.13381163
     7.52214370       19.22279527        0.05323471        0.66662633        3.22000000        3.12819808
     7.67979234       19.29470235        0.05507575        0.66591074        3.22000000        3.12261246
     7.83312984       19.36660943        0.05689182        0.66520846        3.22000000        3.11705425
     7.98257510       19.43851651        0.05868585        0.66451812        3.22000000        3.11152295
     8.12848631       19.51042359        0.06046036        0.66383854        3.22000000        3.10601809
     8.27117223       19.58233066        0.06221754        0.66316868        3.22000000        3.10053917
     8.41090105       19.65423774        0.06395927        0.66250766        3.22000000        3.09508574
     8.54790734       19.72614482        0.06568721        0.66185468        3.22000000        3.08965733
     8.68239755       19.79805190        0.06740281        0.66120907        3.22000000        3.08425352
     8.81455435       19.86995898        0.06910737        0.66057019        3.22000000        3.07887385
     8.94454026       19.94186605        0.07080202        0.65993750        3.22000000        3.07351791
     9.07250056       20.01377313        0.07248780        0.65931051        3.22000000        3.06818528
     9.19856565       20.08568021        0.07416562        0.65868877        3.22000000        3.06287556
     9.32285309       20.15758729        0.07583631        0.65807189        3.22000000        3.05758834
     9.44546921       20.22949437        0.07750061        0.65745949        3.22000000        3.05232326
     9.56651061       20.30140144        0.07915919        0.65685124        3.22000000        3.04707991
     9.68606524       20.37330852        0.08081268        0.65624685        3.22000000        3.04185795
     9.80421344       20.44521560        0.08246162        0.65564603        3.22000000        3.03665700
     9.92102889       20.51712268        0.08410654        0.65504853        3.22000000        3.03147671
    10.03657923       20.58902976        0.08574789        0.65445412        3.22000000        3.02631674
    10.15092677       20.66093683        0.08738611        0.65386256        3.22000000        3.02117675
    10.26412908       20.73284391        0.08902159        0.65327368        3.22000000        3.01605640
    10.37623937       20.80475099        0.09065470        0.65268727        3.22000000        3.01095539
    10.48730702       20.87665807        0.09228577        0.65210316        3.22000000        3.00587338
    10.59737790       20.94856515        0.09391511        0.65152119        3.22000000        3.00081007
    10.70649472       21.02047222        0.09554301        0.65094122        3.22000000        2.99576517
    10.81469732       21.09237930        0.09716974        0.65036309        3.22000000        2.99073836
    10.92202289       21.16428638        0.09879555        0.64978668        3.22000000        2.98572938
    11.02850627       21.23619346        0.10042066        0.64921186        3.22000000        2.98073792
    11.13418008       21.30810054        0.10204529        0.64863852        3.22000000        2.97576372
    11.23907496       21.38000761        0.10366965        0.64806654        3.22000000        2.97080651
    11.34321972       21.45191469        0.10529391        0.64749582        3.22000000        2.96586601
    11.44664144       21.52382177        0.10691826        0.64692627        3.22000000        2.96094198
    11.54936568       21.59572885        0.10854287        0.64635779        3.22000000        2.95603415
    11.65141653       21.66763593        0.11016787        0.64579028        3.22000000        2.95114229
    11.75281679       21.73954300        0.11179342        0.64522368        3.22000000        2.94626614
    11.85358798       21.81145008        0.11341965        0.64465790        3.22000000        2.94140547
    11.95375053       21.88335716        0.11504670        0.64409287        3.22000000        2.93656004
    12.05332375       21.95526424        0.11667467        0.64352851        3.22000000        2.93172964
    12.15232602       22.02717132        0.11830368        0.64296476        3.22000000        2.92691403
    12.25077476       22.09907839        0.11993384        0.64240154        3.22000000        2.92211300
    12.34868655       22.17098547        0.12156525        0.64183881        3.22000000        2.91732633
    12.44607715       22.24289255        0.12319800        0.64127651        3.22000000        2.91255382
    12.54296160       22.31479963        0.12483218        0.64071456        3.22000000        2.90779525
    12.63935423       22.38670670        0.12646787        0.64015293        3.22000000        2.90305044
    12.73526869       22.45861378        0.12810516        0.63959156        3.22000000        2.89831918
    12.83071803       22.53052086        0.12974411        0.63903040        3.22000000        2.89360128
    12.92571473       22.60242794        0.13138480        0.63846940        3.22000000        2.88889655
    13.02027070       22.67433502        0.13302729        0.63790852        3.22000000        2.88420481
    13.11439737       22.74624209        0.13467165        0.63734772        3.22000000        2.87952588
    13.20810566       22.81814917        0.13631793        0.63678695        3.22000000        2.87485958
    13.30140607       22.89005625        0.13796620        0.63622616        3.22000000        2.87020573
    13.39430860       22.96196333        0.13961650        0.63566534        3.22000000        2.86556418
    13.48682291       23.03387041        0.14126889        0.63510443        3.22000000        2.86093474
    13.57895827       23.10577748        0.14292341        0.63454339        3.22000000        2.85631726
    13.67072355       23.17768456        0.14458011        0.63398221        3.22000000        2.85171159
    13.76212732       23.24959164        0.14623904        0.63342083        3.22000000        2.84711755
    13.85317779       23.32149872        0.14790022        0.63285924        3.22000000        2.84253500
    13.94388286       23.39340580        0.14956371        0.63229739        3.22000000        2.83796380
    14.03425016       23.46531287        0.15122953        0.63173525        3.22000000        2.83340378
    14.12428704       23.53721995        0.15289773        0.63117281        3.22000000        2.82885482
    14.21400056       23.60912703        0.15456833        0.63061003        3.22000000        2.82431676
    14.30339756       23.68103411        0.15624136        0.63004688        3.22000000        2.81978946
    14.39248462       23.75294119        0.15791686        0.62948333        3.22000000        2.81527281
    14.48126808       23.82484826        0.15959484        0.62891937        3.22000000        2.81076665
    14.56975408       23.89675534        0.16127535        0.62835495        3.22000000        2.80627086
    14.65794858       23.96866242        0.16295840        0.62779007        3.22000000        2.80178532
    14.74585727       24.04056950        0.16464401        0.62722470        3.22000000        2.79730989
    14.83348572       24.11247658        0.16633221        0.62665881        3.22000000        2.79284446
    14.92083929       24.18438365        0.16802302        0.62609238        3.22000000        2.78838890
    15.00792316       24.25629073        0.16971645        0.62552540        3.22000000        2.78394310
    15.09474236       24.32819781        0.17141253        0.62495783        3.22000000        2.77950694
    15.18130174       24.40010489        0.17311128        0.62438966        3.22000000        2.77508030
    15.26760604       24.47201197        0.17481270        0.62382087        3.22000000        2.77066309
    15.35365981       24.54391904        0.17651682        0.62325144        3.22000000        2.76625518
    15.43946750       24.61582612        0.17822365        0.62268135        3.22000000        2.76185647
    15.52503338       24.68773320        0.17993320        0.62211058        3.22000000        2.75746686
    15.61036164       24.75964028        0.18164548        0.62153911        3.22000000        2.75308625
    15.69545631       24.83154736        0.18336052        0.62096693        3.22000000        2.74871452
    15.78032134       24.90345443        0.18507831        0.62039402        3.22000000        2.74435160
    15.86496054       24.97536151        0.18679887        0.61982036        3.22000000        2.73999737
    15.94937760       25.04726859        0.18852221        0.61924594        3.22000000        2.73565174
    16.03357615       25.11917567        0.19024834        0.61867074        3.22000000        2.73131463
    16.11755967       25.19108275        0.19197726        0.61809474        3.22000000        2.72698593
    16.20133156       25.26298982        0.19370898        0.61751793        3.22000000        2.72266557
    16.28489515       25.33489690        0.19544352        0.61694029        3.22000000        2.71835344
    16.36825366       25.40680398        0.19718087        0.61636182        3.22000000        2.71404947
    16.45141022       25.47871106        0.19892104        0.61578249        3.22000000        2.70975358
    16.53436788       25.55061814        0.20066404        0.61520229        3.22000000        2.70546567
    16.61712962       25.62252521        0.20240987        0.61462120        3.22000000        2.70118567
    16.69969832       25.69443229        0.20415854        0.61403922        3.22000000        2.69691350
    16.78207682       25.76633937        0.20591005        0.61345633        3.22000000        2.69264908
    16.86426784       25.83824645        0.20766440        0.61287252        3.22000000        2.68839233
    16.94627409       25.91015353        0.20942160        0.61228777        3.22000000        2.68414318
    17.02809816       25.98206060        0.21118164        0.61170208        3.22000000        2.67990155
    17.10974261       26.05396768        0.21294454        0.61111542        3.22000000        2.67566738
    17.19120990       26.12587476        0.21471029        0.61052779        3.22000000        2.67144059
    17.27250247       26.19778184        0.21647889        0.60993918        3.22000000        2.66722111
    17.35362267       26.26968892        0.21825034        0.60934957        3.22000000        2.66300887
    17.43457282       26.34159599        0.22002465        0.60875896        3.22000000        2.65880381
    17.51535517       26.41350307        0.22180182        0.60816732        3.22000000        2.65460585
    17.59597191       26.48541015        0.22358183        0.60757466        3.22000000        2.65041495
    17.67642518       26.55731723        0.22536471        0.60698096        3.22000000        2.64623102
    17.75671709       26.62922431        0.22715043        0.60638620        3.22000000        2.64205402
    17.83684968       26.70113138        0.22893900        0.60579039        3.22000000        2.63788387
    17.91682495       26.77303846        0.23073043        0.60519350        3.22000000        2.63372053
    17.99664487       26.84494554        0.23252470        0.60459553        3.22000000        2.62956392
    18.07631133       26.91685262        0.23432182        0.60399647        3.22000000        2.62541400
    18.15582620       26.98875970        0.23612179        0.60339630        3.22000000        2.62127070
    18.23519132       27.06066677        0.23792459        0.60279503        3.22000000        2.61713398
    18.31440847       27.13257385        0.23973023        0.60219263        3.22000000        2.61300377
    18.39347940       27.20448093        0.24153871        0.60158910        3.22000000        2.60888002
    18.47240581       27.27638801        0.24335002        0.60098443        3.22000000        2.60476268
    18.55118939       27.34829509        0.24516415        0.60037861        3.22000000        2.60065171
    18.62983176       27.42020216        0.24698111        0.59977163        3.22000000        2.59654704
    18.70833452       27.49210924        0.24880090        0.59916348        3.22000000        2.59244862
    18.78669925       27.56401632        0.25062349        0.59855415        3.22000000        2.58835642
    18.86492747       27.63592340        0.25244890        0.59794364        3.22000000        2.58427038
    18.94302070       27.70783048        0.25427712        0.59733194        3.22000000        2.58019046
    19.02098040       27.77973755        0.25610813        0.59671903        3.22000000        2.57611660
    19.09880802       27.85164463        0.25794195        0.59610491        3.22000000        2.57204877
    19.17650495       27.92355171        0.25977855        0.59548956        3.22000000        2.56798691
    19.25407260       27.99545879        0.26161795        0.59487299        3.22000000        2.56393100
    19.33151231       28.06736587        0.26346012        0.59425519        3.22000000        2.55988097
    19.40882542       28.13927294        0.26530507        0.59363613        3.22000000        2.55583679
    19.48601321       28.21118002        0.26715279        0.59301583        3.22000000        2.55179843
    19.56307697       28.28308710        0.26900327        0.59239426        3.22000000        2.54776583
    19.64001795       28.35499418        0.27085651        0.59177143        3.22000000        2.54373896
    19.71683737       28.42690126        0.27271250        0.59114732        3.22000000        2.53971778
    19.79353644       28.49880833        0.27457123        0.59052192        3.22000000        2.53570225
    19.87011633       28.57071541        0.27643270        0.58989523        3.22000000        2.53169233
    19.94657820       28.64262249        0.27829691        0.58926724        3.22000000        2.52768799
    20.02292319       28.71452957        0.28016383        0.58863794        3.22000000        2.52368919
    20.09915239       28.78643665        0.28203348        0.58800733        3.22000000        2.51969589
    20.17526691       28.85834372        0.28390583        0.58737539        3.22000000        2.51570806
    20.25126782       28.93025080        0.28578089        0.58674213        3.22000000        2.51172567
    20.32715616       29.00215788        0.28765864        0.58610752        3.22000000        2.50774868
    20.40293297       29.07406496        0.28953908        0.58547157        3.22000000        2.50377705
    20.47859926       29.14597204        0.29142220        0.58483427        3.22000000        2.49981076
    20.55415602       29.21787911        0.29330799        0.58419561        3.22000000        2.49584977
    20.62960421       29.28978619        0.29519644        0.58355559        3.22000000        2.49189405
    20.70494481       29.36169327        0.29708756        0.58291419        3.22000000        2.48794357
    20.78017875       29.43360035        0.29898132        0.58227141        3.22000000        2.48399830
    20.85530695       29.50550742        0.30087772        0.58162724        3.22000000        2.48005822
    20.93033031       29.57741450        0.30277675        0.58098168        3.22000000        2.47612328
    21.00524973       29.64932158        0.30467840        0.58033472        3.22000000        2.47219346
    21.08006607       29.72122866        0.30658268        0.57968634        3.22000000        2.46826873
    21.15478021       29.79313574        0.30848955        0.57903656        3.22000000        2.46434907
    21.22939296       29.86504281        0.31039903        0.57838535        3.22000000        2.46043445
    21.30390517       29.93694989        0.31231109        0.57773271        3.22000000        2.45652484
    21.37831765       30.00885697        0.31422574        0.57707864        3.22000000        2.45262021
    21.45263119       30.08076405        0.31614296        0.57642312        3.22000000        2.44872054
    21.52684658       30.15267113        0.31806274        0.57576616        3.22000000        2.44482580
    21.60096459       30.22457820        0.31998507        0.57510774        3.22000000        2.44093597
    21.67498598       30.29648528        0.32190994        0.57444785        3.22000000        2.43705103
    21.74891148       30.36839236        0.32383736        0.57378650        3.22000000        2.43317094
    21.82274184       30.44029944        0.32576729        0.57312368        3.22000000        2.42929568
    21.89647776       30.51220652        0.32769975        0.57245937        3.22000000        2.42542524
    21.97011996       30.58411359        0.32963471        0.57179357        3.22000000        2.42155958
    22.04366914       30.65602067        0.33157216        0.57112628        3.22000000        2.41769870
    22.11712596       30.72792775        0.33351211        0.57045749        3.22000000        2.41384255
    22.19049111       30.79983483        0.33545453        0.56978719        3.22000000        2.40999112
    22.26376524       30.87174191        0.33739942        0.56911537        3.22000000        2.40614440
    22.33694900       30.94364898        0.33934677        0.56844204        3.22000000        2.40230235
    22.41004303       31.01555606        0.34129657        0.56776718        3.22000000        2.39846496
    22.48304796       31.08746314        0.34324881        0.56709078        3.22000000        2.39463221
    22.55596439       31.15937022        0.34520348        0.56641284        3.22000000        2.39080408
    22.62879294       31.23127730        0.34716056        0.56573336        3.22000000        2.38698054
    22.70153420       31.30318437        0.34912005        0.56505233        3.22000000        2.38316158
    22.77418876       31.37509145        0.35108195        0.56436974        3.22000000        2.37934718
    22.84675719       31.44699853        0.35304623        0.56368558        3.22000000        2.37553732
    22.91924007       31.51890561        0.35501288        0.56299985        3.22000000        2.37173198
    22.99163793       31.59081269        0.35698191        0.56231254        3.22000000        2.36793114
    23.06395134       31.66271976        0.35895329        0.56162365        3.22000000        2.36413479
    23.13618084       31.73462684        0.36092702        0.56093317        3.22000000        2.36034291
    23.20832694       31.80653392        0.36290308        0.56024109        3.22000000        2.35655547
    23.28039018       31.87844100        0.36488147        0.55954741        3.22000000        2.35277247
    23.35237107       31.95034808        0.36686218        0.55885212        3.22000000        2.34899389
    23.42427010       32.02225515        0.36884519        0.55815521        3.22000000        2.34521970
    23.49608778       32.09416223        0.37083049        0.55745668        3.22000000        2.34144990
    23.56782460       32.16606931        0.37281808        0.55675653        3.22000000        2.33768447
    23.63948103       32.23797639        0.37480793        0.55605474        3.22000000        2.33392338
    23.71105754       32.30988347        0.37680005        0.55535131        3.22000000        2.33016664
    23.78255461       32.38179054        0.37879442        0.55464623        3.22000000        2.32641421
    23.85397268       32.45369762        0.38079103        0.55393950        3.22000000        2.32266609
    23.92531220       32.52560470        0.38278987        0.55323112        3.22000000        2.31892226
    23.99657362       32.59751178        0.38479092        0.55252106        3.22000000        2.31518271
    24.06775738       32.66941886        0.38679418        0.55180934        3.22000000        2.31144742
    24.13886389       32.74132593        0.38879964        0.55109594        3.22000000        2.30771638
    24.20989358       32.81323301        0.39080728        0.55038085        3.22000000        2.30398957
    24.28084687       32.88514009        0.39281709        0.54966407        3.22000000        2.30026699
    24.35172416       32.95704717        0.39482906        0.54894560        3.22000000        2.29654861
    24.42252584       33.02895425        0.39684319        0.54822543        3.22000000        2.29283442
    24.49325233       33.10086132        0.39885945        0.54750354        3.22000000        2.28912441
    24.56390399       33.17276840        0.40087784        0.54677994        3.22000000        2.28541858
    24.63448122       33.24467548        0.40289835        0.54605462        3.22000000        2.28171689
    24.70498438       33.31658256        0.40492096        0.54532757        3.22000000        2.27801935
    24.77541385       33.38848964        0.40694567        0.54459879        3.22000000        2.27432594
    24.84577000       33.46039671        0.40897245        0.54386827        3.22000000        2.27063665
    24.91605316       33.53230379        0.41100131        0.54313600        3.22000000        2.26695147
    24.98626370       33.60421087        0.41303223        0.54240198        3.22000000        2.26327038
    25.05640197       33.67611795        0.41506519        0.54166620        3.22000000        2.25959337
    25.12646830       33.74802503        0.41710019        0.54092865        3.22000000        2.25592043
    25.19646303       33.81993210        0.41913721        0.54018934        3.22000000        2.25225156
    25.26638647       33.89183918        0.42117625        0.53944824        3.22000000        2.24858673
    25.33623897       33.96374626        0.42321728        0.53870536        3.22000000        2.24492594
    25.40602083       34.03565334        0.42526031        0.53796069        3.22000000        2.24126918
    25.47573236       34.10756042        0.42730531        0.53721422        3.22000000        2.23761643
    25.54537388       34.17946749        0.42935227        0.53646595        3.22000000        2.23396770
    25.61494569       34.25137457        0.43140119        0.53571587        3.22000000        2.23032295
    25.68444808       34.32328165        0.43345205        0.53496397        3.22000000        2.22668220
    25.75388134       34.39518873        0.43550484        0.53421025        3.22000000        2.22304542
    25.82324576       34.46709581        0.43755955        0.53345470        3.22000000        2.21941260
    25.89254164       34.53900288        0.43961616        0.53269732        3.22000000        2.21578374
    25.96176922       34.61090996        0.44167467        0.53193809        3.22000000        2.21215883
    26.03092881       34.68281704        0.44373506        0.53117702        3.22000000        2.20853785
    26.10002066       34.75472412        0.44579732        0.53041409        3.22000000        2.20492080
    26.16904503       34.82663120        0.44786143        0.52964929        3.22000000        2.20130767
    26.23800219       34.89853827        0.44992739        0.52888263        3.22000000        2.19769845
    26.30689239       34.97044535        0.45199518        0.52811410        3.22000000        2.19409313
    26.37571587       35.04235243        0.45406479        0.52734368        3.22000000        2.19049170
    26.44447289       35.11425951        0.45613622        0.52657138        3.22000000        2.18689415
    26.51316369       35.18616659        0.45820944        0.52579719        3.22000000        2.18330047
    26.58178851       35.25807366        0.46028444        0.52502109        3.22000000        2.17971066
    26.65034756       35.32998074        0.46236121        0.52424308        3.22000000        2.17612471
    26.71884110       35.40188782        0.46443975        0.52346316        3.22000000        2.17254260
    26.78726934       35.47379490        0.46652003        0.52268132        3.22000000        2.16896434
    26.85563249       35.54570198        0.46860205        0.52189755        3.22000000        2.16538991
    26.92393079       35.61760905        0.47068579        0.52111185        3.22000000        2.16181930
    26.99216443       35.68951613        0.47277124        0.52032421        3.22000000        2.15825250
    27.06033364       35.76142321        0.47485838        0.51953462        3.22000000        2.15468952
    27.12843861       35.83333029        0.47694722        0.51874307        3.22000000        2.15113033
    27.19647955       35.90523737        0.47903772        0.51794957        3.22000000        2.14757494
    27.26445665       35.97714444        0.48112989        0.51715409        3.22000000        2.14402333
    27.33237011       36.04905152        0.48322370        0.51635664        3.22000000        2.14047550
    27.40022012       36.12095860        0.48531915        0.51555721        3.22000000        2.13693144
    27.46800686       36.19286568        0.48741623        0.51475579        3.22000000        2.13339114
    27.53573052       36.26477275        0.48951491        0.51395238        3.22000000        2.12985460
    27.60339129       36.33667983        0.49161519        0.51314696        3.22000000        2.12632180
    27.67098932       36.40858691        0.49371706        0.51233953        3.22000000        2.12279275
    27.73852480       36.48049399        0.49582050        0.51153009        3.22000000        2.11926743
    27.80599789       36.55240107        0.49792550        0.51071862        3.22000000        2.11574584
    27.87340877       36.62430814        0.50003204        0.50990512        3.22000000        2.11222797
    27.94075759       36.69621522        0.50214013        0.50908959        3.22000000        2.10871381
    28.00804451       36.76812230        0.50424973        0.50827200        3.22000000        2.10520336
    28.07526969       36.84002938        0.50636084        0.50745237        3.22000000        2.10169661
    28.14243328       36.91193646        0.50847345        0.50663068        3.22000000        2.09819355
    28.20953543       36.98384353        0.51058754        0.50580692        3.22000000        2.09469419
    28.27657629       37.05575061        0.51270311        0.50498109        3.22000000        2.09119850
    28.34355599       37.12765769        0.51482013        0.50415318        3.22000000        2.08770649
    28.41047469       37.19956477        0.51693860        0.50332318        3.22000000        2.08421814
    28.47733251       37.27147185        0.51905850        0.50249109        3.22000000        2.08073346
    28.54412959       37.34337892        0.52117982        0.50165689        3.22000000        2.07725243
    28.61086607       37.41528600        0.52330254        0.50082059        3.22000000        2.07377506
    28.67754206       37.48719308        0.52542666        0.49998216        3.22000000        2.07030132
    28.74415769       37.55910016        0.52755217        0.49914162        3.22000000        2.06683123
    28.81071309       37.63100724        0.52967904        0.49829894        3.22000000        2.06336477
    28.87720837       37.70291431        0.53180726        0.49745412        3.22000000        2.05990193
    28.94364365       37.77482139        0.53393683        0.49660715        3.22000000        2.05644271
    29.01001905       37.84672847        0.53606773        0.49575803        3.22000000        2.05298711
    29.07633467       37.91863555        0.53819994        0.49490675        3.22000000        2.04953512
    29.14259061       37.99054263        0.54033346        0.49405329        3.22000000        2.04608673
    29.20878700       38.06244970        0.54246827        0.49319766        3.22000000        2.04264194
    29.27492392       38.13435678        0.54460435        0.49233985        3.22000000        2.03920073
    29.34100148       38.20626386        0.54674170        0.49147984        3.22000000        2.03576312
    29.40701977       38.27817094        0.54888030        0.49061763        3.22000000        2.03232909
    29.47297889       38.35007802        0.55102014        0.48975321        3.22000000        2.02889863
    29.53887893       38.42198509        0.55316121        0.48888658        3.22000000        2.02547174
    29.60471998       38.49389217        0.55530348        0.48801773        3.22000000        2.02204842
    29.67050212       38.56579925        0.55744696        0.48714664        3.22000000        2.01862865
    29.73622544       38.63770633        0.55959162        0.48627331        3.22000000        2.01521245
    29.80189001       38.70961341        0.56173746        0.48539773        3.22000000        2.01179979
    29.86749592       38.78152048        0.56388445        0.48451990        3.22000000        2.00839067
    29.93304324       38.85342756        0.56603259        0.48363981        3.22000000        2.00498509
    29.99853204       38.92533464        0.56818187        0.48275744        3.22000000        2.00158305
    30.06396240       38.99724172        0.57033226        0.48187280        3.22000000        1.99818453
    30.12933438       39.06914880        0.57248376        0.48098586        3.22000000        1.99478954
    30.19464805       39.14105587        0.57463636        0.48009663        3.22000000        1.99139807
    30.25990347       39.21296295        0.57679004        0.47920510        3.22000000        1.98801011
    30.32510070       39.28487003        0.57894478        0.47831125        3.22000000        1.98462566
    30.39023981       39.35677711        0.58110058        0.47741509        3.22000000        1.98124471
    30.45532084       39.42868419        0.58325742        0.47651659        3.22000000        1.97786726
    30.52034385       39.50059126        0.58541528        0.47561576        3.22000000        1.97449331
    30.58530889       39.57249834        0.58757417        0.47471258        3.22000000        1.97112285
    30.65021601       39.64440542        0.58973405        0.47380704        3.22000000        1.96775587
    30.71506526       39.71631250        0.59189492        0.47289915        3.22000000        1.96439237
    30.77985668       39.78821958        0.59405676        0.47198888        3.22000000        1.96103235
    30.84459031       39.86012665        0.59621957        0.47107623        3.22000000        1.95767579
    30.90926620       39.93203373        0.59838332        0.47016120        3.22000000        1.95432271
    30.97388437       40.00394081        0.60054801        0.46924376        3.22000000        1.95097308
    31.03844488       40.07584789        0.60271362        0.46832392        3.22000000        1.94762692
    31.10294773       40.14775497        0.60488014        0.46740167        3.22000000        1.94428420
    31.16739298       40.21966204        0.60704755        0.46647699        3.22000000        1.94094493
    31.23178064       40.29156912        0.60921584        0.46554988        3.22000000        1.93760911
    31.29611075       40.36347620        0.61138500        0.46462033        3.22000000        1.93427672
    31.36038331       40.43538328        0.61355502        0.46368833        3.22000000        1.93094777
    31.42459838       40.50729036        0.61572587        0.46275387        3.22000000        1.92762225
    31.48875594       40.57919743        0.61789756        0.46181695        3.22000000        1.92430016
    31.55285603       40.65110451        0.62007005        0.46087754        3.22000000        1.92098149
    31.61689867       40.72301159        0.62224335        0.45993565        3.22000000        1.91766623
    31.68088385       40.79491867        0.62441744        0.45899127        3.22000000        1.91435439
    31.74481160       40.86682575        0.62659229        0.45804438        3.22000000        1.91104596
    31.80868192       40.93873282        0.62876791        0.45709497        3.22000000        1.90774093
    31.87249483       41.01063990        0.63094428        0.45614304        3.22000000        1.90443930
    31.93625031       41.08254698        0.63312138        0.45518859        3.22000000        1.90114106
    31.99994839       41.15445406        0.63529920        0.45423158        3.22000000        1.89784622
    32.06358905       41.22636114        0.63747772        0.45327203        3.22000000        1.89455477
    32.12717229       41.29826821        0.63965694        0.45230992        3.22000000        1.89126669
    32.19069812       41.37017529        0.64183684        0.45134524        3.22000000        1.88798200
    32.25416652       41.44208237        0.64401740        0.45037798        3.22000000        1.88470068
    32.31757749       41.51398945        0.64619862        0.44940813        3.22000000        1.88142274
    32.38093101       41.58589653        0.64838047        0.44843567        3.22000000        1.87814816
    32.44422709       41.65780360        0.65056295        0.44746062        3.22000000        1.87487694
    32.50746569       41.72971068        0.65274604        0.44648294        3.22000000        1.87160908
    32.57064681       41.80161776        0.65492973        0.44550263        3.22000000        1.86834458
    32.63377043       41.87352484        0.65711401        0.44451969        3.22000000        1.86508343
    32.69683652       41.94543192        0.65929885        0.44353410        3.22000000        1.86182562
    32.75984507       42.01733899        0.66148426        0.44254585        3.22000000        1.85857116
    32.82279605       42.08924607        0.66367020        0.44155493        3.22000000        1.85532003
    32.88568944       42.16115315        0.66585668        0.44056133        3.22000000        1.85207225
    32.94852520       42.23306023        0.66804367        0.43956505        3.22000000        1.84882779
    33.01130331       42.30496731        0.67023117        0.43856606        3.22000000        1.84558666
    33.07402373       42.37687438        0.67241915        0.43756437        3.22000000        1.84234885
    33.13668643       42.44878146        0.67460762        0.43655996        3.22000000        1.83911436
    33.19929138       42.52068854        0.67679654        0.43555282        3.22000000        1.83588318
    33.26183854       42.59259562        0.67898591        0.43454294        3.22000000        1.83265532
    33.32432786       42.66450270        0.68117572        0.43353030        3.22000000        1.82943077
    33.38675931       42.73640977        0.68336595        0.43251491        3.22000000        1.82620951
    33.44913283       42.80831685        0.68555659        0.43149675        3.22000000        1.82299156
    33.51144839       42.88022393        0.68774762        0.43047580        3.22000000        1.81977691
    33.57370594       42.95213101        0.68993903        0.42945206        3.22000000        1.81656554
    33.63590543       43.02403808        0.69213081        0.42842552        3.22000000        1.81335747
    33.69804680       43.09594516        0.69432294        0.42739616        3.22000000        1.81015268
    33.76013001       43.16785224        0.69651541        0.42636398        3.22000000        1.80695117
    33.82215499       43.23975932        0.69870820        0.42532896        3.22000000        1.80375294
    33.88412169       43.31166640        0.70090131        0.42429110        3.22000000        1.80055799
    33.94603005       43.38357347        0.70309472        0.42325037        3.22000000        1.79736630
    34.00788001       43.45548055        0.70528841        0.42220678        3.22000000        1.79417788
    34.06967150       43.52738763        0.70748237        0.42116030        3.22000000        1.79099272
    34.13140447       43.59929471        0.70967659        0.42011094        3.22000000        1.78781082
    34.19307883       43.67120179        0.71187106        0.41905867        3.22000000        1.78463217
    34.25469454       43.74310886        0.71406575        0.41800348        3.22000000        1.78145678
    34.31625150       43.81501594        0.71626066        0.41694537        3.22000000        1.77828464
    34.37774966       43.88692302        0.71845577        0.41588432        3.22000000        1.77511574
    34.43918893       43.95883010        0.72065107        0.41482032        3.22000000        1.77195008
    34.50056924       44.03073718        0.72284655        0.41375337        3.22000000        1.76878765
    34.56189051       44.10264425        0.72504219        0.41268344        3.22000000        1.76562846
    34.62315266       44.17455133        0.72723797        0.41161052        3.22000000        1.76247250
    34.68435561       44.24645841        0.72943389        0.41053461        3.22000000        1.75931977
    34.74549928       44.31836549        0.73162993        0.40945569        3.22000000        1.75617026
    34.80658357       44.39027257        0.73382608        0.40837375        3.22000000        1.75302397
    34.86760840       44.46217964        0.73602231        0.40728878        3.22000000        1.74988089
    34.92857368       44.53408672        0.73821863        0.40620077        3.22000000        1.74674103
    34.98947931       44.60599380        0.74041502        0.40510970        3.22000000        1.74360437
    35.05032521       44.67790088        0.74261145        0.40401556        3.22000000        1.74047092
    35.11111128       44.74980796        0.74480792        0.40291834        3.22000000        1.73734067
    35.17183741       44.82171503        0.74700442        0.40181803        3.22000000        1.73421362
    35.23250352       44.89362211        0.74920093        0.40071461        3.22000000        1.73108976
    35.29310950       44.96552919        0.75139743        0.39960807        3.22000000        1.72796910
    35.35365524       45.03743627        0.75359392        0.39849841        3.22000000        1.72485162
    35.41414064       45.10934335        0.75579037        0.39738560        3.22000000        1.72173732
    35.47456559       45.18125042        0.75798678        0.39626963        3.22000000        1.71862621
    35.53492999       45.25315750        0.76018313        0.39515050        3.22000000        1.71551828
    35.59523372       45.32506458        0.76237941        0.39402818        3.22000000        1.71241351
    35.65547667       45.39697166        0.76457561        0.39290267        3.22000000        1.70931192
    35.71565872       45.46887874        0.76677170        0.39177396        3.22000000        1.70621350
    35.77577976       45.54078581        0.76896768        0.39064202        3.22000000        1.70311823
    35.83583967       45.61269289        0.77116354        0.38950684        3.22000000        1.70002613
    35.89583832       45.68459997        0.77335925        0.38836843        3.22000000        1.69693719
    35.95577561       45.75650705        0.77555481        0.38722675        3.22000000        1.69385140
    36.01565139       45.82841413        0.77775020        0.38608179        3.22000000        1.69076875
    36.07546554       45.90032120        0.77994541        0.38493355        3.22000000        1.68768926
    36.13521794       45.97222828        0.78214042        0.38378201        3.22000000        1.68461291
    36.19490846       46.04413536        0.78433522        0.38262716        3.22000000        1.68153969
    36.25453695       46.11604244        0.78652980        0.38146897        3.22000000        1.67846962
    36.31410329       46.18794952        0.78872414        0.38030745        3.22000000        1.67540268
    36.37360735       46.25985659        0.79091823        0.37914257        3.22000000        1.67233886
    36.43304898       46.33176367        0.79311205        0.37797432        3.22000000        1.66927818
    36.49242803       46.40367075        0.79530559        0.37680268        3.22000000        1.66622062
    36.55174438       46.47557783        0.79749885        0.37562765        3.22000000        1.66316617
    36.61099788       46.54748491        0.79969180        0.37444920        3.22000000        1.66011485
    36.67018837       46.61939198        0.80188442        0.37326733        3.22000000        1.65706664
    36.72931571       46.69129906        0.80407671        0.37208202        3.22000000        1.65402154
    36.78837975       46.76320614        0.80626866        0.37089326        3.22000000        1.65097954
    36.84738034       46.83511322        0.80846025        0.36970102        3.22000000        1.64794065
    36.90631732       46.90702030        0.81065145        0.36850530        3.22000000        1.64490486
    36.96519054       46.97892737        0.81284227        0.36730608        3.22000000        1.64187216
    37.02399984       47.05083445        0.81503269        0.36610335        3.22000000        1.63884257
    37.08274506       47.12274153        0.81722269        0.36489709        3.22000000        1.63581606
    37.14142603       47.19464861        0.81941227        0.36368729        3.22000000        1.63279264
    37.20004259       47.26655569        0.82160139        0.36247392        3.22000000        1.62977230
    37.25859457       47.33846276        0.82379006        0.36125699        3.22000000        1.62675504
    37.31708182       47.41036984        0.82597826        0.36003646        3.22000000        1.62374087
    37.37550414       47.48227692        0.82816597        0.35881233        3.22000000        1.62072976
    37.43386138       47.55418400        0.83035319        0.35758458        3.22000000        1.61772173
    37.49215335       47.62609108        0.83253989        0.35635320        3.22000000        1.61471677
    37.55037989       47.69799815        0.83472607        0.35511816        3.22000000        1.61171487
    37.60854080       47.76990523        0.83691170        0.35387946        3.22000000        1.60871604
    37.66663591       47.84181231        0.83909678        0.35263708        3.22000000        1.60572026
    37.72466504       47.91371939        0.84128130        0.35139100        3.22000000        1.60272754
    37.78262800       47.98562647        0.84346523        0.35014120        3.22000000        1.59973788
    37.84052460       48.05753354        0.84564856        0.34888768        3.22000000        1.59675126
    37.89835466       48.12944062        0.84783129        0.34763041        3.22000000        1.59376769
    37.95611798       48.20134770        0.85001340        0.34636937        3.22000000        1.59078717
    38.01381436       48.27325478        0.85219487        0.34510456        3.22000000        1.58780968
    38.07144362       48.34516186        0.85437568        0.34383595        3.22000000        1.58483523
    38.12900554       48.41706893        0.85655584        0.34256353        3.22000000        1.58186382
    38.18649995       48.48897601        0.85873532        0.34128728        3.22000000        1.57889544
    38.24392661       48.56088309        0.86091410        0.34000719        3.22000000        1.57593009
    38.30128535       48.63279017        0.86309218        0.33872324        3.22000000        1.57296776
    38.35857594       48.70469725        0.86526955        0.33743540        3.22000000        1.57000845
    38.41579818       48.77660432        0.86744617        0.33614367        3.22000000        1.56705217
    38.47295186       48.84851140        0.86962206        0.33484803        3.22000000        1.56409890
    38.53003676       48.92041848        0.87179718        0.33354846        3.22000000        1.56114864
    38.58705266       48.99232556        0.87397153        0.33224494        3.22000000        1.55820140
    38.64399936       49.06423264        0.87614509        0.33093745        3.22000000        1.55525716
    38.70087662       49.13613971        0.87831785        0.32962598        3.22000000        1.55231593
    38.75768422       49.20804679        0.88048980        0.32831051        3.22000000        1.54937770
    38.81442195       49.27995387        0.88266092        0.32699103        3.22000000        1.54644247
    38.87108956       49.35186095        0.88483120        0.32566750        3.22000000        1.54351023
    38.92768684       49.42376803        0.88700062        0.32433993        3.22000000        1.54058099
    38.98421355       49.49567510        0.88916917        0.32300828        3.22000000        1.53765473
    39.04066945       49.56758218        0.89133683        0.32167254        3.22000000        1.53473147
    39.09705432       49.63948926        0.89350360        0.32033269        3.22000000        1.53181119
    39.15336789       49.71139634        0.89566946        0.31898872        3.22000000        1.52889389
    39.20960996       49.78330342        0.89783440        0.31764059        3.22000000        1.52597956
    39.26578025       49.85521049        0.89999840        0.31628831        3.22000000        1.52306822
    39.32187853       49.92711757        0.90216144        0.31493184        3.22000000        1.52015985
    39.37790454       49.99902465        0.90432352        0.31357117        3.22000000        1.51725444
    39.43385805       50.07093173        0.90648463        0.31220628        3.22000000        1.51435201
    39.48973878       50.14283880        0.90864474        0.31083715        3.22000000        1.51145254
    39.54554650       50.21474588        0.91080384        0.30946376        3.22000000        1.50855603
    39.60128093       50.28665296        0.91296192        0.30808609        3.22000000        1.50566248
    39.65694182       50.35856004        0.91511898        0.30670412        3.22000000        1.50277189
    39.71252890       50.43046712        0.91727498        0.30531784        3.22000000        1.49988425
    39.76804192       50.50237419        0.91942992        0.30392721        3.22000000        1.49699956
    39.82348059       50.57428127        0.92158379        0.30253223        3.22000000        1.49411782
    39.87884464       50.64618835        0.92373657        0.30113288        3.22000000        1.49123903
    39.93413381       50.71809543        0.92588825        0.29972912        3.22000000        1.48836318
    39.98934782       50.79000251        0.92803881        0.29832095        3.22000000        1.48549026
    40.04448639       50.86190958        0.93018825        0.29690834        3.22000000        1.48262029
    40.09954923       50.93381666        0.93233654        0.29549127        3.22000000        1.47975325
    40.15453607       51.00572374        0.93448368        0.29406972        3.22000000        1.47688914
    40.20944661       51.07763082        0.93662965        0.29264367        3.22000000        1.47402797
    40.26428057       51.14953790        0.93877443        0.29121311        3.22000000        1.47116971
    40.31903765       51.22144497        0.94091802        0.28977800        3.22000000        1.46831439
    40.37371756       51.29335205        0.94306040        0.28833832        3.22000000        1.46546198
    40.42832000       51.36525913        0.94520155        0.28689407        3.22000000        1.46261250
    40.48284468       51.43716621        0.94734147        0.28544521        3.22000000        1.45976593
    40.53729128       51.50907329        0.94948014        0.28399172        3.22000000        1.45692227
    40.59165951       51.58098036        0.95161754        0.28253358        3.22000000        1.45408153
    40.64594904       51.65288744        0.95375366        0.28107078        3.22000000        1.45124370
    40.70015959       51.72479452        0.95588850        0.27960328        3.22000000        1.44840877
    40.75429082       51.79670160        0.95802202        0.27813107        3.22000000        1.44557675
    40.80834242       51.86860868        0.96015423        0.27665412        3.22000000        1.44274762
    40.86231408       51.94051575        0.96228511        0.27517241        3.22000000        1.43992140
    40.91620546       52.01242283        0.96441464        0.27368592        3.22000000        1.43709808
    40.97001625       52.08432991        0.96654282        0.27219463        3.22000000        1.43427764
    41.02374611       52.15623699        0.96866962        0.27069851        3.22000000        1.43146010
    41.07739471       52.22814407        0.97079503        0.26919754        3.22000000        1.42864545
    41.13096173       52.30005114        0.97291905        0.26769170        3.22000000        1.42583369
    41.18444682       52.37195822        0.97504165        0.26618097        3.22000000        1.42302481
    41.23784963       52.44386530        0.97716283        0.26466531        3.22000000        1.42021882
    41.29116984       52.51577238        0.97928257        0.26314471        3.22000000        1.41741570
    41.34440709       52.58767946        0.98140085        0.26161915        3.22000000        1.41461546
    41.39756102       52.65958653        0.98351767        0.26008860        3.22000000        1.41181810
    41.45063130       52.73149361        0.98563301        0.25855303        3.22000000        1.40902361
    41.50361757       52.80340069        0.98774685        0.25701243        3.22000000        1.40623199
    41.55651946       52.87530777        0.98985919        0.25546676        3.22000000        1.40344324
    41.60933661       52.94721485        0.99197000        0.25391601        3.22000000        1.40065736
    41.66206866       53.01912192        0.99407929        0.25236015        3.22000000        1.39787434
    41.71471525       53.09102900        0.99618702        0.25079915        3.22000000        1.39509419
    41.76727599       53.16293608        0.99829320        0.24923299        3.22000000        1.39231689
    41.81975051       53.23484316        1.00039780        0.24766165        3.22000000        1.38954245
    41.87213845       53.30675024        1.00250082        0.24608509        3.22000000        1.38677087
    41.92443940       53.37865731        1.00460223        0.24450330        3.22000000        1.38400214
    41.97665300       53.45056439        1.00670203        0.24291625        3.22000000        1.38123626
    42.02877886       53.52247147        1.00880021        0.24132391        3.22000000        1.37847323
    42.08081657       53.59437855        1.01089674        0.23972626        3.22000000        1.37571305
    42.13276575       53.66628563        1.01299162        0.23812327        3.22000000        1.37295571
    42.18462600       53.73819270        1.01508483        0.23651491        3.22000000        1.37020122
    42.23639692       53.81009978        1.01717637        0.23490117        3.22000000        1.36744957
    42.28807810       53.88200686        1.01926621        0.23328200        3.22000000        1.36470075
    42.33966914       53.95391394        1.02135434        0.23165739        3.22000000        1.36195478
    42.39116963       54.02582102        1.02344075        0.23002731        3.22000000        1.35921164
    42.44257913       54.09772809        1.02552543        0.22839173        3.22000000        1.35647133
    42.49389725       54.16963517        1.02760836        0.22675063        3.22000000        1.35373385
    42.54512356       54.24154225        1.02968953        0.22510398        3.22000000        1.35099921
    42.59625762       54.31344933        1.03176893        0.22345174        3.22000000        1.34826739
    42.64729902       54.38535641        1.03384654        0.22179389        3.22000000        1.34553840
    42.69824731       54.45726348        1.03592235        0.22013041        3.22000000        1.34281223
    42.74910207       54.52917056        1.03799635        0.21846127        3.22000000        1.34008888
    42.79986284       54.60107764        1.04006852        0.21678643        3.22000000        1.33736836
    42.85052919       54.67298472        1.04213885        0.21510588        3.22000000        1.33465065
    42.90110066       54.74489180        1.04420733        0.21341957        3.22000000        1.33193576
    42.95157681       54.81679887        1.04627395        0.21172749        3.22000000        1.32922368
    43.00195718       54.88870595        1.04833868        0.21002960        3.22000000        1.32651442
    43.05224130       54.96061303        1.05040153        0.20832587        3.22000000        1.32380797
    43.10242872       55.03252011        1.05246247        0.20661628        3.22000000        1.32110433
    43.15251896       55.10442719        1.05452149        0.20490079        3.22000000        1.31840350
    43.20251156       55.17633426        1.05657858        0.20317938        3.22000000        1.31570547
    43.25240604       55.24824134        1.05863372        0.20145201        3.22000000        1.31301025
    43.30220191       55.32014842        1.06068691        0.19971866        3.22000000        1.31031784
    43.35189871       55.39205550        1.06273812        0.19797930        3.22000000        1.30762823
    43.40149592       55.46396258        1.06478736        0.19623388        3.22000000        1.30494141
    43.45099307       55.53586965        1.06683459        0.19448240        3.22000000        1.30225740
    43.50038967       55.60777673        1.06887982        0.19272480        3.22000000        1.29957618
    43.54968519       55.67968381        1.07092302        0.19096107        3.22000000        1.29689776
    43.59887915       55.75159089        1.07296419        0.18919116        3.22000000        1.29422214
    43.64797104       55.82349797        1.07500330        0.18741506        3.22000000        1.29154931
    43.69696033       55.89540504        1.07704036        0.18563272        3.22000000        1.28887927
    43.74584652       55.96731212        1.07907534        0.18384412        3.22000000        1.28621202
    43.79462907       56.03921920        1.08110823        0.18204922        3.22000000        1.28354756
    43.84330747       56.11112628        1.08313902        0.18024799        3.22000000        1.28088589
    43.89188118       56.18303336        1.08516770        0.17844040        3.22000000        1.27822701
    43.94034967       56.25494043        1.08719425        0.17662642        3.22000000        1.27557091
    43.98871239       56.32684751        1.08921866        0.17480600        3.22000000        1.27291760
    44.03696881       56.39875459        1.09124091        0.17297913        3.22000000        1.27026707
    44.08511837       56.47066167        1.09326100        0.17114576        3.22000000        1.26761932
    44.13316051       56.54256875        1.09527891        0.16930587        3.22000000        1.26497435
    44.18109469       56.61447582        1.09729463        0.16745941        3.22000000        1.26233217
    44.22892033       56.68638290        1.09930815        0.16560635        3.22000000        1.25969276
    44.27663687       56.75828998        1.10131945        0.16374667        3.22000000        1.25705613
    44.32424373       56.83019706        1.10332851        0.16188032        3.22000000        1.25442227
    44.37174034       56.90210413        1.10533534        0.16000727        3.22000000        1.25179120
    44.41912611       56.97401121        1.10733991        0.15812748        3.22000000        1.24916289
    44.46640046       57.04591829        1.10934220        0.15624093        3.22000000        1.24653736
    44.51356279       57.11782537        1.11134222        0.15434757        3.22000000        1.24391461
    44.56061250       57.18973245        1.11333994        0.15244737        3.22000000        1.24129462
    44.60754900       57.26163952        1.11533536        0.15054029        3.22000000        1.23867741
    44.65437167       57.33354660        1.11732845        0.14862630        3.22000000        1.23606296
    44.70107990       57.40545368        1.11931921        0.14670536        3.22000000        1.23345129
    44.74767307       57.47736076        1.12130763        0.14477743        3.22000000        1.23084239
    44.79415056       57.54926784        1.12329369        0.14284248        3.22000000        1.22823625
    44.84051174       57.62117491        1.12527737        0.14090047        3.22000000        1.22563288
    44.88675597       57.69308199        1.12725867        0.13895136        3.22000000        1.22303228
    44.93288261       57.76498907        1.12923758        0.13699511        3.22000000        1.22043444
    44.97889103       57.83689615        1.13121407        0.13503170        3.22000000        1.21783937
    45.02478056       57.90880323        1.13318815        0.13306107        3.22000000        1.21524706
    45.07055055       57.98071030        1.13515978        0.13108319        3.22000000        1.21265752
    45.11620034       58.05261738        1.13712898        0.12909802        3.22000000        1.21007075
    45.16172926       58.12452446        1.13909571        0.12710552        3.22000000        1.20748673
    45.20713664       58.19643154        1.14105996        0.12510566        3.22000000        1.20490548
    45.25242180       58.26833862        1.14302173        0.12309839        3.22000000        1.20232699
    45.29758405       58.34024569        1.14498101        0.12108368        3.22000000        1.19975127
    45.34262270       58.41215277        1.14693777        0.11906148        3.22000000        1.19717830
    45.38753705       58.48405985        1.14889201        0.11703175        3.22000000        1.19460810
    45.43232641       58.55596693        1.15084371        0.11499445        3.22000000        1.19204066
    45.47699006       58.62787401        1.15279287        0.11294955        3.22000000        1.18947598
    45.52152729       58.69978108        1.15473946        0.11089700        3.22000000        1.18691406
    45.56593737       58.77168816        1.15668348        0.10883677        3.22000000        1.18435490
    45.61021958       58.84359524        1.15862491        0.10676879        3.22000000        1.18179850
    45.65437319       58.91550232        1.16056374        0.10469305        3.22000000        1.17924486
    45.69839745       58.98740940        1.16249997        0.10260949        3.22000000        1.17669399
    45.74229162       59.05931647        1.16443357        0.10051808        3.22000000        1.17414587
    45.78605494       59.13122355        1.16636453        0.09841876        3.22000000        1.17160051
    45.82968666       59.20313063        1.16829284        0.09631150        3.22000000        1.16905792
    45.87318601       59.27503771        1.17021850        0.09419625        3.22000000        1.16651808
    45.91655222       59.34694479        1.17214147        0.09207297        3.22000000        1.16398101
    45.95978450       59.41885186        1.17406177        0.08994162        3.22000000        1.16144669
    46.00288207       59.49075894        1.17597936        0.08780215        3.22000000        1.15891514
    46.04584414       59.56266602        1.17789424        0.08565452        3.22000000        1.15638635
    46.08866991       59.63457310        1.17980640        0.08349867        3.22000000        1.15386032
    46.13135856       59.70648018        1.18171583        0.08133458        3.22000000        1.15133706
    46.17390930       59.77838725        1.18362250        0.07916219        3.22000000        1.14881655
    46.21632129       59.85029433        1.18552642        0.07698145        3.22000000        1.14629881
    46.25859370       59.92220141        1.18742756        0.07479233        3.22000000        1.14378383
    46.30072571       59.99410849        1.18932592        0.07259477        3.22000000        1.14127162
    46.34271646       60.06601557        1.19122148        0.07038872        3.22000000        1.13876217
    46.38456512       60.13792264        1.19311423        0.06817415        3.22000000        1.13625548
    46.42627081       60.20982972        1.19500415        0.06595100        3.22000000        1.13375156
    46.46783268       60.28173680        1.19689125        0.06371923        3.22000000        1.13125041
    46.50924985       60.35364388        1.19877549        0.06147878        3.22000000        1.12875202
    46.55052144       60.42555096        1.20065688        0.05922962        3.22000000        1.12625641
    46.59164657       60.49745803        1.20253539        0.05697168        3.22000000        1.12376356
    46.63262433       60.56936511        1.20441103        0.05470493        3.22000000        1.12127347
    46.67345382       60.64127219        1.20628376        0.05242931        3.22000000        1.11878616
    46.71413414       60.71317927        1.20815359        0.05014478        3.22000000        1.11630162
    46.75466436       60.78508635        1.21002050        0.04785128        3.22000000        1.11381986
    46.79504354       60.85699342        1.21188448        0.04554876        3.22000000        1.11134086
    46.83527077       60.92890050        1.21374551        0.04323718        3.22000000        1.10886464
    46.87534508       61.00080758        1.21560359        0.04091648        3.22000000        1.10639120
    46.91526553       61.07271466        1.21745869        0.03858661        3.22000000        1.10392053
    46.95503116       61.14462174        1.21931082        0.03624752        3.22000000        1.10145264
    46.99464099       61.21652881        1.22115995        0.03389917        3.22000000        1.09898753
    47.03409405       61.28843589        1.22300608        0.03154148        3.22000000        1.09652520
    47.07338934       61.36034297        1.22484919        0.02917442        3.22000000        1.09406565
    47.11252588       61.43225005        1.22668927        0.02679794        3.22000000        1.09160888
    47.15150266       61.50415713        1.22852631        0.02441196        3.22000000        1.08915490
    47.19031866       61.57606420        1.23036030        0.02201646        3.22000000        1.08670370
    47.22897285       61.64797128        1.23219122        0.01961136        3.22000000        1.08425530
    47.26746421       61.71987836        1.23401907        0.01719662        3.22000000        1.08180968
    47.30579169       61.79178544        1.23584382        0.01477218        3.22000000        1.07936685
    47.34395425       61.86369252        1.23766547        0.01233799        3.22000000        1.07692681
    47.38195082       61.93559959        1.23948402        0.00989399        3.22000000        1.07448957
    47.41978032       62.00750667        1.24129943        0.00744012        3.22000000        1.07205513
    47.45744169       62.07941375        1.24311171        0.00497633        3.22000000        1.06962348
    47.49493382       62.15132083        1.24492084        0.00250257        3.22000000        1.06719463
    47.53225563       62.22322791        1.24672681        0.00001877        3.22000000        1.06476859
    47.56940599       62.29513498        1.24852960       -0.00247512        3.22000000        1.06234535
    47.60638380       62.36704206        1.25032921       -0.00497916        3.22000000        1.05992491
    47.64318791       62.43894914        1.25212562       -0.00749341        3.22000000        1.05750729
    47.67981719       62.51085622        1.25391883       -0.01001792        3.22000000        1.05509247
    47.71627050       62.58276330        1.25570881       -0.01255276        3.22000000        1.05268047
    47.75254665       62.65467037        1.25749556       -0.01509798        3.22000000        1.05027128
    47.78864449       62.72657745        1.25927907       -0.01765364        3.22000000        1.04786491
    47.82456284       62.79848453        1.26105932       -0.02021981        3.22000000        1.04546136
    47.86030049       62.87039161        1.26283631       -0.02279654        3.22000000        1.04306063
    47.89585625       62.94229869        1.26461001       -0.02538389        3.22000000        1.04066272
    47.93122889       63.01420576        1.26638042       -0.02798193        3.22000000        1.03826765
    47.96641719       63.08611284        1.26814753       -0.03059071        3.22000000        1.03587540
    48.00141992       63.15801992        1.26991133       -0.03321031        3.22000000        1.03348598
    48.03623582       63.22992700        1.27167180       -0.03584077        3.22000000        1.03109941
    48.07086363       63.30183408        1.27342893       -0.03848216        3.22000000        1.02871567
    48.10530208       63.37374115        1.27518271       -0.04113456        3.22000000        1.02633477
    48.13954988       63.44564823        1.27693313       -0.04379801        3.22000000        1.02395671
    48.17360574       63.51755531        1.27868017       -0.04647259        3.22000000        1.02158151
    48.20746835       63.58946239        1.28042383       -0.04915835        3.22000000        1.01920915
    48.24113639       63.66136947        1.28216409       -0.05185537        3.22000000        1.01683965
    48.27460852       63.73327654        1.28390095       -0.05456370        3.22000000        1.01447301
    48.30788340       63.80518362        1.28563438       -0.05728342        3.22000000        1.01210922
    48.34095967       63.87709070        1.28736439       -0.06001459        3.22000000        1.00974830
    48.37383596       63.94899778        1.28909095       -0.06275728        3.22000000        1.00739025
    48.40651088       64.02090485        1.29081405       -0.06551154        3.22000000        1.00503506
    48.43898305       64.09281193        1.29253369       -0.06827746        3.22000000        1.00268275
    48.47125104       64.16471901        1.29424985       -0.07105510        3.22000000        1.00033332
    48.50331344       64.23662609        1.29596252       -0.07384452        3.22000000        0.99798677
    48.53516880       64.30853317        1.29767169       -0.07664580        3.22000000        0.99564311
    48.56681569       64.38044024        1.29937735       -0.07945900        3.22000000        0.99330233
    48.59825262       64.45234732        1.30107948       -0.08228419        3.22000000        0.99096445
    48.62947814       64.52425440        1.30277808       -0.08512145        3.22000000        0.98862946
    48.66049074       64.59616148        1.30447313       -0.08797084        3.22000000        0.98629738
    48.69128891       64.66806856        1.30616462       -0.09083244        3.22000000        0.98396820
    48.72187115       64.73997563        1.30785254       -0.09370631        3.22000000        0.98164193
    48.75223591       64.81188271        1.30953688       -0.09659253        3.22000000        0.97931857
    48.78238164       64.88378979        1.31121763       -0.09949116        3.22000000        0.97699814
    48.81230678       64.95569687        1.31289477       -0.10240229        3.22000000        0.97468062
    48.84200975       65.02760395        1.31456830       -0.10532598        3.22000000        0.97236603
    48.87148895       65.09951102        1.31623820       -0.10826231        3.22000000        0.97005438
    48.90074278       65.17141810        1.31790446       -0.11121136        3.22000000        0.96774566
    48.92976961       65.24332518        1.31956707       -0.11417319        3.22000000        0.96543988
    48.95856779       65.31523226        1.32122601       -0.11714788        3.22000000        0.96313705
    48.98713568       65.38713934        1.32288129       -0.12013550        3.22000000        0.96083717
    49.01547160       65.45904641        1.32453288       -0.12313614        3.22000000        0.95854024
    49.04357386       65.53095349        1.32618078       -0.12614987        3.22000000        0.95624627
    49.07144075       65.60286057        1.32782497       -0.12917676        3.22000000        0.95395528
    49.09907056       65.67476765        1.32946544       -0.13221689        3.22000000        0.95166725
    49.12646154       65.74667473        1.33110218       -0.13527034        3.22000000        0.94938220
    49.15361193       65.81858180        1.33273518       -0.13833719        3.22000000        0.94710013
    49.18051997       65.89048888        1.33436442       -0.14141752        3.22000000        0.94482105
    49.20718387       65.96239596        1.33598991       -0.14451140        3.22000000        0.94254496
    49.23360182       66.03430304        1.33761162       -0.14761891        3.22000000        0.94027187
    49.25977199       66.10621012        1.33922954       -0.15074014        3.22000000        0.93800179
    49.28569254       66.17811719        1.34084367       -0.15387516        3.22000000        0.93573471
    49.31136161       66.25002427        1.34245398       -0.15702406        3.22000000        0.93347065
    49.33677731       66.32193135        1.34406048       -0.16018691        3.22000000        0.93120962
    49.36193776       66.39383843        1.34566315       -0.16336380        3.22000000        0.92895161
    49.38684103       66.46574551        1.34726197       -0.16655481        3.22000000        0.92669664
    49.41148519       66.53765258        1.34885694       -0.16976002        3.22000000        0.92444471
    49.43586829       66.60955966        1.35044805       -0.17297951        3.22000000        0.92219582
    49.45998834       66.68146674        1.35203528       -0.17621338        3.22000000        0.91994999
    49.48384336       66.75337382        1.35361862       -0.17946170        3.22000000        0.91770722
    49.50743133       66.82528090        1.35519806       -0.18272455        3.22000000        0.91546752
    49.53075022       66.89718797        1.35677360       -0.18600203        3.22000000        0.91323089
    49.55379797       66.96909505        1.35834521       -0.18929421        3.22000000        0.91099734
    49.57657251       67.04100213        1.35991289       -0.19260118        3.22000000        0.90876688
    49.59907174       67.11290921        1.36147663       -0.19592304        3.22000000        0.90653951
    49.62129356       67.18481629        1.36303642       -0.19925986        3.22000000        0.90431524
    49.64323581       67.25672336        1.36459224       -0.20261173        3.22000000        0.90209409
    49.66489635       67.32863044        1.36614408       -0.20597875        3.22000000        0.89987605
    49.68627298       67.40053752        1.36769194       -0.20936099        3.22000000        0.89766113
    49.70736352       67.47244460        1.36923579       -0.21275855        3.22000000        0.89544935
    49.72816572       67.54435168        1.37077564       -0.21617152        3.22000000        0.89324070
    49.74867736       67.61625875        1.37231147       -0.21959998        3.22000000        0.89103520
    49.76889614       67.68816583        1.37384326       -0.22304402        3.22000000        0.88883286
    49.78881980       67.76007291        1.37537101       -0.22650374        3.22000000        0.88663368
    49.80844599       67.83197999        1.37689471       -0.22997923        3.22000000        0.88443767
    49.82777239       67.90388707        1.37841434       -0.23347057        3.22000000        0.88224484
    49.84679664       67.97579414        1.37992990       -0.23697786        3.22000000        0.88005519
    49.86551633       68.04770122        1.38144137       -0.24050120        3.22000000        0.87786875
    49.88392907       68.11960830        1.38294874       -0.24404066        3.22000000        0.87568550
    49.90203242       68.19151538        1.38445200       -0.24759635        3.22000000        0.87350547
    49.91982391       68.26342246        1.38595113       -0.25116836        3.22000000        0.87132866
    49.93730105       68.33532953        1.38744614       -0.25475678        3.22000000        0.86915508
    49.95446133       68.40723661        1.38893700       -0.25836171        3.22000000        0.86698474
    49.97130222       68.47914369        1.39042371       -0.26198323        3.22000000        0.86481765
    49.98782115       68.55105077        1.39190626       -0.26562146        3.22000000        0.86265382
    50.00401552       68.62295785        1.39338463       -0.26927647        3.22000000        0.86049325
    50.01988272       68.69486492        1.39485881       -0.27294837        3.22000000        0.85833596
    50.03542011       68.76677200        1.39632879       -0.27663725        3.22000000        0.85618196
    50.05062501       68.83867908        1.39779457       -0.28034321        3.22000000        0.85403125
    50.06549472       68.91058616        1.39925612       -0.28406634        3.22000000        0.85188385
    50.08002651       68.98249324        1.40071344       -0.28780674        3.22000000        0.84973977
    50.09421763       69.05440031        1.40216652       -0.29156452        3.22000000        0.84759901
    50.10806529       69.12630739        1.40361535       -0.29533976        3.22000000        0.84546158
    50.12156667       69.19821447        1.40505991       -0.29913257        3.22000000        0.84332751
    50.13471893       69.27012155        1.40650019       -0.30294303        3.22000000        0.84119679
    50.14751920       69.34202863        1.40793619       -0.30677126        3.22000000        0.83906943
    50.15996457       69.41393570        1.40936789       -0.31061736        3.22000000        0.83694546
    50.17205212       69.48584278        1.41079528       -0.31448141        3.22000000        0.83482487
    50.18377886       69.55774986        1.41221835       -0.31836352        3.22000000        0.83270768
    50.19514181       69.62965694        1.41363709       -0.32226379        3.22000000        0.83059391
    50.20613794       69.70156402        1.41505149       -0.32618232        3.22000000        0.82848355
    50.21676418       69.77347109        1.41646153       -0.33011921        3.22000000        0.82637663
    50.22701745       69.84537817        1.41786721       -0.33407455        3.22000000        0.82427316
    50.23689462       69.91728525        1.41926851       -0.33804846        3.22000000        0.82217314
    50.24639253       69.98919233        1.42066542       -0.34204104        3.22000000        0.82007659
    50.25550799       70.06109941        1.42205794       -0.34605237        3.22000000        0.81798352
    50.26423777       70.13300648        1.42344605       -0.35008257        3.22000000        0.81589395
    50.27257861       70.20491356        1.42482974       -0.35413174        3.22000000        0.81380787
    50.28052722       70.27682064        1.42620899       -0.35819997        3.22000000        0.81172532
    50.28808027       70.34872772        1.42758380       -0.36228738        3.22000000        0.80964629
    50.29523438       70.42063480        1.42895416       -0.36639405        3.22000000        0.80757081
    50.30198617       70.49254187        1.43032006       -0.37052010        3.22000000        0.80549888
    50.30833218       70.56444895        1.43168147       -0.37466563        3.22000000        0.80343052
    50.31426895       70.63635603        1.43303840       -0.37883074        3.22000000        0.80136575
    50.31979296       70.70826311        1.43439083       -0.38301552        3.22000000        0.79930456
    50.32490066       70.78017018        1.43573875       -0.38722009        3.22000000        0.79724699
    50.32958847       70.85207726        1.43708215       -0.39144455        3.22000000        0.79519303
    50.33385275       70.92398434        1.43842102       -0.39568900        3.22000000        0.79314271
    50.33768983       70.99589142        1.43975534       -0.39995353        3.22000000        0.79109604
    50.34109602       71.06779850        1.44108510       -0.40423826        3.22000000        0.78905304
    50.34406757       71.13970557        1.44241030       -0.40854329        3.22000000        0.78701370
    50.34660068       71.21161265        1.44373092       -0.41286871        3.22000000        0.78497807
    50.34869153       71.28351973        1.44504695       -0.41721463        3.22000000        0.78294613
    50.35033625       71.35542681        1.44635838       -0.42158116        3.22000000        0.78091792
    50.35153094       71.42733389        1.44766520       -0.42596839        3.22000000        0.77889345
    50.35227162       71.49924096        1.44896739       -0.43037643        3.22000000        0.77687272
    50.35255431       71.57114804        1.45026494       -0.43480537        3.22000000        0.77485576
