#  Theta paroi en deg Angle Choc en deg       Kp           Inverse Mach       Mach amont       Mach aval
     0.00000000       24.40746892        0.00000000        0.58677686        2.42000000
     1.81752709       24.40943669        0.00584294        0.58417084        2.42000000        2.41988683
     2.18837535       24.41218996        0.00797833        0.58322587        2.42000000        2.41972851
     2.58937867       24.41729970        0.01055747        0.58208968        2.42000000        2.41943475
     3.02286771       24.42633689        0.01363685        0.58074037        2.42000000        2.41891543
     3.47084665       24.44087252        0.01711509        0.57922558        2.42000000        2.41808074
     3.92261343       24.46247757        0.02090881        0.57758435        2.42000000        2.41684145
     4.37398254       24.49272301        0.02497118        0.57583922        2.42000000        2.41510927
     4.82419788       24.53317984        0.02928212        0.57400085        2.42000000        2.41279721
     5.27409790       24.58541903        0.03383889        0.57207232        2.42000000        2.40982009
     5.72521801       24.65101156        0.03865010        0.57005196        2.42000000        2.40609504
     6.10125354       24.71660409        0.04284125        0.56830481        2.42000000        2.40238438
     6.42856604       24.78219662        0.04662061        0.56673924        2.42000000        2.39868791
     6.72138991       24.84778915        0.05010383        0.56530443        2.42000000        2.39500546
     6.98835748       24.91338168        0.05336261        0.56396889        2.42000000        2.39133684
     7.23513092       24.97897421        0.05644479        0.56271165        2.42000000        2.38768188
     7.46564108       25.04456674        0.05938409        0.56151790        2.42000000        2.38404039
     7.68273727       25.11015927        0.06220523        0.56037681        2.42000000        2.38041220
     7.88855593       25.17575181        0.06492696        0.55928015        2.42000000        2.37679715
     8.08474361       25.24134434        0.06756386        0.55822152        2.42000000        2.37319506
     8.27259820       25.30693687        0.07012751        0.55719586        2.42000000        2.36960577
     8.45316240       25.37252940        0.07262730        0.55619903        2.42000000        2.36602913
     8.62728749       25.43812193        0.07507091        0.55522766        2.42000000        2.36246496
     8.79567825       25.50371446        0.07746476        0.55427894        2.42000000        2.35891312
     8.95892529       25.56930699        0.07981425        0.55335048        2.42000000        2.35537344
     9.11752878       25.63489952        0.08212398        0.55244026        2.42000000        2.35184578
     9.27191638       25.70049205        0.08439788        0.55154655        2.42000000        2.34833000
     9.42245684       25.76608458        0.08663936        0.55066783        2.42000000        2.34482593
     9.56947050       25.83167712        0.08885141        0.54980281        2.42000000        2.34133344
     9.71323755       25.89726965        0.09103661        0.54895032        2.42000000        2.33785238
     9.85400462       25.96286218        0.09319729        0.54810934        2.42000000        2.33438262
     9.99198998       26.02845471        0.09533547        0.54727897        2.42000000        2.33092402
    10.12738781       26.09404724        0.09745296        0.54645839        2.42000000        2.32747643
    10.26037171       26.15963977        0.09955141        0.54564689        2.42000000        2.32403974
    10.39109753       26.22523230        0.10163227        0.54484381        2.42000000        2.32061380
    10.51970578       26.29082483        0.10369687        0.54404856        2.42000000        2.31719849
    10.64632357       26.35641736        0.10574639        0.54326060        2.42000000        2.31379368
    10.77106634       26.42200990        0.10778192        0.54247944        2.42000000        2.31039925
    10.89403924       26.48760243        0.10980446        0.54170464        2.42000000        2.30701507
    11.01533833       26.55319496        0.11181490        0.54093578        2.42000000        2.30364102
    11.13505167       26.61878749        0.11381407        0.54017250        2.42000000        2.30027698
    11.25326012       26.68438002        0.11580274        0.53941444        2.42000000        2.29692283
    11.37003820       26.74997255        0.11778161        0.53866129        2.42000000        2.29357847
    11.48545471       26.81556508        0.11975132        0.53791274        2.42000000        2.29024377
    11.59957328       26.88115761        0.12171247        0.53716853        2.42000000        2.28691862
    11.71245292       26.94675014        0.12366561        0.53642839        2.42000000        2.28360291
    11.82414849       27.01234268        0.12561125        0.53569210        2.42000000        2.28029654
    11.93471103       27.07793521        0.12754988        0.53495942        2.42000000        2.27699939
    12.04418815       27.14352774        0.12948194        0.53423015        2.42000000        2.27371136
    12.15262432       27.20912027        0.13140784        0.53350409        2.42000000        2.27043235
    12.26006116       27.27471280        0.13332798        0.53278107        2.42000000        2.26716226
    12.36653766       27.34030533        0.13524270        0.53206091        2.42000000        2.26390097
    12.47209042       27.40589786        0.13715235        0.53134344        2.42000000        2.26064841
    12.57675385       27.47149039        0.13905726        0.53062852        2.42000000        2.25740446
    12.68056032       27.53708292        0.14095771        0.52991601        2.42000000        2.25416903
    12.78354033       27.60267546        0.14285399        0.52920576        2.42000000        2.25094203
    12.88572269       27.66826799        0.14474636        0.52849765        2.42000000        2.24772336
    12.98713457       27.73386052        0.14663508        0.52779156        2.42000000        2.24451294
    13.08780171       27.79945305        0.14852037        0.52708737        2.42000000        2.24131066
    13.18774844       27.86504558        0.15040246        0.52638497        2.42000000        2.23811645
    13.28699784       27.93063811        0.15228155        0.52568425        2.42000000        2.23493021
    13.38557181       27.99623064        0.15415785        0.52498513        2.42000000        2.23175185
    13.48349114       28.06182317        0.15603153        0.52428750        2.42000000        2.22858130
    13.58077559       28.12741570        0.15790279        0.52359127        2.42000000        2.22541847
    13.67744398       28.19300823        0.15977178        0.52289636        2.42000000        2.22226327
    13.77351419       28.25860077        0.16163866        0.52220269        2.42000000        2.21911562
    13.86900330       28.32419330        0.16350359        0.52151017        2.42000000        2.21597545
    13.96392759       28.38978583        0.16536671        0.52081874        2.42000000        2.21284268
    14.05830259       28.45537836        0.16722816        0.52012832        2.42000000        2.20971722
    14.15214315       28.52097089        0.16908805        0.51943884        2.42000000        2.20659899
    14.24546346       28.58656342        0.17094653        0.51875023        2.42000000        2.20348794
    14.33827709       28.65215595        0.17280370        0.51806244        2.42000000        2.20038397
    14.43059705       28.71774848        0.17465967        0.51737539        2.42000000        2.19728702
    14.52243578       28.78334101        0.17651456        0.51668904        2.42000000        2.19419701
    14.61380522       28.84893355        0.17836846        0.51600333        2.42000000        2.19111387
    14.70471683       28.91452608        0.18022147        0.51531819        2.42000000        2.18803753
    14.79518158       28.98011861        0.18207369        0.51463359        2.42000000        2.18496793
    14.88521004       29.04571114        0.18392519        0.51394946        2.42000000        2.18190499
    14.97481235       29.11130367        0.18577607        0.51326577        2.42000000        2.17884865
    15.06399825       29.17689620        0.18762641        0.51258245        2.42000000        2.17579883
    15.15277714       29.24248873        0.18947627        0.51189948        2.42000000        2.17275548
    15.24115804       29.30808126        0.19132574        0.51121680        2.42000000        2.16971853
    15.32914964       29.37367379        0.19317489        0.51053437        2.42000000        2.16668792
    15.41676033       29.43926633        0.19502378        0.50985215        2.42000000        2.16366358
    15.50399817       29.50485886        0.19687247        0.50917011        2.42000000        2.16064546
    15.59087097       29.57045139        0.19872103        0.50848819        2.42000000        2.15763348
    15.67738623       29.63604392        0.20056952        0.50780637        2.42000000        2.15462760
    15.76355120       29.70163645        0.20241799        0.50712461        2.42000000        2.15162774
    15.84937290       29.76722898        0.20426649        0.50644288        2.42000000        2.14863387
    15.93485809       29.83282151        0.20611508        0.50576114        2.42000000        2.14564590
    16.02001332       29.89841404        0.20796381        0.50507935        2.42000000        2.14266380
    16.10484490       29.96400657        0.20981272        0.50439749        2.42000000        2.13968750
    16.18935896       30.02959911        0.21166187        0.50371552        2.42000000        2.13671695
    16.27356142       30.09519164        0.21351128        0.50303341        2.42000000        2.13375209
    16.35745801       30.16078417        0.21536101        0.50235114        2.42000000        2.13079288
    16.44105428       30.22637670        0.21721109        0.50166868        2.42000000        2.12783925
    16.52435561       30.29196923        0.21906157        0.50098599        2.42000000        2.12489116
    16.60736720       30.35756176        0.22091247        0.50030306        2.42000000        2.12194855
    16.69009412       30.42315429        0.22276384        0.49961984        2.42000000        2.11901137
    16.77254126       30.48874682        0.22461571        0.49893633        2.42000000        2.11607958
    16.85471338       30.55433935        0.22646810        0.49825249        2.42000000        2.11315312
    16.93661508       30.61993189        0.22832106        0.49756830        2.42000000        2.11023195
    17.01825084       30.68552442        0.23017461        0.49688373        2.42000000        2.10731602
    17.09962501       30.75111695        0.23202877        0.49619876        2.42000000        2.10440528
    17.18074180       30.81670948        0.23388358        0.49551337        2.42000000        2.10149968
    17.26160534       30.88230201        0.23573906        0.49482753        2.42000000        2.09859918
    17.34221959       30.94789454        0.23759524        0.49414123        2.42000000        2.09570373
    17.42258843       31.01348707        0.23945214        0.49345444        2.42000000        2.09281329
    17.50271564       31.07907960        0.24130979        0.49276714        2.42000000        2.08992782
    17.58260487       31.14467213        0.24316820        0.49207931        2.42000000        2.08704726
    17.66225969       31.21026466        0.24502739        0.49139094        2.42000000        2.08417159
    17.74168358       31.27585720        0.24688739        0.49070199        2.42000000        2.08130075
    17.82087991       31.34144973        0.24874822        0.49001245        2.42000000        2.07843470
    17.89985197       31.40704226        0.25060989        0.48932231        2.42000000        2.07557341
    17.97860295       31.47263479        0.25247243        0.48863154        2.42000000        2.07271682
    18.05713599       31.53822732        0.25433584        0.48794013        2.42000000        2.06986491
    18.13545413       31.60381985        0.25620015        0.48724806        2.42000000        2.06701764
    18.21356031       31.66941238        0.25806536        0.48655531        2.42000000        2.06417495
    18.29145744       31.73500491        0.25993150        0.48586186        2.42000000        2.06133683
    18.36914832       31.80059744        0.26179858        0.48516770        2.42000000        2.05850322
    18.44663571       31.86618998        0.26366662        0.48447281        2.42000000        2.05567409
    18.52392227       31.93178251        0.26553561        0.48377717        2.42000000        2.05284940
    18.60101063       31.99737504        0.26740558        0.48308077        2.42000000        2.05002912
    18.67790332       32.06296757        0.26927654        0.48238359        2.42000000        2.04721321
    18.75460285       32.12856010        0.27114850        0.48168562        2.42000000        2.04440164
    18.83111164       32.19415263        0.27302147        0.48098684        2.42000000        2.04159437
    18.90743206       32.25974516        0.27489545        0.48028724        2.42000000        2.03879136
    18.98356642       32.32533769        0.27677047        0.47958681        2.42000000        2.03599259
    19.05951699       32.39093022        0.27864652        0.47888551        2.42000000        2.03319801
    19.13528598       32.45652276        0.28052362        0.47818336        2.42000000        2.03040760
    19.21087554       32.52211529        0.28240177        0.47748032        2.42000000        2.02762132
    19.28628780       32.58770782        0.28428098        0.47677639        2.42000000        2.02483915
    19.36152479       32.65330035        0.28616126        0.47607155        2.42000000        2.02206104
    19.43658855       32.71889288        0.28804261        0.47536578        2.42000000        2.01928697
    19.51148105       32.78448541        0.28992504        0.47465909        2.42000000        2.01651691
    19.58620421       32.85007794        0.29180856        0.47395144        2.42000000        2.01375082
    19.66075991       32.91567047        0.29369317        0.47324284        2.42000000        2.01098868
    19.73515000       32.98126300        0.29557888        0.47253326        2.42000000        2.00823045
    19.80937630       33.04685554        0.29746569        0.47182270        2.42000000        2.00547611
    19.88344054       33.11244807        0.29935360        0.47111113        2.42000000        2.00272563
    19.95734448       33.17804060        0.30124262        0.47039856        2.42000000        1.99997898
    20.03108979       33.24363313        0.30313276        0.46968496        2.42000000        1.99723613
    20.10467813       33.30922566        0.30502401        0.46897033        2.42000000        1.99449706
    20.17811112       33.37481819        0.30691638        0.46825466        2.42000000        1.99176172
    20.25139034       33.44041072        0.30880987        0.46753792        2.42000000        1.98903011
    20.32451737       33.50600325        0.31070448        0.46682012        2.42000000        1.98630219
    20.39749370       33.57159578        0.31260023        0.46610123        2.42000000        1.98357794
    20.47032083       33.63718831        0.31449710        0.46538126        2.42000000        1.98085732
    20.54300023       33.70278085        0.31639509        0.46466018        2.42000000        1.97814032
    20.61553332       33.76837338        0.31829422        0.46393798        2.42000000        1.97542691
    20.68792150       33.83396591        0.32019449        0.46321466        2.42000000        1.97271706
    20.76016615       33.89955844        0.32209588        0.46249020        2.42000000        1.97001075
    20.83226861       33.96515097        0.32399841        0.46176460        2.42000000        1.96730795
    20.90423021       34.03074350        0.32590207        0.46103784        2.42000000        1.96460864
    20.97605223       34.09633603        0.32780686        0.46030991        2.42000000        1.96191280
    21.04773594       34.16192856        0.32971278        0.45958080        2.42000000        1.95922040
    21.11928259       34.22752109        0.33161984        0.45885050        2.42000000        1.95653143
    21.19069340       34.29311363        0.33352803        0.45811901        2.42000000        1.95384585
    21.26196956       34.35870616        0.33543735        0.45738631        2.42000000        1.95116364
    21.33311224       34.42429869        0.33734781        0.45665238        2.42000000        1.94848479
    21.40412261       34.48989122        0.33925939        0.45591723        2.42000000        1.94580926
    21.47500177       34.55548375        0.34117210        0.45518084        2.42000000        1.94313705
    21.54575085       34.62107628        0.34308593        0.45444320        2.42000000        1.94046812
    21.61637092       34.68666881        0.34500089        0.45370430        2.42000000        1.93780246
    21.68686306       34.75226134        0.34691697        0.45296413        2.42000000        1.93514004
    21.75722830       34.81785387        0.34883417        0.45222269        2.42000000        1.93248085
    21.82746768       34.88344641        0.35075249        0.45147996        2.42000000        1.92982486
    21.89758221       34.94903894        0.35267192        0.45073593        2.42000000        1.92717206
    21.96757286       35.01463147        0.35459247        0.44999060        2.42000000        1.92452242
    22.03744062       35.08022400        0.35651413        0.44924395        2.42000000        1.92187592
    22.10718644       35.14581653        0.35843689        0.44849597        2.42000000        1.91923255
    22.17681125       35.21140906        0.36036076        0.44774666        2.42000000        1.91659229
    22.24631597       35.27700159        0.36228573        0.44699601        2.42000000        1.91395512
    22.31570151       35.34259412        0.36421179        0.44624401        2.42000000        1.91132101
    22.38496874       35.40818665        0.36613895        0.44549065        2.42000000        1.90868995
    22.45411855       35.47377919        0.36806720        0.44473592        2.42000000        1.90606193
    22.52315178       35.53937172        0.36999654        0.44397980        2.42000000        1.90343692
    22.59206927       35.60496425        0.37192696        0.44322230        2.42000000        1.90081491
    22.66087185       35.67055678        0.37385846        0.44246341        2.42000000        1.89819588
    22.72956033       35.73614931        0.37579103        0.44170311        2.42000000        1.89557981
    22.79813550       35.80174184        0.37772467        0.44094139        2.42000000        1.89296668
    22.86659815       35.86733437        0.37965938        0.44017825        2.42000000        1.89035649
    22.93494903       35.93292690        0.38159515        0.43941368        2.42000000        1.88774920
    23.00318892       35.99851943        0.38353197        0.43864767        2.42000000        1.88514482
    23.07131854       36.06411196        0.38546985        0.43788022        2.42000000        1.88254331
    23.13933864       36.12970450        0.38740877        0.43711130        2.42000000        1.87994466
    23.20724991       36.19529703        0.38934874        0.43634092        2.42000000        1.87734887
    23.27505307       36.26088956        0.39128974        0.43556907        2.42000000        1.87475590
    23.34274880       36.32648209        0.39323178        0.43479573        2.42000000        1.87216575
    23.41033780       36.39207462        0.39517484        0.43402090        2.42000000        1.86957841
    23.47782071       36.45766715        0.39711893        0.43324458        2.42000000        1.86699385
    23.54519821       36.52325968        0.39906403        0.43246674        2.42000000        1.86441206
    23.61247093       36.58885221        0.40101014        0.43168739        2.42000000        1.86183303
    23.67963951       36.65444474        0.40295725        0.43090652        2.42000000        1.85925675
    23.74670457       36.72003728        0.40490537        0.43012411        2.42000000        1.85668319
    23.81366672       36.78562981        0.40685448        0.42934016        2.42000000        1.85411235
    23.88052658       36.85122234        0.40880457        0.42855467        2.42000000        1.85154421
    23.94728472       36.91681487        0.41075565        0.42776762        2.42000000        1.84897875
    24.01394173       36.98240740        0.41270770        0.42697900        2.42000000        1.84641598
    24.08049818       37.04799993        0.41466073        0.42618881        2.42000000        1.84385586
    24.14695464       37.11359246        0.41661471        0.42539704        2.42000000        1.84129838
    24.21331165       37.17918499        0.41856966        0.42460368        2.42000000        1.83874355
    24.27956977       37.24477752        0.42052555        0.42380872        2.42000000        1.83619133
    24.34572952       37.31037006        0.42248239        0.42301216        2.42000000        1.83364172
    24.41179143       37.37596259        0.42444016        0.42221398        2.42000000        1.83109471
    24.47775602       37.44155512        0.42639887        0.42141418        2.42000000        1.82855029
    24.54362379       37.50714765        0.42835850        0.42061275        2.42000000        1.82600843
    24.60939524       37.57274018        0.43031905        0.41980969        2.42000000        1.82346913
    24.67507087       37.63833271        0.43228051        0.41900497        2.42000000        1.82093238
    24.74065115       37.70392524        0.43424288        0.41819861        2.42000000        1.81839817
    24.80613657       37.76951777        0.43620614        0.41739058        2.42000000        1.81586648
    24.87152759       37.83511030        0.43817029        0.41658089        2.42000000        1.81333731
    24.93682465       37.90070284        0.44013533        0.41576952        2.42000000        1.81081063
    25.00202823       37.96629537        0.44210124        0.41495646        2.42000000        1.80828645
    25.06713876       38.03188790        0.44406802        0.41414171        2.42000000        1.80576474
    25.13215667       38.09748043        0.44603567        0.41332526        2.42000000        1.80324551
    25.19708240       38.16307296        0.44800417        0.41250710        2.42000000        1.80072873
    25.26191636       38.22866549        0.44997352        0.41168722        2.42000000        1.79821440
    25.32665898       38.29425802        0.45194370        0.41086562        2.42000000        1.79570250
    25.39131065       38.35985055        0.45391473        0.41004228        2.42000000        1.79319303
    25.45587177       38.42544308        0.45588657        0.40921721        2.42000000        1.79068597
    25.52034275       38.49103561        0.45785924        0.40839039        2.42000000        1.78818132
    25.58472396       38.55662815        0.45983271        0.40756181        2.42000000        1.78567907
    25.64901579       38.62222068        0.46180699        0.40673147        2.42000000        1.78317920
    25.71321862       38.68781321        0.46378206        0.40589935        2.42000000        1.78068171
    25.77733279       38.75340574        0.46575792        0.40506546        2.42000000        1.77818658
    25.84135869       38.81899827        0.46773456        0.40422978        2.42000000        1.77569381
    25.90529667       38.88459080        0.46971197        0.40339230        2.42000000        1.77320339
    25.96914706       38.95018333        0.47169015        0.40255302        2.42000000        1.77071530
    26.03291022       39.01577586        0.47366908        0.40171193        2.42000000        1.76822955
    26.09658648       39.08136839        0.47564876        0.40086902        2.42000000        1.76574611
    26.16017617       39.14696093        0.47762918        0.40002428        2.42000000        1.76326498
    26.22367962       39.21255346        0.47961034        0.39917771        2.42000000        1.76078616
    26.28709714       39.27814599        0.48159221        0.39832930        2.42000000        1.75830963
    26.35042906       39.34373852        0.48357481        0.39747903        2.42000000        1.75583538
    26.41367568       39.40933105        0.48555811        0.39662691        2.42000000        1.75336341
    26.47683729       39.47492358        0.48754211        0.39577292        2.42000000        1.75089371
    26.53991421       39.54051611        0.48952681        0.39491706        2.42000000        1.74842627
    26.60290672       39.60610864        0.49151218        0.39405932        2.42000000        1.74596107
    26.66581510       39.67170117        0.49349823        0.39319968        2.42000000        1.74349812
    26.72863965       39.73729371        0.49548495        0.39233815        2.42000000        1.74103741
    26.79138064       39.80288624        0.49747233        0.39147471        2.42000000        1.73857892
    26.85403833       39.86847877        0.49946036        0.39060936        2.42000000        1.73612265
    26.91661299       39.93407130        0.50144903        0.38974209        2.42000000        1.73366860
    26.97910489       39.99966383        0.50343833        0.38887289        2.42000000        1.73121674
    27.04151429       40.06525636        0.50542826        0.38800175        2.42000000        1.72876709
    27.10384143       40.13084889        0.50741880        0.38712867        2.42000000        1.72631962
    27.16608657       40.19644142        0.50940996        0.38625363        2.42000000        1.72387433
    27.22824994       40.26203395        0.51140171        0.38537663        2.42000000        1.72143122
    27.29033178       40.32762649        0.51339405        0.38449766        2.42000000        1.71899027
    27.35233234       40.39321902        0.51538697        0.38361672        2.42000000        1.71655149
    27.41425183       40.45881155        0.51738047        0.38273379        2.42000000        1.71411486
    27.47609048       40.52440408        0.51937453        0.38184887        2.42000000        1.71168037
    27.53784852       40.58999661        0.52136915        0.38096194        2.42000000        1.70924803
    27.59952616       40.65558914        0.52336431        0.38007301        2.42000000        1.70681781
    27.66112360       40.72118167        0.52536001        0.37918206        2.42000000        1.70438972
    27.72264107       40.78677420        0.52735624        0.37828909        2.42000000        1.70196375
    27.78407876       40.85236673        0.52935300        0.37739408        2.42000000        1.69953990
    27.84543687       40.91795926        0.53135026        0.37649703        2.42000000        1.69711815
    27.90671559       40.98355180        0.53334803        0.37559793        2.42000000        1.69469850
    27.96791513       41.04914433        0.53534629        0.37469677        2.42000000        1.69228095
    28.02903566       41.11473686        0.53734503        0.37379355        2.42000000        1.68986548
    28.09007737       41.18032939        0.53934426        0.37288825        2.42000000        1.68745209
    28.15104043       41.24592192        0.54134395        0.37198087        2.42000000        1.68504078
    28.21192503       41.31151445        0.54334409        0.37107140        2.42000000        1.68263154
    28.27273134       41.37710698        0.54534469        0.37015983        2.42000000        1.68022436
    28.33345951       41.44269951        0.54734572        0.36924615        2.42000000        1.67781924
    28.39410973       41.50829204        0.54934719        0.36833036        2.42000000        1.67541618
    28.45468214       41.57388458        0.55134908        0.36741245        2.42000000        1.67301516
    28.51517691       41.63947711        0.55335138        0.36649240        2.42000000        1.67061618
    28.57559419       41.70506964        0.55535408        0.36557022        2.42000000        1.66821923
    28.63593413       41.77066217        0.55735718        0.36464589        2.42000000        1.66582432
    28.69619687       41.83625470        0.55936066        0.36371940        2.42000000        1.66343143
    28.75638256       41.90184723        0.56136452        0.36279074        2.42000000        1.66104056
    28.81649133       41.96743976        0.56336875        0.36185991        2.42000000        1.65865170
    28.87652332       42.03303229        0.56537333        0.36092690        2.42000000        1.65626486
    28.93647867       42.09862482        0.56737826        0.35999170        2.42000000        1.65388001
    28.99635750       42.16421736        0.56938353        0.35905430        2.42000000        1.65149717
    29.05615995       42.22980989        0.57138913        0.35811470        2.42000000        1.64911632
    29.11588612       42.29540242        0.57339505        0.35717287        2.42000000        1.64673745
    29.17553614       42.36099495        0.57540128        0.35622883        2.42000000        1.64436057
    29.23511013       42.42658748        0.57740781        0.35528255        2.42000000        1.64198567
    29.29460819       42.49218001        0.57941463        0.35433403        2.42000000        1.63961275
    29.35403044       42.55777254        0.58142174        0.35338326        2.42000000        1.63724179
    29.41337698       42.62336507        0.58342912        0.35243023        2.42000000        1.63487280
    29.47264793       42.68895760        0.58543676        0.35147494        2.42000000        1.63250577
    29.53184337       42.75455014        0.58744466        0.35051737        2.42000000        1.63014069
    29.59096340       42.82014267        0.58945280        0.34955751        2.42000000        1.62777757
    29.65000811       42.88573520        0.59146118        0.34859536        2.42000000        1.62541639
    29.70897761       42.95132773        0.59346978        0.34763091        2.42000000        1.62305715
    29.76787196       43.01692026        0.59547860        0.34666415        2.42000000        1.62069986
    29.82669127       43.08251279        0.59748763        0.34569507        2.42000000        1.61834449
    29.88543562       43.14810532        0.59949685        0.34472367        2.42000000        1.61599106
    29.94410506       43.21369785        0.60150626        0.34374992        2.42000000        1.61363955
    30.00269970       43.27929038        0.60351585        0.34277383        2.42000000        1.61128997
    30.06121959       43.34488291        0.60552561        0.34179538        2.42000000        1.60894230
    30.11966481       43.41047545        0.60753552        0.34081457        2.42000000        1.60659654
    30.17803543       43.47606798        0.60954559        0.33983139        2.42000000        1.60425270
    30.23633151       43.54166051        0.61155580        0.33884583        2.42000000        1.60191076
    30.29455311       43.60725304        0.61356613        0.33785787        2.42000000        1.59957072
    30.35270028       43.67284557        0.61557659        0.33686752        2.42000000        1.59723258
    30.41077310       43.73843810        0.61758715        0.33587475        2.42000000        1.59489633
    30.46877160       43.80403063        0.61959782        0.33487957        2.42000000        1.59256198
    30.52669584       43.86962316        0.62160858        0.33388196        2.42000000        1.59022951
    30.58454587       43.93521569        0.62361942        0.33288192        2.42000000        1.58789892
    30.64232173       44.00080823        0.62563033        0.33187943        2.42000000        1.58557022
    30.70002347       44.06640076        0.62764131        0.33087448        2.42000000        1.58324339
    30.75765112       44.13199329        0.62965233        0.32986707        2.42000000        1.58091843
    30.81520472       44.19758582        0.63166340        0.32885719        2.42000000        1.57859535
    30.87268430       44.26317835        0.63367450        0.32784482        2.42000000        1.57627413
    30.93008990       44.32877088        0.63568563        0.32682997        2.42000000        1.57395477
    30.98742154       44.39436341        0.63769677        0.32581261        2.42000000        1.57163727
    31.04467926       44.45995594        0.63970791        0.32479274        2.42000000        1.56932163
    31.10186308       44.52554847        0.64171904        0.32377035        2.42000000        1.56700784
    31.15897301       44.59114101        0.64373016        0.32274543        2.42000000        1.56469590
    31.21600908       44.65673354        0.64574126        0.32171797        2.42000000        1.56238581
    31.27297130       44.72232607        0.64775231        0.32068796        2.42000000        1.56007756
    31.32985968       44.78791860        0.64976333        0.31965540        2.42000000        1.55777115
    31.38667424       44.85351113        0.65177428        0.31862026        2.42000000        1.55546658
    31.44341499       44.91910366        0.65378517        0.31758255        2.42000000        1.55316384
    31.50008193       44.98469619        0.65579599        0.31654225        2.42000000        1.55086294
    31.55667506       45.05028872        0.65780672        0.31549935        2.42000000        1.54856386
    31.61319440       45.11588125        0.65981736        0.31445385        2.42000000        1.54626661
    31.66963992       45.18147379        0.66182789        0.31340573        2.42000000        1.54397119
    31.72601164       45.24706632        0.66383830        0.31235498        2.42000000        1.54167758
    31.78230954       45.31265885        0.66584860        0.31130160        2.42000000        1.53938579
    31.83853363       45.37825138        0.66785875        0.31024557        2.42000000        1.53709582
    31.89468387       45.44384391        0.66986876        0.30918688        2.42000000        1.53480766
    31.95076027       45.50943644        0.67187862        0.30812553        2.42000000        1.53252131
    32.00676281       45.57502897        0.67388832        0.30706150        2.42000000        1.53023676
    32.06269146       45.64062150        0.67589783        0.30599478        2.42000000        1.52795402
    32.11854622       45.70621403        0.67790717        0.30492537        2.42000000        1.52567309
    32.17432705       45.77180656        0.67991631        0.30385325        2.42000000        1.52339395
    32.23003393       45.83739910        0.68192524        0.30277841        2.42000000        1.52111661
    32.28566684       45.90299163        0.68393396        0.30170085        2.42000000        1.51884106
    32.34122574       45.96858416        0.68594246        0.30062054        2.42000000        1.51656731
    32.39671059       46.03417669        0.68795072        0.29953749        2.42000000        1.51429535
    32.45212138       46.09976922        0.68995874        0.29845168        2.42000000        1.51202517
    32.50745805       46.16536175        0.69196651        0.29736311        2.42000000        1.50975678
    32.56272058       46.23095428        0.69397401        0.29627175        2.42000000        1.50749018
    32.61790891       46.29654681        0.69598123        0.29517760        2.42000000        1.50522535
    32.67302301       46.36213934        0.69798817        0.29408066        2.42000000        1.50296231
    32.72806282       46.42773188        0.69999482        0.29298090        2.42000000        1.50070104
    32.78302831       46.49332441        0.70200116        0.29187832        2.42000000        1.49844154
    32.83791942       46.55891694        0.70400719        0.29077291        2.42000000        1.49618382
    32.89273609       46.62450947        0.70601289        0.28966466        2.42000000        1.49392787
    32.94747828       46.69010200        0.70801826        0.28855355        2.42000000        1.49167369
    33.00214592       46.75569453        0.71002328        0.28743958        2.42000000        1.48942127
    33.05673896       46.82128706        0.71202795        0.28632273        2.42000000        1.48717062
    33.11125733       46.88687959        0.71403226        0.28520300        2.42000000        1.48492173
    33.16570097       46.95247212        0.71603618        0.28408037        2.42000000        1.48267460
    33.22006980       47.01806466        0.71803973        0.28295483        2.42000000        1.48042923
    33.27436378       47.08365719        0.72004288        0.28182637        2.42000000        1.47818562
    33.32858282       47.14924972        0.72204562        0.28069498        2.42000000        1.47594376
    33.38272684       47.21484225        0.72404795        0.27956065        2.42000000        1.47370366
    33.43679578       47.28043478        0.72604985        0.27842337        2.42000000        1.47146531
    33.49078956       47.34602731        0.72805132        0.27728313        2.42000000        1.46922871
    33.54470809       47.41161984        0.73005234        0.27613990        2.42000000        1.46699385
    33.59855130       47.47721237        0.73205291        0.27499370        2.42000000        1.46476075
    33.65231910       47.54280490        0.73405301        0.27384449        2.42000000        1.46252939
    33.70601140       47.60839744        0.73605264        0.27269228        2.42000000        1.46029977
    33.75962812       47.67398997        0.73805178        0.27153705        2.42000000        1.45807189
    33.81316916       47.73958250        0.74005042        0.27037878        2.42000000        1.45584576
    33.86663444       47.80517503        0.74204856        0.26921747        2.42000000        1.45362136
    33.92002384       47.87076756        0.74404618        0.26805311        2.42000000        1.45139870
    33.97333729       47.93636009        0.74604327        0.26688568        2.42000000        1.44917777
    34.02657468       48.00195262        0.74803983        0.26571517        2.42000000        1.44695858
    34.07973590       48.06754515        0.75003584        0.26454157        2.42000000        1.44474113
    34.13282086       48.13313768        0.75203129        0.26336486        2.42000000        1.44252540
    34.18582944       48.19873021        0.75402618        0.26218505        2.42000000        1.44031141
    34.23876154       48.26432275        0.75602049        0.26100211        2.42000000        1.43809914
    34.29161704       48.32991528        0.75801421        0.25981603        2.42000000        1.43588860
    34.34439584       48.39550781        0.76000734        0.25862680        2.42000000        1.43367979
    34.39709782       48.46110034        0.76199986        0.25743440        2.42000000        1.43147270
    34.44972286       48.52669287        0.76399176        0.25623884        2.42000000        1.42926734
    34.50227084       48.59228540        0.76598303        0.25504009        2.42000000        1.42706369
    34.55474164       48.65787793        0.76797366        0.25383814        2.42000000        1.42486177
    34.60713514       48.72347046        0.76996365        0.25263297        2.42000000        1.42266157
    34.65945121       48.78906299        0.77195298        0.25142459        2.42000000        1.42046309
    34.71168972       48.85465553        0.77394163        0.25021297        2.42000000        1.41826632
    34.76385054       48.92024806        0.77592961        0.24899810        2.42000000        1.41607128
    34.81593353       48.98584059        0.77791691        0.24777997        2.42000000        1.41387795
    34.86793858       49.05143312        0.77990350        0.24655857        2.42000000        1.41168633
    34.91986552       49.11702565        0.78188938        0.24533388        2.42000000        1.40949642
    34.97171423       49.18261818        0.78387454        0.24410590        2.42000000        1.40730823
    35.02348457       49.24821071        0.78585898        0.24287460        2.42000000        1.40512175
    35.07517639       49.31380324        0.78784267        0.24163998        2.42000000        1.40293698
    35.12678954       49.37939577        0.78982562        0.24040202        2.42000000        1.40075392
    35.17832388       49.44498831        0.79180780        0.23916071        2.42000000        1.39857257
    35.22977925       49.51058084        0.79378922        0.23791604        2.42000000        1.39639293
    35.28115550       49.57617337        0.79576985        0.23666799        2.42000000        1.39421499
    35.33245249       49.64176590        0.79774970        0.23541656        2.42000000        1.39203876
    35.38367004       49.70735843        0.79972874        0.23416172        2.42000000        1.38986423
    35.43480801       49.77295096        0.80170697        0.23290347        2.42000000        1.38769141
    35.48586622       49.83854349        0.80368438        0.23164179        2.42000000        1.38552029
    35.53684452       49.90413602        0.80566096        0.23037667        2.42000000        1.38335088
    35.58774273       49.96972855        0.80763670        0.22910809        2.42000000        1.38118316
    35.63856070       50.03532109        0.80961159        0.22783604        2.42000000        1.37901715
    35.68929825       50.10091362        0.81158561        0.22656052        2.42000000        1.37685284
    35.73995520       50.16650615        0.81355877        0.22528149        2.42000000        1.37469023
    35.79053138       50.23209868        0.81553104        0.22399896        2.42000000        1.37252932
    35.84102662       50.29769121        0.81750242        0.22271290        2.42000000        1.37037011
    35.89144073       50.36328374        0.81947289        0.22142331        2.42000000        1.36821259
    35.94177353       50.42887627        0.82144246        0.22013016        2.42000000        1.36605677
    35.99202484       50.49446880        0.82341110        0.21883346        2.42000000        1.36390265
    36.04219446       50.56006133        0.82537881        0.21753317        2.42000000        1.36175023
    36.09228222       50.62565387        0.82734557        0.21622929        2.42000000        1.35959950
    36.14228791       50.69124640        0.82931139        0.21492180        2.42000000        1.35745047
    36.19221136       50.75683893        0.83127623        0.21361070        2.42000000        1.35530313
    36.24205235       50.82243146        0.83324011        0.21229595        2.42000000        1.35315748
    36.29181069       50.88802399        0.83520300        0.21097756        2.42000000        1.35101353
    36.34148618       50.95361652        0.83716490        0.20965551        2.42000000        1.34887128
    36.39107862       51.01920905        0.83912579        0.20832977        2.42000000        1.34673071
    36.44058780       51.08480158        0.84108567        0.20700035        2.42000000        1.34459184
    36.49001352       51.15039411        0.84304453        0.20566722        2.42000000        1.34245466
    36.53935555       51.21598664        0.84500235        0.20433036        2.42000000        1.34031917
    36.58861370       51.28157918        0.84695913        0.20298977        2.42000000        1.33818538
    36.63778775       51.34717171        0.84891485        0.20164543        2.42000000        1.33605327
    36.68687747       51.41276424        0.85086950        0.20029732        2.42000000        1.33392286
    36.73588266       51.47835677        0.85282308        0.19894543        2.42000000        1.33179414
    36.78480308       51.54394930        0.85477558        0.19758975        2.42000000        1.32966711
    36.83363851       51.60954183        0.85672698        0.19623025        2.42000000        1.32754177
    36.88238873       51.67513436        0.85867728        0.19486693        2.42000000        1.32541811
    36.93105351       51.74072689        0.86062646        0.19349976        2.42000000        1.32329615
    36.97963261       51.80631942        0.86257451        0.19212874        2.42000000        1.32117588
    37.02812580       51.87191196        0.86452143        0.19075385        2.42000000        1.31905730
    37.07653284       51.93750449        0.86646720        0.18937507        2.42000000        1.31694041
    37.12485350       52.00309702        0.86841181        0.18799239        2.42000000        1.31482520
    37.17308754       52.06868955        0.87035526        0.18660579        2.42000000        1.31271169
    37.22123470       52.13428208        0.87229753        0.18521526        2.42000000        1.31059986
    37.26929474       52.19987461        0.87423862        0.18382077        2.42000000        1.30848973
    37.31726742       52.26546714        0.87617851        0.18242232        2.42000000        1.30638128
    37.36515248       52.33105967        0.87811719        0.18101989        2.42000000        1.30427452
    37.41294966       52.39665220        0.88005466        0.17961347        2.42000000        1.30216945
    37.46065872       52.46224474        0.88199089        0.17820303        2.42000000        1.30006607
    37.50827939       52.52783727        0.88392589        0.17678856        2.42000000        1.29796438
    37.55581140       52.59342980        0.88585965        0.17537004        2.42000000        1.29586438
    37.60325450       52.65902233        0.88779214        0.17394747        2.42000000        1.29376607
    37.65060842       52.72461486        0.88972337        0.17252081        2.42000000        1.29166945
    37.69787289       52.79020739        0.89165332        0.17109007        2.42000000        1.28957451
    37.74504764       52.85579992        0.89358199        0.16965521        2.42000000        1.28748127
    37.79213239       52.92139245        0.89550935        0.16821622        2.42000000        1.28538972
    37.83912686       52.98698498        0.89743541        0.16677309        2.42000000        1.28329985
    37.88603078       53.05257752        0.89936015        0.16532580        2.42000000        1.28121168
    37.93284386       53.11817005        0.90128356        0.16387433        2.42000000        1.27912520
    37.97956581       53.18376258        0.90320563        0.16241867        2.42000000        1.27704040
    38.02619636       53.24935511        0.90512636        0.16095880        2.42000000        1.27495730
    38.07273520       53.31494764        0.90704572        0.15949470        2.42000000        1.27287589
    38.11918205       53.38054017        0.90896372        0.15802635        2.42000000        1.27079617
    38.16553661       53.44613270        0.91088034        0.15655374        2.42000000        1.26871815
    38.21179857       53.51172523        0.91279557        0.15507686        2.42000000        1.26664181
    38.25796765       53.57731776        0.91470940        0.15359567        2.42000000        1.26456717
    38.30404353       53.64291029        0.91662183        0.15211017        2.42000000        1.26249422
    38.35002590       53.70850283        0.91853283        0.15062034        2.42000000        1.26042297
    38.39591446       53.77409536        0.92044241        0.14912616        2.42000000        1.25835340
    38.44170890       53.83968789        0.92235055        0.14762761        2.42000000        1.25628553
    38.48740890       53.90528042        0.92425723        0.14612468        2.42000000        1.25421936
    38.53301414       53.97087295        0.92616246        0.14461734        2.42000000        1.25215488
    38.57852429       54.03646548        0.92806622        0.14310559        2.42000000        1.25009210
    38.62393905       54.10205801        0.92996851        0.14158939        2.42000000        1.24803101
    38.66925807       54.16765054        0.93186930        0.14006874        2.42000000        1.24597162
    38.71448103       54.23324307        0.93376859        0.13854362        2.42000000        1.24391393
    38.75960760       54.29883561        0.93566638        0.13701400        2.42000000        1.24185794
    38.80463744       54.36442814        0.93756264        0.13547987        2.42000000        1.23980364
    38.84957022       54.43002067        0.93945738        0.13394121        2.42000000        1.23775104
    38.89440558       54.49561320        0.94135058        0.13239800        2.42000000        1.23570014
    38.93914319       54.56120573        0.94324223        0.13085022        2.42000000        1.23365094
    38.98378270       54.62679826        0.94513232        0.12929786        2.42000000        1.23160345
    39.02832377       54.69239079        0.94702084        0.12774089        2.42000000        1.22955765
    39.07276603       54.75798332        0.94890778        0.12617930        2.42000000        1.22751356
    39.11710912       54.82357585        0.95079313        0.12461307        2.42000000        1.22547117
    39.16135270       54.88916839        0.95267689        0.12304217        2.42000000        1.22343048
    39.20549640       54.95476092        0.95455903        0.12146659        2.42000000        1.22139150
    39.24953985       55.02035345        0.95643956        0.11988632        2.42000000        1.21935422
    39.29348268       55.08594598        0.95831845        0.11830132        2.42000000        1.21731865
    39.33732453       55.15153851        0.96019571        0.11671159        2.42000000        1.21528479
    39.38106501       55.21713104        0.96207132        0.11511710        2.42000000        1.21325263
    39.42470375       55.28272357        0.96394527        0.11351783        2.42000000        1.21122218
    39.46824037       55.34831610        0.96581756        0.11191376        2.42000000        1.20919344
    39.51167449       55.41390863        0.96768816        0.11030487        2.42000000        1.20716642
    39.55500571       55.47950117        0.96955708        0.10869115        2.42000000        1.20514110
    39.59823364       55.54509370        0.97142429        0.10707257        2.42000000        1.20311750
    39.64135790       55.61068623        0.97328980        0.10544911        2.42000000        1.20109561
    39.68437808       55.67627876        0.97515359        0.10382076        2.42000000        1.19907543
    39.72729378       55.74187129        0.97701565        0.10218748        2.42000000        1.19705697
    39.77010461       55.80746382        0.97887598        0.10054927        2.42000000        1.19504023
    39.81281014       55.87305635        0.98073455        0.09890610        2.42000000        1.19302520
    39.85540998       55.93864888        0.98259137        0.09725795        2.42000000        1.19101189
    39.89790370       56.00424141        0.98444642        0.09560480        2.42000000        1.18900030
    39.94029089       56.06983394        0.98629969        0.09394663        2.42000000        1.18699043
    39.98257113       56.13542648        0.98815118        0.09228341        2.42000000        1.18498229
    40.02474400       56.20101901        0.99000086        0.09061514        2.42000000        1.18297586
    40.06680906       56.26661154        0.99184874        0.08894178        2.42000000        1.18097116
    40.10876589       56.33220407        0.99369481        0.08726332        2.42000000        1.17896819
    40.15061405       56.39779660        0.99553904        0.08557972        2.42000000        1.17696694
    40.19235310       56.46338913        0.99738144        0.08389099        2.42000000        1.17496742
    40.23398260       56.52898166        0.99922199        0.08219708        2.42000000        1.17296963
    40.27550211       56.59457419        1.00106069        0.08049798        2.42000000        1.17097357
    40.31691118       56.66016672        1.00289752        0.07879367        2.42000000        1.16897924
    40.35820935       56.72575926        1.00473247        0.07708413        2.42000000        1.16698665
    40.39939616       56.79135179        1.00656554        0.07536933        2.42000000        1.16499579
    40.44047117       56.85694432        1.00839671        0.07364925        2.42000000        1.16300666
    40.48143390       56.92253685        1.01022598        0.07192387        2.42000000        1.16101928
    40.52228389       56.98812938        1.01205333        0.07019317        2.42000000        1.15903363
    40.56302066       57.05372191        1.01387875        0.06845712        2.42000000        1.15704972
    40.60364374       57.11931444        1.01570224        0.06671571        2.42000000        1.15506755
    40.64415266       57.18490697        1.01752379        0.06496891        2.42000000        1.15308712
    40.68454692       57.25049950        1.01934338        0.06321670        2.42000000        1.15110844
    40.72482606       57.31609204        1.02116100        0.06145905        2.42000000        1.14913151
    40.76498956       57.38168457        1.02297665        0.05969595        2.42000000        1.14715632
    40.80503695       57.44727710        1.02479032        0.05792736        2.42000000        1.14518288
    40.84496771       57.51286963        1.02660200        0.05615327        2.42000000        1.14321120
    40.88478136       57.57846216        1.02841167        0.05437366        2.42000000        1.14124126
    40.92447738       57.64405469        1.03021932        0.05258849        2.42000000        1.13927308
    40.96405527       57.70964722        1.03202496        0.05079775        2.42000000        1.13730665
    41.00351450       57.77523975        1.03382856        0.04900142        2.42000000        1.13534199
    41.04285457       57.84083228        1.03563012        0.04719946        2.42000000        1.13337908
    41.08207495       57.90642482        1.03742963        0.04539187        2.42000000        1.13141793
    41.12117511       57.97201735        1.03922707        0.04357860        2.42000000        1.12945854
    41.16015453       58.03760988        1.04102244        0.04175964        2.42000000        1.12750092
    41.19901266       58.10320241        1.04281574        0.03993497        2.42000000        1.12554507
    41.23774898       58.16879494        1.04460694        0.03810456        2.42000000        1.12359098
    41.27636293       58.23438747        1.04639604        0.03626838        2.42000000        1.12163866
    41.31485397       58.29998000        1.04818303        0.03442642        2.42000000        1.11968812
    41.35322156       58.36557253        1.04996790        0.03257864        2.42000000        1.11773935
    41.39146512       58.43116506        1.05175064        0.03072503        2.42000000        1.11579235
    41.42958411       58.49675759        1.05353124        0.02886555        2.42000000        1.11384713
    41.46757796       58.56235013        1.05530969        0.02700019        2.42000000        1.11190369
    41.50544610       58.62794266        1.05708599        0.02512892        2.42000000        1.10996203
    41.54318795       58.69353519        1.05886011        0.02325171        2.42000000        1.10802216
    41.58080294       58.75912772        1.06063206        0.02136854        2.42000000        1.10608407
    41.61829049       58.82472025        1.06240182        0.01947938        2.42000000        1.10414777
    41.65565000       58.89031278        1.06416938        0.01758421        2.42000000        1.10221326
    41.69288089       58.95590531        1.06593474        0.01568301        2.42000000        1.10028054
    41.72998256       59.02149784        1.06769788        0.01377574        2.42000000        1.09834961
    41.76695441       59.08709037        1.06945879        0.01186238        2.42000000        1.09642048
    41.80379583       59.15268291        1.07121747        0.00994291        2.42000000        1.09449315
    41.84050622       59.21827544        1.07297390        0.00801730        2.42000000        1.09256762
    41.87708496       59.28386797        1.07472808        0.00608552        2.42000000        1.09064389
    41.91353142       59.34946050        1.07648000        0.00414755        2.42000000        1.08872197
    41.94984499       59.41505303        1.07822963        0.00220336        2.42000000        1.08680186
    41.98602504       59.48064556        1.07997699        0.00025293        2.42000000        1.08488355
    42.02207092       59.54623809        1.08172205       -0.00170378        2.42000000        1.08296706
    42.05798201       59.61183062        1.08346481       -0.00366678        2.42000000        1.08105238
    42.09375765       59.67742315        1.08520526       -0.00563611        2.42000000        1.07913952
    42.12939719       59.74301569        1.08694339       -0.00761179        2.42000000        1.07722848
    42.16489999       59.80860822        1.08867918       -0.00959384        2.42000000        1.07531926
    42.20026538       59.87420075        1.09041264       -0.01158231        2.42000000        1.07341187
    42.23549270       59.93979328        1.09214374       -0.01357720        2.42000000        1.07150630
    42.27058128       60.00538581        1.09387248       -0.01557856        2.42000000        1.06960256
    42.30553044       60.07097834        1.09559886       -0.01758640        2.42000000        1.06770065
    42.34033950       60.13657087        1.09732285       -0.01960075        2.42000000        1.06580058
    42.37500778       60.20216340        1.09904446       -0.02162165        2.42000000        1.06390235
    42.40953459       60.26775593        1.10076367       -0.02364912        2.42000000        1.06200596
    42.44391923       60.33334847        1.10248047       -0.02568318        2.42000000        1.06011140
    42.47816099       60.39894100        1.10419486       -0.02772387        2.42000000        1.05821870
    42.51225918       60.46453353        1.10590682       -0.02977122        2.42000000        1.05632784
    42.54621307       60.53012606        1.10761634       -0.03182524        2.42000000        1.05443884
    42.58002195       60.59571859        1.10932342       -0.03388598        2.42000000        1.05255168
    42.61368510       60.66131112        1.11102804       -0.03595345        2.42000000        1.05066639
    42.64720178       60.72690365        1.11273020       -0.03802770        2.42000000        1.04878295
    42.68057127       60.79249618        1.11442989       -0.04010873        2.42000000        1.04690138
    42.71379282       60.85808871        1.11612709       -0.04219660        2.42000000        1.04502167
    42.74686568       60.92368124        1.11782180       -0.04429131        2.42000000        1.04314383
    42.77978910       60.98927378        1.11951401       -0.04639291        2.42000000        1.04126786
    42.81256233       61.05486631        1.12120371       -0.04850142        2.42000000        1.03939377
    42.84518459       61.12045884        1.12289088       -0.05061687        2.42000000        1.03752155
    42.87765512       61.18605137        1.12457553       -0.05273929        2.42000000        1.03565122
    42.90997315       61.25164390        1.12625764       -0.05486870        2.42000000        1.03378277
    42.94213788       61.31723643        1.12793719       -0.05700515        2.42000000        1.03191620
    42.97414854       61.38282896        1.12961419       -0.05914866        2.42000000        1.03005153
    43.00600433       61.44842149        1.13128863       -0.06129925        2.42000000        1.02818875
    43.03770444       61.51401402        1.13296048       -0.06345696        2.42000000        1.02632786
    43.06924808       61.57960656        1.13462975       -0.06562182        2.42000000        1.02446888
    43.10063442       61.64519909        1.13629643       -0.06779386        2.42000000        1.02261179
    43.13186264       61.71079162        1.13796049       -0.06997311        2.42000000        1.02075662
    43.16293194       61.77638415        1.13962195       -0.07215960        2.42000000        1.01890335
    43.19384145       61.84197668        1.14128078       -0.07435335        2.42000000        1.01705200
    43.22459036       61.90756921        1.14293698       -0.07655441        2.42000000        1.01520256
    43.25517782       61.97316174        1.14459053       -0.07876279        2.42000000        1.01335505
    43.28560297       62.03875427        1.14624144       -0.08097854        2.42000000        1.01150946
    43.31586496       62.10434680        1.14788968       -0.08320168        2.42000000        1.00966579
    43.34596291       62.16993934        1.14953525       -0.08543224        2.42000000        1.00782406
    43.37589596       62.23553187        1.15117814       -0.08767026        2.42000000        1.00598426
    43.40566323       62.30112440        1.15281835       -0.08991576        2.42000000        1.00414640
    43.43526384       62.36671693        1.15445585       -0.09216878        2.42000000        1.00231048
    43.46469688       62.43230946        1.15609065       -0.09442935        2.42000000        1.00047651
    43.49396146       62.49790199        1.15772273       -0.09669749        2.42000000        0.99864448
    43.52305668       62.56349452        1.15935208       -0.09897325        2.42000000        0.99681441
    43.55198162       62.62908705        1.16097870       -0.10125665        2.42000000        0.99498629
    43.58073536       62.69467958        1.16260258       -0.10354773        2.42000000        0.99316014
    43.60931696       62.76027212        1.16422370       -0.10584651        2.42000000        0.99133595
    43.63772551       62.82586465        1.16584206       -0.10815304        2.42000000        0.98951373
    43.66596004       62.89145718        1.16745764       -0.11046733        2.42000000        0.98769348
    43.69401962       62.95704971        1.16907045       -0.11278943        2.42000000        0.98587521
    43.72190328       63.02264224        1.17068046       -0.11511936        2.42000000        0.98405892
    43.74961007       63.08823477        1.17228767       -0.11745716        2.42000000        0.98224461
    43.77713899       63.15382730        1.17389208       -0.11980286        2.42000000        0.98043229
    43.80448909       63.21941983        1.17549366       -0.12215650        2.42000000        0.97862197
    43.83165936       63.28501236        1.17709242       -0.12451810        2.42000000        0.97681364
    43.85864882       63.35060489        1.17868834       -0.12688770        2.42000000        0.97500731
    43.88545645       63.41619743        1.18028142       -0.12926534        2.42000000        0.97320299
    43.91208125       63.48178996        1.18187164       -0.13165103        2.42000000        0.97140068
    43.93852220       63.54738249        1.18345899       -0.13404483        2.42000000        0.96960038
    43.96477827       63.61297502        1.18504347       -0.13644676        2.42000000        0.96780210
    43.99084842       63.67856755        1.18662507       -0.13885685        2.42000000        0.96600585
    44.01673161       63.74416008        1.18820377       -0.14127514        2.42000000        0.96421162
    44.04242678       63.80975261        1.18977958       -0.14370166        2.42000000        0.96241943
    44.06793289       63.87534514        1.19135247       -0.14613644        2.42000000        0.96062927
    44.09324885       63.94093767        1.19292245       -0.14857953        2.42000000        0.95884115
    44.11837360       64.00653021        1.19448949       -0.15103095        2.42000000        0.95705508
    44.14330604       64.07212274        1.19605360       -0.15349073        2.42000000        0.95527105
    44.16804508       64.13771527        1.19761476       -0.15595891        2.42000000        0.95348909
    44.19258961       64.20330780        1.19917296       -0.15843553        2.42000000        0.95170918
    44.21693853       64.26890033        1.20072820       -0.16092062        2.42000000        0.94993134
    44.24109072       64.33449286        1.20228046       -0.16341420        2.42000000        0.94815557
    44.26504504       64.40008539        1.20382974       -0.16591633        2.42000000        0.94638187
    44.28880036       64.46567792        1.20537603       -0.16842702        2.42000000        0.94461025
    44.31235553       64.53127045        1.20691932       -0.17094632        2.42000000        0.94284071
    44.33570939       64.59686299        1.20845959       -0.17347426        2.42000000        0.94107327
    44.35886078       64.66245552        1.20999684       -0.17601087        2.42000000        0.93930792
    44.38180852       64.72804805        1.21153107       -0.17855619        2.42000000        0.93754467
    44.40455143       64.79364058        1.21306225       -0.18111026        2.42000000        0.93578352
    44.42708831       64.85923311        1.21459039       -0.18367310        2.42000000        0.93402448
    44.44941795       64.92482564        1.21611547       -0.18624475        2.42000000        0.93226756
    44.47153916       64.99041817        1.21763749       -0.18882525        2.42000000        0.93051276
    44.49345070       65.05601070        1.21915643       -0.19141463        2.42000000        0.92876008
    44.51515134       65.12160323        1.22067228       -0.19401293        2.42000000        0.92700954
    44.53663984       65.18719577        1.22218504       -0.19662018        2.42000000        0.92526113
    44.55791494       65.25278830        1.22369470       -0.19923642        2.42000000        0.92351486
    44.57897539       65.31838083        1.22520125       -0.20186168        2.42000000        0.92177074
    44.59981992       65.38397336        1.22670468       -0.20449599        2.42000000        0.92002877
    44.62044723       65.44956589        1.22820498       -0.20713939        2.42000000        0.91828896
    44.64085604       65.51515842        1.22970214       -0.20979192        2.42000000        0.91655132
    44.66104504       65.58075095        1.23119615       -0.21245362        2.42000000        0.91481584
    44.68101292       65.64634348        1.23268700       -0.21512451        2.42000000        0.91308254
    44.70075836       65.71193601        1.23417469       -0.21780463        2.42000000        0.91135142
    44.72028002       65.77752854        1.23565920       -0.22049402        2.42000000        0.90962249
    44.73957655       65.84312108        1.23714053       -0.22319271        2.42000000        0.90789575
    44.75864660       65.90871361        1.23861866       -0.22590073        2.42000000        0.90617121
    44.77748881       65.97430614        1.24009360       -0.22861813        2.42000000        0.90444887
    44.79610179       66.03989867        1.24156532       -0.23134494        2.42000000        0.90272875
    44.81448415       66.10549120        1.24303382       -0.23408119        2.42000000        0.90101084
    44.83263450       66.17108373        1.24449909       -0.23682692        2.42000000        0.89929515
    44.85055141       66.23667626        1.24596112       -0.23958216        2.42000000        0.89758170
    44.86823348       66.30226879        1.24741990       -0.24234695        2.42000000        0.89587048
    44.88567926       66.36786132        1.24887543       -0.24512132        2.42000000        0.89416150
    44.90288731       66.43345386        1.25032769       -0.24790532        2.42000000        0.89245477
    44.91985617       66.49904639        1.25177667       -0.25069896        2.42000000        0.89075029
    44.93658437       66.56463892        1.25322237       -0.25350230        2.42000000        0.88904807
    44.95307043       66.63023145        1.25466478       -0.25631536        2.42000000        0.88734812
    44.96931286       66.69582398        1.25610388       -0.25913818        2.42000000        0.88565045
    44.98531014       66.76141651        1.25753967       -0.26197079        2.42000000        0.88395505
    45.00106076       66.82700904        1.25897214       -0.26481323        2.42000000        0.88226194
    45.01656320       66.89260157        1.26040128       -0.26766554        2.42000000        0.88057113
    45.03181591       66.95819410        1.26182708       -0.27052775        2.42000000        0.87888262
    45.04681732       67.02378664        1.26324954       -0.27339989        2.42000000        0.87719641
    45.06156589       67.08937917        1.26466863       -0.27628199        2.42000000        0.87551251
    45.07606002       67.15497170        1.26608436       -0.27917410        2.42000000        0.87383094
    45.09029812       67.22056423        1.26749672       -0.28207625        2.42000000        0.87215170
    45.10427859       67.28615676        1.26890568       -0.28498847        2.42000000        0.87047479
    45.11799981       67.35174929        1.27031126       -0.28791080        2.42000000        0.86880022
    45.13146014       67.41734182        1.27171343       -0.29084327        2.42000000        0.86712800
    45.14465794       67.48293435        1.27311219       -0.29378591        2.42000000        0.86545814
    45.15759155       67.54852688        1.27450753       -0.29673876        2.42000000        0.86379064
    45.17025930       67.61411942        1.27589944       -0.29970186        2.42000000        0.86212552
    45.18265949       67.67971195        1.27728790       -0.30267523        2.42000000        0.86046277
    45.19479044       67.74530448        1.27867292       -0.30565891        2.42000000        0.85880240
    45.20665042       67.81089701        1.28005449       -0.30865294        2.42000000        0.85714443
    45.21823772       67.87648954        1.28143258       -0.31165734        2.42000000        0.85548886
    45.22955058       67.94208207        1.28280720       -0.31467216        2.42000000        0.85383570
    45.24058724       68.00767460        1.28417833       -0.31769742        2.42000000        0.85218495
    45.25134595       68.07326713        1.28554596       -0.32073315        2.42000000        0.85053663
    45.26182491       68.13885966        1.28691010       -0.32377940        2.42000000        0.84889074
    45.27202233       68.20445219        1.28827072       -0.32683619        2.42000000        0.84724729
    45.28193639       68.27004473        1.28962781       -0.32990355        2.42000000        0.84560628
    45.29156526       68.33563726        1.29098138       -0.33298153        2.42000000        0.84396773
    45.30090709       68.40122979        1.29233140       -0.33607014        2.42000000        0.84233164
    45.30996003       68.46682232        1.29367788       -0.33916942        2.42000000        0.84069802
    45.31872221       68.53241485        1.29502079       -0.34227940        2.42000000        0.83906689
    45.32719172       68.59800738        1.29636014       -0.34540012        2.42000000        0.83743824
    45.33536667       68.66359991        1.29769591       -0.34853161        2.42000000        0.83581208
    45.34324514       68.72919244        1.29902809       -0.35167389        2.42000000        0.83418843
    45.35082518       68.79478497        1.30035667       -0.35482700        2.42000000        0.83256729
    45.35810485       68.86037751        1.30168165       -0.35799096        2.42000000        0.83094868
    45.36508218       68.92597004        1.30300301       -0.36116581        2.42000000        0.82933259
    45.37175517       68.99156257        1.30432075       -0.36435158        2.42000000        0.82771904
    45.37812184       69.05715510        1.30563485       -0.36754830        2.42000000        0.82610803
    45.38418016       69.12274763        1.30694531       -0.37075599        2.42000000        0.82449958
    45.38992809       69.18834016        1.30825212       -0.37397468        2.42000000        0.82289370
    45.39536359       69.25393269        1.30955526       -0.37720441        2.42000000        0.82129038
    45.40048458       69.31952522        1.31085474       -0.38044520        2.42000000        0.81968965
    45.40528899       69.38511775        1.31215053       -0.38369708        2.42000000        0.81809151
    45.40977471       69.45071029        1.31344263       -0.38696008        2.42000000        0.81649597
    45.41393961       69.51630282        1.31473103       -0.39023422        2.42000000        0.81490304
    45.41778157       69.58189535        1.31601572       -0.39351952        2.42000000        0.81331273
    45.42129842       69.64748788        1.31729670       -0.39681603        2.42000000        0.81172504
    45.42448800       69.71308041        1.31857394       -0.40012376        2.42000000        0.81013999
    45.42734812       69.77867294        1.31984745       -0.40344273        2.42000000        0.80855758
    45.42987655       69.84426547        1.32111721       -0.40677298        2.42000000        0.80697784
    45.43207109       69.90985800        1.32238321       -0.41011452        2.42000000        0.80540075
    45.43392947       69.97545053        1.32364545       -0.41346739        2.42000000        0.80382634
    45.43544945       70.04104307        1.32490390       -0.41683160        2.42000000        0.80225461
    45.43662873       70.10663560        1.32615858       -0.42020717        2.42000000        0.80068558
    45.43746502       70.17222813        1.32740945       -0.42359414        2.42000000        0.79911925
    45.43795599       70.23782066        1.32865653       -0.42699252        2.42000000        0.79755564
    45.43809930       70.30341319        1.32989978       -0.43040233        2.42000000        0.79599474
