#  Theta paroi en deg Angle Choc en deg       Kp           Inverse Mach       Mach amont       Mach aval
     0.00000000       22.61986495        0.00000000        0.61538462        2.60000000
     1.74587313       22.62188635        0.00531418        0.61299705        2.60000000        2.59987235
     2.10457765       22.62471465        0.00726649        0.61212782        2.60000000        2.59969377
     2.49130467       22.62996365        0.00961750        0.61108657        2.60000000        2.59936244
     2.90885295       22.63924714        0.01242050        0.60985283        2.60000000        2.59877673
     3.34025118       22.65417891        0.01558516        0.60846972        2.60000000        2.59783541
     3.77547528       22.67637276        0.01903800        0.60697224        2.60000000        2.59643801
     4.21071177       22.70744249        0.02273891        0.60538022        2.60000000        2.59448519
     4.64540619       22.74900189        0.02667221        0.60370261        2.60000000        2.59187930
     5.08051257       22.80266476        0.03083803        0.60194146        2.60000000        2.58852495
     5.51763958       22.87004489        0.03524695        0.60009448        2.60000000        2.58432966
     5.88272415       22.93742503        0.03909718        0.59849532        2.60000000        2.58015250
     6.20106825       23.00480516        0.04257707        0.59706067        2.60000000        2.57599318
     6.48633121       23.07218530        0.04579115        0.59574436        2.60000000        2.57185146
     6.74679546       23.13956543        0.04880413        0.59451782        2.60000000        2.56772708
     6.98789295       23.20694557        0.05165921        0.59336200        2.60000000        2.56361979
     7.21339447       23.27432570        0.05438678        0.59226350        2.60000000        2.55952934
     7.42603301       23.34170584        0.05700914        0.59121249        2.60000000        2.55545550
     7.62785775       23.40908597        0.05954317        0.59020152        2.60000000        2.55139803
     7.82044781       23.47646611        0.06200199        0.58922479        2.60000000        2.54735669
     8.00504797       23.54384624        0.06439605        0.58827772        2.60000000        2.54333127
     8.18265810       23.61122638        0.06673376        0.58735657        2.60000000        2.53932153
     8.35409457       23.67860651        0.06902206        0.58645829        2.60000000        2.53532726
     8.52003316       23.74598665        0.07126670        0.58558032        2.60000000        2.53134824
     8.68104020       23.81336678        0.07347252        0.58472053        2.60000000        2.52738426
     8.83759525       23.88074692        0.07564367        0.58387707        2.60000000        2.52343511
     8.99010836       23.94812705        0.07778366        0.58304839        2.60000000        2.51950059
     9.13893308       24.01550719        0.07989557        0.58223312        2.60000000        2.51558050
     9.28437649       24.08288732        0.08198205        0.58143007        2.60000000        2.51167464
     9.42670723       24.15026746        0.08404544        0.58063820        2.60000000        2.50778281
     9.56616170       24.21764759        0.08608780        0.57985660        2.60000000        2.50390483
     9.70294915       24.28502773        0.08811095        0.57908444        2.60000000        2.50004051
     9.83725574       24.35240787        0.09011653        0.57832099        2.60000000        2.49618967
     9.96924785       24.41978800        0.09210597        0.57756559        2.60000000        2.49235213
    10.09907487       24.48716814        0.09408060        0.57681767        2.60000000        2.48852770
    10.22687149       24.55454827        0.09604158        0.57607667        2.60000000        2.48471622
    10.35275951       24.62192841        0.09798999        0.57534213        2.60000000        2.48091751
    10.47684961       24.68930854        0.09992680        0.57461359        2.60000000        2.47713141
    10.59924253       24.75668868        0.10185288        0.57389066        2.60000000        2.47335775
    10.72003036       24.82406881        0.10376904        0.57317296        2.60000000        2.46959637
    10.83929749       24.89144895        0.10567601        0.57246016        2.60000000        2.46584711
    10.95712142       24.95882908        0.10757448        0.57175195        2.60000000        2.46210982
    11.07357355       25.02620922        0.10946507        0.57104802        2.60000000        2.45838433
    11.18871980       25.09358935        0.11134834        0.57034813        2.60000000        2.45467049
    11.30262119       25.16096949        0.11322484        0.56965201        2.60000000        2.45096817
    11.41533423       25.22834962        0.11509505        0.56895944        2.60000000        2.44727721
    11.52691152       25.29572976        0.11695943        0.56827020        2.60000000        2.44359746
    11.63740196       25.36310989        0.11881839        0.56758410        2.60000000        2.43992879
    11.74685117       25.43049003        0.12067234        0.56690094        2.60000000        2.43627106
    11.85530177       25.49787016        0.12252163        0.56622055        2.60000000        2.43262413
    11.96279363       25.56525030        0.12436662        0.56554276        2.60000000        2.42898786
    12.06936413       25.63263043        0.12620762        0.56486742        2.60000000        2.42536213
    12.17504833       25.70001057        0.12804493        0.56419438        2.60000000        2.42174680
    12.27987923       25.76739070        0.12987883        0.56352351        2.60000000        2.41814175
    12.38388782       25.83477084        0.13170959        0.56285468        2.60000000        2.41454685
    12.48710335       25.90215097        0.13353744        0.56218776        2.60000000        2.41096197
    12.58955341       25.96953111        0.13536263        0.56152263        2.60000000        2.40738700
    12.69126407       26.03691124        0.13718537        0.56085919        2.60000000        2.40382182
    12.79225995       26.10429138        0.13900587        0.56019733        2.60000000        2.40026630
    12.89256442       26.17167151        0.14082431        0.55953696        2.60000000        2.39672033
    12.99219957       26.23905165        0.14264089        0.55887798        2.60000000        2.39318380
    13.09118639       26.30643178        0.14445578        0.55822029        2.60000000        2.38965659
    13.18954481       26.37381192        0.14626913        0.55756382        2.60000000        2.38613861
    13.28729378       26.44119205        0.14808112        0.55690848        2.60000000        2.38262972
    13.38445132       26.50857219        0.14989187        0.55625420        2.60000000        2.37912984
    13.48103459       26.57595232        0.15170153        0.55560090        2.60000000        2.37563886
    13.57705996       26.64333246        0.15351023        0.55494851        2.60000000        2.37215667
    13.67254301       26.71071259        0.15531810        0.55429696        2.60000000        2.36868316
    13.76749867       26.77809273        0.15712525        0.55364619        2.60000000        2.36521825
    13.86194114       26.84547286        0.15893179        0.55299613        2.60000000        2.36176184
    13.95588404       26.91285300        0.16073784        0.55234672        2.60000000        2.35831382
    14.04934040       26.98023313        0.16254349        0.55169791        2.60000000        2.35487409
    14.14232266       27.04761327        0.16434884        0.55104965        2.60000000        2.35144258
    14.23484278       27.11499340        0.16615398        0.55040187        2.60000000        2.34801918
    14.32691219       27.18237354        0.16795900        0.54975453        2.60000000        2.34460381
    14.41854188       27.24975367        0.16976398        0.54910758        2.60000000        2.34119637
    14.50974240       27.31713381        0.17156900        0.54846097        2.60000000        2.33779678
    14.60052385       27.38451394        0.17337414        0.54781466        2.60000000        2.33440495
    14.69089598       27.45189408        0.17517947        0.54716859        2.60000000        2.33102079
    14.78086814       27.51927421        0.17698505        0.54652274        2.60000000        2.32764423
    14.87044933       27.58665435        0.17879096        0.54587705        2.60000000        2.32427518
    14.95964821       27.65403448        0.18059724        0.54523149        2.60000000        2.32091355
    15.04847312       27.72141462        0.18240398        0.54458602        2.60000000        2.31755928
    15.13693211       27.78879475        0.18421121        0.54394060        2.60000000        2.31421227
    15.22503293       27.85617489        0.18601900        0.54329519        2.60000000        2.31087246
    15.31278305       27.92355502        0.18782740        0.54264977        2.60000000        2.30753976
    15.40018968       27.99093516        0.18963645        0.54200430        2.60000000        2.30421410
    15.48725978       28.05831529        0.19144620        0.54135874        2.60000000        2.30089541
    15.57400010       28.12569543        0.19325671        0.54071306        2.60000000        2.29758362
    15.66041712       28.19307556        0.19506800        0.54006723        2.60000000        2.29427865
    15.74651711       28.26045570        0.19688013        0.53942123        2.60000000        2.29098043
    15.83230617       28.32783583        0.19869313        0.53877501        2.60000000        2.28768889
    15.91779016       28.39521597        0.20050704        0.53812857        2.60000000        2.28440397
    16.00297478       28.46259610        0.20232190        0.53748185        2.60000000        2.28112560
    16.08786551       28.52997624        0.20413773        0.53683485        2.60000000        2.27785371
    16.17246771       28.59735637        0.20595458        0.53618753        2.60000000        2.27458823
    16.25678654       28.66473651        0.20777247        0.53553987        2.60000000        2.27132911
    16.34082700       28.73211664        0.20959144        0.53489185        2.60000000        2.26807628
    16.42459395       28.79949678        0.21141151        0.53424343        2.60000000        2.26482967
    16.50809209       28.86687691        0.21323271        0.53359459        2.60000000        2.26158922
    16.59132600       28.93425705        0.21505507        0.53294532        2.60000000        2.25835489
    16.67430011       29.00163718        0.21687861        0.53229559        2.60000000        2.25512659
    16.75701872       29.06901732        0.21870335        0.53164538        2.60000000        2.25190429
    16.83948602       29.13639745        0.22052933        0.53099467        2.60000000        2.24868791
    16.92170605       29.20377759        0.22235655        0.53034343        2.60000000        2.24547740
    17.00368278       29.27115772        0.22418504        0.52969164        2.60000000        2.24227271
    17.08542002       29.33853786        0.22601482        0.52903930        2.60000000        2.23907378
    17.16692151       29.40591799        0.22784591        0.52838636        2.60000000        2.23588056
    17.24819088       29.47329813        0.22967833        0.52773283        2.60000000        2.23269299
    17.32923165       29.54067826        0.23151209        0.52707867        2.60000000        2.22951102
    17.41004724       29.60805840        0.23334721        0.52642387        2.60000000        2.22633460
    17.49064102       29.67543853        0.23518371        0.52576841        2.60000000        2.22316368
    17.57101621       29.74281867        0.23702159        0.52511228        2.60000000        2.21999820
    17.65117599       29.81019880        0.23886088        0.52445546        2.60000000        2.21683812
    17.73112346       29.87757894        0.24070159        0.52379792        2.60000000        2.21368339
    17.81086159       29.94495907        0.24254373        0.52313966        2.60000000        2.21053396
    17.89039333       30.01233921        0.24438731        0.52248065        2.60000000        2.20738978
    17.96972152       30.07971934        0.24623234        0.52182089        2.60000000        2.20425081
    18.04884896       30.14709948        0.24807884        0.52116035        2.60000000        2.20111700
    18.12777835       30.21447961        0.24992681        0.52049902        2.60000000        2.19798830
    18.20651234       30.28185975        0.25177626        0.51983688        2.60000000        2.19486468
    18.28505350       30.34923988        0.25362721        0.51917393        2.60000000        2.19174608
    18.36340436       30.41662002        0.25547965        0.51851013        2.60000000        2.18863246
    18.44156738       30.48400015        0.25733361        0.51784549        2.60000000        2.18552378
    18.51954494       30.55138029        0.25918908        0.51717999        2.60000000        2.18241999
    18.59733941       30.61876042        0.26104607        0.51651361        2.60000000        2.17932107
    18.67495305       30.68614056        0.26290459        0.51584634        2.60000000        2.17622696
    18.75238810       30.75352070        0.26476465        0.51517816        2.60000000        2.17313762
    18.82964676       30.82090083        0.26662625        0.51450907        2.60000000        2.17005302
    18.90673114       30.88828097        0.26848940        0.51383904        2.60000000        2.16697312
    18.98364333       30.95566110        0.27035409        0.51316807        2.60000000        2.16389787
    19.06038538       31.02304124        0.27222034        0.51249614        2.60000000        2.16082724
    19.13695926       31.09042137        0.27408815        0.51182325        2.60000000        2.15776119
    19.21336692       31.15780151        0.27595752        0.51114937        2.60000000        2.15469969
    19.28961027       31.22518164        0.27782846        0.51047450        2.60000000        2.15164269
    19.36569116       31.29256178        0.27970097        0.50979862        2.60000000        2.14859017
    19.44161143       31.35994191        0.28157504        0.50912173        2.60000000        2.14554209
    19.51737284       31.42732205        0.28345070        0.50844380        2.60000000        2.14249841
    19.59297715       31.49470218        0.28532792        0.50776484        2.60000000        2.13945909
    19.66842605       31.56208232        0.28720673        0.50708482        2.60000000        2.13642411
    19.74372121       31.62946245        0.28908711        0.50640374        2.60000000        2.13339343
    19.81886427       31.69684259        0.29096907        0.50572158        2.60000000        2.13036702
    19.89385684       31.76422272        0.29285261        0.50503834        2.60000000        2.12734485
    19.96870046       31.83160286        0.29473773        0.50435400        2.60000000        2.12432688
    20.04339668       31.89898299        0.29662444        0.50366855        2.60000000        2.12131307
    20.11794701       31.96636313        0.29851272        0.50298198        2.60000000        2.11830342
    20.19235290       32.03374326        0.30040259        0.50229429        2.60000000        2.11529787
    20.26661581       32.10112340        0.30229403        0.50160545        2.60000000        2.11229640
    20.34073714       32.16850353        0.30418705        0.50091547        2.60000000        2.10929898
    20.41471828       32.23588367        0.30608165        0.50022433        2.60000000        2.10630558
    20.48856059       32.30326380        0.30797783        0.49953201        2.60000000        2.10331618
    20.56226539       32.37064394        0.30987558        0.49883852        2.60000000        2.10033073
    20.63583398       32.43802407        0.31177491        0.49814384        2.60000000        2.09734923
    20.70926765       32.50540421        0.31367581        0.49744796        2.60000000        2.09437163
    20.78256765       32.57278434        0.31557827        0.49675086        2.60000000        2.09139791
    20.85573521       32.64016448        0.31748231        0.49605255        2.60000000        2.08842805
    20.92877152       32.70754461        0.31938791        0.49535301        2.60000000        2.08546201
    21.00167778       32.77492475        0.32129507        0.49465223        2.60000000        2.08249978
    21.07445513       32.84230488        0.32320379        0.49395021        2.60000000        2.07954132
    21.14710473       32.90968502        0.32511406        0.49324692        2.60000000        2.07658661
    21.21962767       32.97706515        0.32702589        0.49254237        2.60000000        2.07363562
    21.29202505       33.04444529        0.32893927        0.49183655        2.60000000        2.07068833
    21.36429796       33.11182542        0.33085420        0.49112944        2.60000000        2.06774472
    21.43644744       33.17920556        0.33277067        0.49042104        2.60000000        2.06480476
    21.50847452       33.24658569        0.33468867        0.48971133        2.60000000        2.06186843
    21.58038022       33.31396583        0.33660822        0.48900031        2.60000000        2.05893570
    21.65216554       33.38134596        0.33852929        0.48828798        2.60000000        2.05600656
    21.72383145       33.44872610        0.34045189        0.48757431        2.60000000        2.05308097
    21.79537892       33.51610623        0.34237601        0.48685931        2.60000000        2.05015892
    21.86680889       33.58348637        0.34430164        0.48614296        2.60000000        2.04724038
    21.93812227       33.65086650        0.34622879        0.48542525        2.60000000        2.04432534
    22.00931998       33.71824664        0.34815745        0.48470618        2.60000000        2.04141376
    22.08040292       33.78562677        0.35008761        0.48398574        2.60000000        2.03850564
    22.15137196       33.85300691        0.35201927        0.48326392        2.60000000        2.03560094
    22.22222795       33.92038704        0.35395242        0.48254070        2.60000000        2.03269966
    22.29297175       33.98776718        0.35588706        0.48181610        2.60000000        2.02980176
    22.36360419       34.05514731        0.35782318        0.48109008        2.60000000        2.02690722
    22.43412608       34.12252745        0.35976078        0.48036265        2.60000000        2.02401604
    22.50453822       34.18990758        0.36169985        0.47963380        2.60000000        2.02112818
    22.57484139       34.25728772        0.36364038        0.47890352        2.60000000        2.01824363
    22.64503638       34.32466785        0.36558237        0.47817179        2.60000000        2.01536238
    22.71512395       34.39204799        0.36752582        0.47743863        2.60000000        2.01248439
    22.78510483       34.45942812        0.36947071        0.47670400        2.60000000        2.00960966
    22.85497977       34.52680826        0.37141704        0.47596791        2.60000000        2.00673816
    22.92474949       34.59418839        0.37336481        0.47523036        2.60000000        2.00386988
    22.99441468       34.66156853        0.37531400        0.47449132        2.60000000        2.00100480
    23.06397606       34.72894866        0.37726462        0.47375079        2.60000000        1.99814290
    23.13343430       34.79632880        0.37921665        0.47300877        2.60000000        1.99528416
    23.20279009       34.86370893        0.38117009        0.47226525        2.60000000        1.99242857
    23.27204407       34.93108907        0.38312494        0.47152022        2.60000000        1.98957611
    23.34119691       34.99846920        0.38508118        0.47077366        2.60000000        1.98672677
    23.41024923       35.06584934        0.38703880        0.47002558        2.60000000        1.98388052
    23.47920167       35.13322947        0.38899781        0.46927597        2.60000000        1.98103736
    23.54805485       35.20060961        0.39095820        0.46852481        2.60000000        1.97819726
    23.61680937       35.26798974        0.39291995        0.46777210        2.60000000        1.97536021
    23.68546583       35.33536988        0.39488306        0.46701784        2.60000000        1.97252619
    23.75402482       35.40275001        0.39684752        0.46626201        2.60000000        1.96969520
    23.82248691       35.47013015        0.39881333        0.46550461        2.60000000        1.96686721
    23.89085268       35.53751028        0.40078047        0.46474562        2.60000000        1.96404221
    23.95912267       35.60489042        0.40274895        0.46398505        2.60000000        1.96122018
    24.02729745       35.67227055        0.40471875        0.46322288        2.60000000        1.95840111
    24.09537754       35.73965069        0.40668987        0.46245910        2.60000000        1.95558499
    24.16336349       35.80703082        0.40866229        0.46169372        2.60000000        1.95277181
    24.23125580       35.87441096        0.41063601        0.46092671        2.60000000        1.94996154
    24.29905500       35.94179109        0.41261103        0.46015808        2.60000000        1.94715417
    24.36676159       36.00917123        0.41458733        0.45938781        2.60000000        1.94434970
    24.43437606       36.07655136        0.41656490        0.45861591        2.60000000        1.94154810
    24.50189890       36.14393150        0.41854375        0.45784235        2.60000000        1.93874937
    24.56933059       36.21131163        0.42052385        0.45706713        2.60000000        1.93595349
    24.63667161       36.27869177        0.42250521        0.45629025        2.60000000        1.93316044
    24.70392242       36.34607190        0.42448781        0.45551170        2.60000000        1.93037023
    24.77108347       36.41345204        0.42647165        0.45473147        2.60000000        1.92758283
    24.83815521       36.48083217        0.42845671        0.45394955        2.60000000        1.92479823
    24.90513808       36.54821231        0.43044300        0.45316593        2.60000000        1.92201642
    24.97203253       36.61559244        0.43243049        0.45238061        2.60000000        1.91923738
    25.03883896       36.68297258        0.43441919        0.45159359        2.60000000        1.91646111
    25.10555781       36.75035271        0.43640908        0.45080484        2.60000000        1.91368760
    25.17218949       36.81773285        0.43840016        0.45001437        2.60000000        1.91091683
    25.23873440       36.88511298        0.44039241        0.44922217        2.60000000        1.90814878
    25.30519293       36.95249312        0.44238583        0.44842822        2.60000000        1.90538346
    25.37156549       37.01987325        0.44438041        0.44763253        2.60000000        1.90262085
    25.43785246       37.08725339        0.44637615        0.44683509        2.60000000        1.89986093
    25.50405421       37.15463352        0.44837302        0.44603588        2.60000000        1.89710371
    25.57017112       37.22201366        0.45037103        0.44523490        2.60000000        1.89434915
    25.63620356       37.28939380        0.45237016        0.44443215        2.60000000        1.89159727
    25.70215189       37.35677393        0.45437041        0.44362761        2.60000000        1.88884804
    25.76801646       37.42415407        0.45637176        0.44282127        2.60000000        1.88610145
    25.83379762       37.49153420        0.45837422        0.44201314        2.60000000        1.88335750
    25.89949570       37.55891434        0.46037776        0.44120320        2.60000000        1.88061618
    25.96511106       37.62629447        0.46238238        0.44039144        2.60000000        1.87787747
    26.03064401       37.69367461        0.46438807        0.43957786        2.60000000        1.87514137
    26.09609489       37.76105474        0.46639483        0.43876245        2.60000000        1.87240786
    26.16146401       37.82843488        0.46840263        0.43794520        2.60000000        1.86967694
    26.22675169       37.89581501        0.47041148        0.43712611        2.60000000        1.86694860
    26.29195824       37.96319515        0.47242136        0.43630516        2.60000000        1.86422282
    26.35708396       38.03057528        0.47443227        0.43548236        2.60000000        1.86149961
    26.42212914       38.09795542        0.47644419        0.43465768        2.60000000        1.85877894
    26.48709408       38.16533555        0.47845712        0.43383113        2.60000000        1.85606082
    26.55197908       38.23271569        0.48047105        0.43300270        2.60000000        1.85334523
    26.61678440       38.30009582        0.48248596        0.43217237        2.60000000        1.85063216
    26.68151033       38.36747596        0.48450185        0.43134015        2.60000000        1.84792161
    26.74615714       38.43485609        0.48651871        0.43050602        2.60000000        1.84521357
    26.81072511       38.50223623        0.48853653        0.42966998        2.60000000        1.84250802
    26.87521448       38.56961636        0.49055529        0.42883201        2.60000000        1.83980497
    26.93962552       38.63699650        0.49257500        0.42799212        2.60000000        1.83710439
    27.00395849       38.70437663        0.49459563        0.42715029        2.60000000        1.83440630
    27.06821363       38.77175677        0.49661719        0.42630652        2.60000000        1.83171066
    27.13239119       38.83913690        0.49863966        0.42546079        2.60000000        1.82901749
    27.19649141       38.90651704        0.50066303        0.42461310        2.60000000        1.82632677
    27.26051452       38.97389717        0.50268729        0.42376345        2.60000000        1.82363849
    27.32446076       39.04127731        0.50471243        0.42291182        2.60000000        1.82095265
    27.38833035       39.10865744        0.50673844        0.42205821        2.60000000        1.81826924
    27.45212351       39.17603758        0.50876532        0.42120261        2.60000000        1.81558825
    27.51584047       39.24341771        0.51079305        0.42034501        2.60000000        1.81290967
    27.57948143       39.31079785        0.51282162        0.41948540        2.60000000        1.81023350
    27.64304660       39.37817798        0.51485102        0.41862378        2.60000000        1.80755974
    27.70653620       39.44555812        0.51688125        0.41776014        2.60000000        1.80488836
    27.76995043       39.51293825        0.51891229        0.41689447        2.60000000        1.80221937
    27.83328947       39.58031839        0.52094413        0.41602676        2.60000000        1.79955276
    27.89655354       39.64769852        0.52297676        0.41515700        2.60000000        1.79688852
    27.95974281       39.71507866        0.52501018        0.41428519        2.60000000        1.79422665
    28.02285748       39.78245879        0.52704437        0.41341132        2.60000000        1.79156714
    28.08589771       39.84983893        0.52907932        0.41253538        2.60000000        1.78890999
    28.14886371       39.91721906        0.53111503        0.41165737        2.60000000        1.78625518
    28.21175563       39.98459920        0.53315148        0.41077727        2.60000000        1.78360271
    28.27457365       40.05197933        0.53518866        0.40989507        2.60000000        1.78095257
    28.33731794       40.11935947        0.53722656        0.40901078        2.60000000        1.77830477
    28.39998866       40.18673960        0.53926518        0.40812437        2.60000000        1.77565929
    28.46258597       40.25411974        0.54130450        0.40723585        2.60000000        1.77301612
    28.52511003       40.32149987        0.54334451        0.40634520        2.60000000        1.77037526
    28.58756100       40.38888001        0.54538520        0.40545242        2.60000000        1.76773671
    28.64993901       40.45626014        0.54742656        0.40455750        2.60000000        1.76510046
    28.71224422       40.52364028        0.54946859        0.40366043        2.60000000        1.76246650
    28.77447678       40.59102041        0.55151127        0.40276120        2.60000000        1.75983483
    28.83663681       40.65840055        0.55355458        0.40185980        2.60000000        1.75720545
    28.89872446       40.72578068        0.55559853        0.40095623        2.60000000        1.75457834
    28.96073986       40.79316082        0.55764310        0.40005048        2.60000000        1.75195350
    29.02268314       40.86054095        0.55968828        0.39914254        2.60000000        1.74933092
    29.08455443       40.92792109        0.56173405        0.39823239        2.60000000        1.74671061
    29.14635384       40.99530122        0.56378042        0.39732004        2.60000000        1.74409256
    29.20808151       41.06268136        0.56582737        0.39640548        2.60000000        1.74147675
    29.26973754       41.13006149        0.56787488        0.39548869        2.60000000        1.73886319
    29.33132205       41.19744163        0.56992295        0.39456967        2.60000000        1.73625187
    29.39283515       41.26482176        0.57197157        0.39364840        2.60000000        1.73364279
    29.45427695       41.33220190        0.57402073        0.39272489        2.60000000        1.73103594
    29.51564756       41.39958203        0.57607041        0.39179912        2.60000000        1.72843131
    29.57694707       41.46696217        0.57812061        0.39087108        2.60000000        1.72582891
    29.63817558       41.53434230        0.58017131        0.38994077        2.60000000        1.72322872
    29.69933319       41.60172244        0.58222251        0.38900818        2.60000000        1.72063075
    29.76041999       41.66910257        0.58427420        0.38807329        2.60000000        1.71803498
    29.82143607       41.73648271        0.58632636        0.38713610        2.60000000        1.71544141
    29.88238152       41.80386284        0.58837898        0.38619661        2.60000000        1.71285005
    29.94325642       41.87124298        0.59043205        0.38525479        2.60000000        1.71026087
    30.00406086       41.93862311        0.59248557        0.38431065        2.60000000        1.70767389
    30.06479490       42.00600325        0.59453952        0.38336417        2.60000000        1.70508909
    30.12545863       42.07338338        0.59659389        0.38241535        2.60000000        1.70250648
    30.18605213       42.14076352        0.59864867        0.38146418        2.60000000        1.69992604
    30.24657545       42.20814365        0.60070385        0.38051064        2.60000000        1.69734777
    30.30702866       42.27552379        0.60275942        0.37955473        2.60000000        1.69477167
    30.36741184       42.34290392        0.60481537        0.37859645        2.60000000        1.69219774
    30.42772503       42.41028406        0.60687169        0.37763577        2.60000000        1.68962596
    30.48796831       42.47766419        0.60892836        0.37667270        2.60000000        1.68705635
    30.54814172       42.54504433        0.61098538        0.37570722        2.60000000        1.68448888
    30.60824533       42.61242446        0.61304274        0.37473932        2.60000000        1.68192357
    30.66827918       42.67980460        0.61510042        0.37376900        2.60000000        1.67936040
    30.72824331       42.74718473        0.61715842        0.37279625        2.60000000        1.67679937
    30.78813779       42.81456487        0.61921672        0.37182105        2.60000000        1.67424048
    30.84796264       42.88194500        0.62127531        0.37084341        2.60000000        1.67168373
    30.90771791       42.94932514        0.62333418        0.36986330        2.60000000        1.66912910
    30.96740364       43.01670527        0.62539333        0.36888071        2.60000000        1.66657660
    31.02701986       43.08408541        0.62745274        0.36789565        2.60000000        1.66402622
    31.08656661       43.15146554        0.62951239        0.36690811        2.60000000        1.66147797
    31.14604392       43.21884568        0.63157229        0.36591806        2.60000000        1.65893183
    31.20545181       43.28622581        0.63363241        0.36492550        2.60000000        1.65638780
    31.26479031       43.35360595        0.63569276        0.36393043        2.60000000        1.65384589
    31.32405944       43.42098608        0.63775330        0.36293283        2.60000000        1.65130607
    31.38325923       43.48836622        0.63981405        0.36193269        2.60000000        1.64876837
    31.44238969       43.55574635        0.64187498        0.36093001        2.60000000        1.64623276
    31.50145084       43.62312649        0.64393608        0.35992477        2.60000000        1.64369925
    31.56044268       43.69050662        0.64599735        0.35891697        2.60000000        1.64116783
    31.61936524       43.75788676        0.64805877        0.35790659        2.60000000        1.63863850
    31.67821851       43.82526690        0.65012033        0.35689363        2.60000000        1.63611126
    31.73700252       43.89264703        0.65218202        0.35587807        2.60000000        1.63358610
    31.79571725       43.96002717        0.65424383        0.35485991        2.60000000        1.63106303
    31.85436271       44.02740730        0.65630575        0.35383914        2.60000000        1.62854203
    31.91293891       44.09478744        0.65836776        0.35281574        2.60000000        1.62602311
    31.97144582       44.16216757        0.66042987        0.35178971        2.60000000        1.62350626
    32.02988346       44.22954771        0.66249205        0.35076103        2.60000000        1.62099148
    32.08825182       44.29692784        0.66455429        0.34972970        2.60000000        1.61847876
    32.14655087       44.36430798        0.66661659        0.34869571        2.60000000        1.61596811
    32.20478061       44.43168811        0.66867893        0.34765905        2.60000000        1.61345952
    32.26294103       44.49906825        0.67074131        0.34661970        2.60000000        1.61095299
    32.32103211       44.56644838        0.67280370        0.34557765        2.60000000        1.60844852
    32.37905382       44.63382852        0.67486611        0.34453291        2.60000000        1.60594610
    32.43700614       44.70120865        0.67692851        0.34348544        2.60000000        1.60344573
    32.49488906       44.76858879        0.67899091        0.34243526        2.60000000        1.60094740
    32.55270255       44.83596892        0.68105328        0.34138233        2.60000000        1.59845112
    32.61044657       44.90334906        0.68311562        0.34032667        2.60000000        1.59595689
    32.66812110       44.97072919        0.68517791        0.33926824        2.60000000        1.59346469
    32.72572610       45.03810933        0.68724015        0.33820705        2.60000000        1.59097453
    32.78326153       45.10548946        0.68930232        0.33714309        2.60000000        1.58848641
    32.84072737       45.17286960        0.69136441        0.33607633        2.60000000        1.58600032
    32.89812357       45.24024973        0.69342641        0.33500678        2.60000000        1.58351626
    32.95545008       45.30762987        0.69548832        0.33393442        2.60000000        1.58103423
    33.01270687       45.37501000        0.69755011        0.33285924        2.60000000        1.57855423
    33.06989389       45.44239014        0.69961178        0.33178123        2.60000000        1.57607624
    33.12701109       45.50977027        0.70167332        0.33070038        2.60000000        1.57360028
    33.18405841       45.57715041        0.70373472        0.32961668        2.60000000        1.57112634
    33.24103581       45.64453054        0.70579596        0.32853011        2.60000000        1.56865442
    33.29794323       45.71191068        0.70785703        0.32744067        2.60000000        1.56618451
    33.35478061       45.77929081        0.70991793        0.32634835        2.60000000        1.56371661
    33.41154790       45.84667095        0.71197864        0.32525313        2.60000000        1.56125072
    33.46824502       45.91405108        0.71403915        0.32415500        2.60000000        1.55878685
    33.52487193       45.98143122        0.71609945        0.32305395        2.60000000        1.55632497
    33.58142855       46.04881135        0.71815953        0.32194998        2.60000000        1.55386511
    33.63791481       46.11619149        0.72021937        0.32084306        2.60000000        1.55140724
    33.69433064       46.18357162        0.72227898        0.31973320        2.60000000        1.54895138
    33.75067598       46.25095176        0.72433832        0.31862037        2.60000000        1.54649751
    33.80695074       46.31833189        0.72639741        0.31750456        2.60000000        1.54404564
    33.86315485       46.38571203        0.72845621        0.31638577        2.60000000        1.54159576
    33.91928823       46.45309216        0.73051473        0.31526398        2.60000000        1.53914788
    33.97535080       46.52047230        0.73257295        0.31413918        2.60000000        1.53670199
    34.03134249       46.58785243        0.73463086        0.31301136        2.60000000        1.53425809
    34.08726318       46.65523257        0.73668844        0.31188051        2.60000000        1.53181617
    34.14311282       46.72261270        0.73874570        0.31074661        2.60000000        1.52937624
    34.19889129       46.78999284        0.74080261        0.30960966        2.60000000        1.52693829
    34.25459852       46.85737297        0.74285917        0.30846964        2.60000000        1.52450233
    34.31023441       46.92475311        0.74491536        0.30732654        2.60000000        1.52206834
    34.36579886       46.99213324        0.74697118        0.30618035        2.60000000        1.51963634
    34.42129178       47.05951338        0.74902660        0.30503105        2.60000000        1.51720631
    34.47671305       47.12689351        0.75108163        0.30387864        2.60000000        1.51477825
    34.53206259       47.19427365        0.75313625        0.30272309        2.60000000        1.51235217
    34.58734029       47.26165378        0.75519045        0.30156441        2.60000000        1.50992806
    34.64254604       47.32903392        0.75724421        0.30040258        2.60000000        1.50750592
    34.69767973       47.39641405        0.75929753        0.29923758        2.60000000        1.50508575
    34.75274124       47.46379419        0.76135040        0.29806940        2.60000000        1.50266755
    34.80773048       47.53117432        0.76340280        0.29689804        2.60000000        1.50025132
    34.86264732       47.59855446        0.76545472        0.29572347        2.60000000        1.49783704
    34.91749164       47.66593459        0.76750616        0.29454568        2.60000000        1.49542474
    34.97226333       47.73331473        0.76955709        0.29336467        2.60000000        1.49301439
    35.02696226       47.80069486        0.77160752        0.29218042        2.60000000        1.49060600
    35.08158831       47.86807500        0.77365743        0.29099292        2.60000000        1.48819957
    35.13614136       47.93545513        0.77570680        0.28980215        2.60000000        1.48579510
    35.19062127       48.00283527        0.77775563        0.28860810        2.60000000        1.48339259
    35.24502791       48.07021540        0.77980390        0.28741076        2.60000000        1.48099203
    35.29936116       48.13759554        0.78185161        0.28621011        2.60000000        1.47859342
    35.35362088       48.20497567        0.78389874        0.28500615        2.60000000        1.47619676
    35.40780693       48.27235581        0.78594528        0.28379886        2.60000000        1.47380206
    35.46191917       48.33973594        0.78799122        0.28258822        2.60000000        1.47140931
    35.51595746       48.40711608        0.79003655        0.28137423        2.60000000        1.46901850
    35.56992166       48.47449621        0.79208126        0.28015686        2.60000000        1.46662964
    35.62381163       48.54187635        0.79412534        0.27893611        2.60000000        1.46424273
    35.67762721       48.60925648        0.79616878        0.27771197        2.60000000        1.46185776
    35.73136825       48.67663662        0.79821155        0.27648441        2.60000000        1.45947473
    35.78503461       48.74401675        0.80025367        0.27525343        2.60000000        1.45709365
    35.83862613       48.81139689        0.80229510        0.27401901        2.60000000        1.45471451
    35.89214265       48.87877702        0.80433585        0.27278114        2.60000000        1.45233731
    35.94558402       48.94615716        0.80637589        0.27153980        2.60000000        1.44996205
    35.99895007       49.01353729        0.80841523        0.27029498        2.60000000        1.44758872
    36.05224065       49.08091743        0.81045384        0.26904667        2.60000000        1.44521734
    36.10545557       49.14829756        0.81249172        0.26779486        2.60000000        1.44284789
    36.15859469       49.21567770        0.81452886        0.26653952        2.60000000        1.44048037
    36.21165783       49.28305783        0.81656524        0.26528064        2.60000000        1.43811479
    36.26464482       49.35043797        0.81860085        0.26401822        2.60000000        1.43575114
    36.31755547       49.41781810        0.82063569        0.26275223        2.60000000        1.43338943
    36.37038963       49.48519824        0.82266973        0.26148266        2.60000000        1.43102965
    36.42314711       49.55257837        0.82470298        0.26020950        2.60000000        1.42867179
    36.47582772       49.61995851        0.82673541        0.25893274        2.60000000        1.42631587
    36.52843129       49.68733864        0.82876703        0.25765235        2.60000000        1.42396187
    36.58095763       49.75471878        0.83079781        0.25636832        2.60000000        1.42160981
    36.63340655       49.82209891        0.83282774        0.25508065        2.60000000        1.41925967
    36.68577786       49.88947905        0.83485682        0.25378930        2.60000000        1.41691145
    36.73807138       49.95685918        0.83688503        0.25249428        2.60000000        1.41456517
    36.79028690       50.02423932        0.83891237        0.25119556        2.60000000        1.41222080
    36.84242423       50.09161945        0.84093882        0.24989313        2.60000000        1.40987836
    36.89448318       50.15899959        0.84296436        0.24858697        2.60000000        1.40753785
    36.94646353       50.22637973        0.84498899        0.24727707        2.60000000        1.40519925
    36.99836509       50.29375986        0.84701271        0.24596342        2.60000000        1.40286258
    37.05018765       50.36114000        0.84903548        0.24464599        2.60000000        1.40052783
    37.10193100       50.42852013        0.85105732        0.24332477        2.60000000        1.39819500
    37.15359493       50.49590027        0.85307819        0.24199976        2.60000000        1.39586409
    37.20517923       50.56328040        0.85509810        0.24067092        2.60000000        1.39353510
    37.25668369       50.63066054        0.85711704        0.23933825        2.60000000        1.39120802
    37.30810808       50.69804067        0.85913498        0.23800173        2.60000000        1.38888287
    37.35945219       50.76542081        0.86115192        0.23666135        2.60000000        1.38655963
    37.41071579       50.83280094        0.86316786        0.23531708        2.60000000        1.38423831
    37.46189866       50.90018108        0.86518276        0.23396892        2.60000000        1.38191891
    37.51300057       50.96756121        0.86719664        0.23261684        2.60000000        1.37960142
    37.56402129       51.03494135        0.86920947        0.23126084        2.60000000        1.37728585
    37.61496060       51.10232148        0.87122125        0.22990089        2.60000000        1.37497219
    37.66581825       51.16970162        0.87323195        0.22853697        2.60000000        1.37266045
    37.71659401       51.23708175        0.87524158        0.22716908        2.60000000        1.37035062
    37.76728763       51.30446189        0.87725013        0.22579719        2.60000000        1.36804270
    37.81789889       51.37184202        0.87925757        0.22442129        2.60000000        1.36573670
    37.86842753       51.43922216        0.88126390        0.22304137        2.60000000        1.36343261
    37.91887330       51.50660229        0.88326910        0.22165739        2.60000000        1.36113043
    37.96923597       51.57398243        0.88527318        0.22026936        2.60000000        1.35883016
    38.01951526       51.64136256        0.88727611        0.21887725        2.60000000        1.35653181
    38.06971094       51.70874270        0.88927788        0.21748104        2.60000000        1.35423537
    38.11982275       51.77612283        0.89127849        0.21608072        2.60000000        1.35194083
    38.16985042       51.84350297        0.89327792        0.21467627        2.60000000        1.34964821
    38.21979369       51.91088310        0.89527616        0.21326767        2.60000000        1.34735750
    38.26965231       51.97826324        0.89727321        0.21185491        2.60000000        1.34506870
    38.31942599       52.04564337        0.89926904        0.21043796        2.60000000        1.34278181
    38.36911448       52.11302351        0.90126365        0.20901682        2.60000000        1.34049683
    38.41871750       52.18040364        0.90325703        0.20759146        2.60000000        1.33821375
    38.46823477       52.24778378        0.90524916        0.20616186        2.60000000        1.33593259
    38.51766602       52.31516391        0.90724004        0.20472802        2.60000000        1.33365334
    38.56701097       52.38254405        0.90922965        0.20328990        2.60000000        1.33137599
    38.61626934       52.44992418        0.91121798        0.20184749        2.60000000        1.32910056
    38.66544083       52.51730432        0.91320503        0.20040078        2.60000000        1.32682703
    38.71452517       52.58468445        0.91519078        0.19894974        2.60000000        1.32455541
    38.76352205       52.65206459        0.91717522        0.19749436        2.60000000        1.32228570
    38.81243120       52.71944472        0.91915834        0.19603461        2.60000000        1.32001790
    38.86125230       52.78682486        0.92114012        0.19457049        2.60000000        1.31775201
    38.90998507       52.85420499        0.92312057        0.19310197        2.60000000        1.31548802
    38.95862920       52.92158513        0.92509965        0.19162903        2.60000000        1.31322594
    39.00718439       52.98896526        0.92707738        0.19015165        2.60000000        1.31096578
    39.05565032       53.05634540        0.92905373        0.18866982        2.60000000        1.30870752
    39.10402669       53.12372553        0.93102869        0.18718352        2.60000000        1.30645117
    39.15231319       53.19110567        0.93300225        0.18569272        2.60000000        1.30419672
    39.20050950       53.25848580        0.93497440        0.18419741        2.60000000        1.30194419
    39.24861531       53.32586594        0.93694514        0.18269757        2.60000000        1.29969356
    39.29663028       53.39324607        0.93891444        0.18119318        2.60000000        1.29744485
    39.34455409       53.46062621        0.94088231        0.17968422        2.60000000        1.29519804
    39.39238643       53.52800634        0.94284871        0.17817067        2.60000000        1.29295314
    39.44012696       53.59538648        0.94481366        0.17665251        2.60000000        1.29071015
    39.48777534       53.66276661        0.94677713        0.17512972        2.60000000        1.28846907
    39.53533125       53.73014675        0.94873912        0.17360229        2.60000000        1.28622990
    39.58279433       53.79752688        0.95069961        0.17207018        2.60000000        1.28399264
    39.63016425       53.86490702        0.95265859        0.17053338        2.60000000        1.28175729
    39.67744067       53.93228715        0.95461605        0.16899188        2.60000000        1.27952385
    39.72462324       53.99966729        0.95657199        0.16744564        2.60000000        1.27729232
    39.77171160       54.06704742        0.95852638        0.16589465        2.60000000        1.27506270
    39.81870540       54.13442756        0.96047923        0.16433890        2.60000000        1.27283499
    39.86560429       54.20180769        0.96243051        0.16277835        2.60000000        1.27060920
    39.91240790       54.26918783        0.96438022        0.16121299        2.60000000        1.26838531
    39.95911588       54.33656796        0.96632834        0.15964280        2.60000000        1.26616334
    40.00572785       54.40394810        0.96827487        0.15806775        2.60000000        1.26394328
    40.05224344       54.47132823        0.97021980        0.15648783        2.60000000        1.26172514
    40.09866229       54.53870837        0.97216311        0.15490301        2.60000000        1.25950891
    40.14498402       54.60608850        0.97410479        0.15331328        2.60000000        1.25729459
    40.19120824       54.67346864        0.97604483        0.15171860        2.60000000        1.25508218
    40.23733458       54.74084877        0.97798323        0.15011897        2.60000000        1.25287169
    40.28336265       54.80822891        0.97991997        0.14851435        2.60000000        1.25066312
    40.32929207       54.87560904        0.98185503        0.14690473        2.60000000        1.24845646
    40.37512243       54.94298918        0.98378841        0.14529008        2.60000000        1.24625172
    40.42085335       55.01036931        0.98572011        0.14367039        2.60000000        1.24404890
    40.46648442       55.07774945        0.98765010        0.14204563        2.60000000        1.24184799
    40.51201524       55.14512958        0.98957837        0.14041577        2.60000000        1.23964901
    40.55744542       55.21250972        0.99150492        0.13878080        2.60000000        1.23745194
    40.60277453       55.27988985        0.99342974        0.13714069        2.60000000        1.23525679
    40.64800217       55.34726999        0.99535281        0.13549543        2.60000000        1.23306356
    40.69312793       55.41465012        0.99727412        0.13384498        2.60000000        1.23087225
    40.73815137       55.48203026        0.99919366        0.13218933        2.60000000        1.22868286
    40.78307208       55.54941039        1.00111143        0.13052844        2.60000000        1.22649540
    40.82788964       55.61679053        1.00302741        0.12886231        2.60000000        1.22430986
    40.87260361       55.68417066        1.00494158        0.12719091        2.60000000        1.22212624
    40.91721357       55.75155080        1.00685395        0.12551420        2.60000000        1.21994455
    40.96171906       55.81893093        1.00876449        0.12383218        2.60000000        1.21776478
    41.00611966       55.88631107        1.01067320        0.12214481        2.60000000        1.21558694
    41.05041492       55.95369120        1.01258007        0.12045207        2.60000000        1.21341103
    41.09460439       56.02107134        1.01448509        0.11875394        2.60000000        1.21123704
    41.13868762       56.08845147        1.01638824        0.11705040        2.60000000        1.20906498
    41.18266415       56.15583161        1.01828952        0.11534141        2.60000000        1.20689485
    41.22653354       56.22321174        1.02018891        0.11362696        2.60000000        1.20472666
    41.27029530       56.29059188        1.02208640        0.11190702        2.60000000        1.20256039
    41.31394898       56.35797201        1.02398199        0.11018157        2.60000000        1.20039606
    41.35749411       56.42535215        1.02587566        0.10845059        2.60000000        1.19823366
    41.40093021       56.49273228        1.02776740        0.10671403        2.60000000        1.19607320
    41.44425681       56.56011242        1.02965720        0.10497190        2.60000000        1.19391467
    41.48747341       56.62749255        1.03154505        0.10322415        2.60000000        1.19175808
    41.53057955       56.69487269        1.03343094        0.10147076        2.60000000        1.18960342
    41.57357472       56.76225283        1.03531486        0.09971171        2.60000000        1.18745071
    41.61645844       56.82963296        1.03719679        0.09794698        2.60000000        1.18529994
    41.65923020       56.89701310        1.03907674        0.09617653        2.60000000        1.18315110
    41.70188951       56.96439323        1.04095468        0.09440034        2.60000000        1.18100421
    41.74443585       57.03177337        1.04283061        0.09261838        2.60000000        1.17885926
    41.78686872       57.09915350        1.04470451        0.09083064        2.60000000        1.17671626
    41.82918761       57.16653364        1.04657638        0.08903708        2.60000000        1.17457521
    41.87139199       57.23391377        1.04844620        0.08723767        2.60000000        1.17243610
    41.91348134       57.30129391        1.05031397        0.08543240        2.60000000        1.17029894
    41.95545515       57.36867404        1.05217967        0.08362123        2.60000000        1.16816373
    41.99731286       57.43605418        1.05404329        0.08180414        2.60000000        1.16603047
    42.03905396       57.50343431        1.05590483        0.07998110        2.60000000        1.16389916
    42.08067789       57.57081445        1.05776426        0.07815209        2.60000000        1.16176981
    42.12218413       57.63819458        1.05962159        0.07631707        2.60000000        1.15964241
    42.16357211       57.70557472        1.06147680        0.07447602        2.60000000        1.15751697
    42.20484129       57.77295485        1.06332988        0.07262891        2.60000000        1.15539349
    42.24599111       57.84033499        1.06518082        0.07077572        2.60000000        1.15327197
    42.28702100       57.90771512        1.06702960        0.06891642        2.60000000        1.15115241
    42.32793040       57.97509526        1.06887623        0.06705098        2.60000000        1.14903482
    42.36871874       58.04247539        1.07072068        0.06517936        2.60000000        1.14691919
    42.40938545       58.10985553        1.07256295        0.06330156        2.60000000        1.14480552
    42.44992994       58.17723566        1.07440303        0.06141753        2.60000000        1.14269382
    42.49035163       58.24461580        1.07624090        0.05952724        2.60000000        1.14058409
    42.53064993       58.31199593        1.07807656        0.05763068        2.60000000        1.13847633
    42.57082425       58.37937607        1.07991000        0.05572780        2.60000000        1.13637055
    42.61087398       58.44675620        1.08174120        0.05381859        2.60000000        1.13426674
    42.65079852       58.51413634        1.08357015        0.05190301        2.60000000        1.13216491
    42.69059727       58.58151647        1.08539685        0.04998103        2.60000000        1.13006505
    42.73026961       58.64889661        1.08722129        0.04805263        2.60000000        1.12796717
    42.76981493       58.71627674        1.08904344        0.04611777        2.60000000        1.12587128
    42.80923259       58.78365688        1.09086331        0.04417643        2.60000000        1.12377737
    42.84852198       58.85103701        1.09268088        0.04222857        2.60000000        1.12168544
    42.88768245       58.91841715        1.09449615        0.04027417        2.60000000        1.11959550
    42.92671337       58.98579728        1.09630909        0.03831319        2.60000000        1.11750755
    42.96561409       59.05317742        1.09811971        0.03634561        2.60000000        1.11542159
    43.00438397       59.12055755        1.09992799        0.03437140        2.60000000        1.11333763
    43.04302236       59.18793769        1.10173392        0.03239052        2.60000000        1.11125566
    43.08152858       59.25531782        1.10353749        0.03040295        2.60000000        1.10917568
    43.11990199       59.32269796        1.10533869        0.02840865        2.60000000        1.10709771
    43.15814190       59.39007809        1.10713750        0.02640759        2.60000000        1.10502174
    43.19624765       59.45745823        1.10893393        0.02439974        2.60000000        1.10294777
    43.23421855       59.52483836        1.11072796        0.02238508        2.60000000        1.10087581
    43.27205391       59.59221850        1.11251957        0.02036356        2.60000000        1.09880585
    43.30975305       59.65959863        1.11430877        0.01833516        2.60000000        1.09673791
    43.34731527       59.72697877        1.11609553        0.01629985        2.60000000        1.09467197
    43.38473986       59.79435890        1.11787985        0.01425759        2.60000000        1.09260805
    43.42202611       59.86173904        1.11966172        0.01220835        2.60000000        1.09054615
    43.45917332       59.92911917        1.12144112        0.01015210        2.60000000        1.08848627
    43.49618075       59.99649931        1.12321805        0.00808881        2.60000000        1.08642841
    43.53304770       60.06387944        1.12499250        0.00601845        2.60000000        1.08437258
    43.56977341       60.13125958        1.12676445        0.00394097        2.60000000        1.08231877
    43.60635716       60.19863971        1.12853390        0.00185636        2.60000000        1.08026698
    43.64279821       60.26601985        1.13030084       -0.00023543        2.60000000        1.07821724
    43.67909579       60.33339998        1.13206525       -0.00233442        2.60000000        1.07616952
    43.71524917       60.40078012        1.13382713       -0.00444066        2.60000000        1.07412384
    43.75125756       60.46816025        1.13558646       -0.00655417        2.60000000        1.07208020
    43.78712022       60.53554039        1.13734323       -0.00867498        2.60000000        1.07003860
    43.82283636       60.60292052        1.13909745       -0.01080314        2.60000000        1.06799905
    43.85840520       60.67030066        1.14084908       -0.01293867        2.60000000        1.06596154
    43.89382597       60.73768079        1.14259813       -0.01508162        2.60000000        1.06392609
    43.92909785       60.80506093        1.14434459       -0.01723200        2.60000000        1.06189268
    43.96422006       60.87244106        1.14608844       -0.01938987        2.60000000        1.05986133
    43.99919179       60.93982120        1.14782967       -0.02155525        2.60000000        1.05783204
    44.03401222       61.00720133        1.14956828       -0.02372817        2.60000000        1.05580481
    44.06868055       61.07458147        1.15130425       -0.02590868        2.60000000        1.05377965
    44.10319593       61.14196160        1.15303758       -0.02809681        2.60000000        1.05175655
    44.13755755       61.20934174        1.15476824       -0.03029259        2.60000000        1.04973552
    44.17176455       61.27672187        1.15649625       -0.03249605        2.60000000        1.04771657
    44.20581610       61.34410201        1.15822157       -0.03470725        2.60000000        1.04569969
    44.23971135       61.41148214        1.15994421       -0.03692620        2.60000000        1.04368489
    44.27344943       61.47886228        1.16166415       -0.03915295        2.60000000        1.04167217
    44.30702947       61.54624241        1.16338139       -0.04138753        2.60000000        1.03966153
    44.34045060       61.61362255        1.16509590       -0.04362998        2.60000000        1.03765299
    44.37371195       61.68100268        1.16680769       -0.04588034        2.60000000        1.03564654
    44.40681263       61.74838282        1.16851675       -0.04813864        2.60000000        1.03364218
    44.43975173       61.81576295        1.17022305       -0.05040492        2.60000000        1.03163992
    44.47252836       61.88314309        1.17192660       -0.05267921        2.60000000        1.02963976
    44.50514161       61.95052322        1.17362738       -0.05496156        2.60000000        1.02764170
    44.53759056       62.01790336        1.17532539       -0.05725200        2.60000000        1.02564576
    44.56987428       62.08528349        1.17702060       -0.05955057        2.60000000        1.02365192
    44.60199185       62.15266363        1.17871302       -0.06185730        2.60000000        1.02166020
    44.63394231       62.22004376        1.18040263       -0.06417224        2.60000000        1.01967060
    44.66572474       62.28742390        1.18208943       -0.06649542        2.60000000        1.01768312
    44.69733817       62.35480403        1.18377339       -0.06882688        2.60000000        1.01569777
    44.72878164       62.42218417        1.18545453       -0.07116666        2.60000000        1.01371455
    44.76005417       62.48956430        1.18713281       -0.07351479        2.60000000        1.01173346
    44.79115479       62.55694444        1.18880823       -0.07587132        2.60000000        1.00975450
    44.82208251       62.62432457        1.19048079       -0.07823629        2.60000000        1.00777769
    44.85283634       62.69170471        1.19215047       -0.08060973        2.60000000        1.00580302
    44.88341527       62.75908484        1.19381727       -0.08299169        2.60000000        1.00383050
    44.91381829       62.82646498        1.19548117       -0.08538219        2.60000000        1.00186014
    44.94404439       62.89384511        1.19714216       -0.08778129        2.60000000        0.99989192
    44.97409252       62.96122525        1.19880023       -0.09018903        2.60000000        0.99792587
    45.00396167       63.02860538        1.20045538       -0.09260543        2.60000000        0.99596198
    45.03365078       63.09598552        1.20210759       -0.09503055        2.60000000        0.99400026
    45.06315879       63.16336565        1.20375685       -0.09746442        2.60000000        0.99204072
    45.09248465       63.23074579        1.20540316       -0.09990708        2.60000000        0.99008334
    45.12162729       63.29812593        1.20704650       -0.10235858        2.60000000        0.98812815
    45.15058561       63.36550606        1.20868686       -0.10481895        2.60000000        0.98617515
    45.17935855       63.43288620        1.21032424       -0.10728823        2.60000000        0.98422433
    45.20794499       63.50026633        1.21195863       -0.10976648        2.60000000        0.98227570
    45.23634383       63.56764647        1.21359000       -0.11225372        2.60000000        0.98032928
    45.26455396       63.63502660        1.21521837       -0.11475000        2.60000000        0.97838505
    45.29257424       63.70240674        1.21684370       -0.11725536        2.60000000        0.97644303
    45.32040354       63.76978687        1.21846600       -0.11976984        2.60000000        0.97450322
    45.34804073       63.83716701        1.22008526       -0.12229349        2.60000000        0.97256563
    45.37548463       63.90454714        1.22170146       -0.12482635        2.60000000        0.97063026
    45.40273410       63.97192728        1.22331460       -0.12736845        2.60000000        0.96869711
    45.42978796       64.03930741        1.22492466       -0.12991985        2.60000000        0.96676619
    45.45664502       64.10668755        1.22653164       -0.13248058        2.60000000        0.96483751
    45.48330409       64.17406768        1.22813552       -0.13505069        2.60000000        0.96291106
    45.50976398       64.24144782        1.22973630       -0.13763022        2.60000000        0.96098686
    45.53602345       64.30882795        1.23133397       -0.14021921        2.60000000        0.95906490
    45.56208130       64.37620809        1.23292851       -0.14281770        2.60000000        0.95714520
    45.58793629       64.44358822        1.23451992       -0.14542575        2.60000000        0.95522776
    45.61358718       64.51096836        1.23610819       -0.14804339        2.60000000        0.95331258
    45.63903271       64.57834849        1.23769330       -0.15067067        2.60000000        0.95139967
    45.66427161       64.64572863        1.23927525       -0.15330762        2.60000000        0.94948904
    45.68930262       64.71310876        1.24085403       -0.15595430        2.60000000        0.94758068
    45.71412444       64.78048890        1.24242963       -0.15861075        2.60000000        0.94567460
    45.73873578       64.84786903        1.24400203       -0.16127701        2.60000000        0.94377082
    45.76313534       64.91524917        1.24557124       -0.16395313        2.60000000        0.94186933
    45.78732178       64.98262930        1.24713723       -0.16663915        2.60000000        0.93997014
    45.81129379       65.05000944        1.24870000       -0.16933512        2.60000000        0.93807325
    45.83505002       65.11738957        1.25025954       -0.17204108        2.60000000        0.93617868
    45.85858912       65.18476971        1.25181584       -0.17475708        2.60000000        0.93428642
    45.88190973       65.25214984        1.25336889       -0.17748315        2.60000000        0.93239648
    45.90501046       65.31952998        1.25491868       -0.18021936        2.60000000        0.93050887
    45.92788994       65.38691011        1.25646521       -0.18296573        2.60000000        0.92862360
    45.95054676       65.45429025        1.25800845       -0.18572232        2.60000000        0.92674066
    45.97297952       65.52167038        1.25954840       -0.18848918        2.60000000        0.92486007
    45.99518679       65.58905052        1.26108506       -0.19126634        2.60000000        0.92298183
    46.01716713       65.65643065        1.26261840       -0.19405386        2.60000000        0.92110594
    46.03891910       65.72381079        1.26414843       -0.19685178        2.60000000        0.91923242
    46.06044124       65.79119092        1.26567513       -0.19966015        2.60000000        0.91736127
    46.08173208       65.85857106        1.26719849       -0.20247901        2.60000000        0.91549249
    46.10279014       65.92595119        1.26871851       -0.20530841        2.60000000        0.91362609
    46.12361391       65.99333133        1.27023517       -0.20814839        2.60000000        0.91176208
    46.14420188       66.06071146        1.27174846       -0.21099901        2.60000000        0.90990046
    46.16455254       66.12809160        1.27325838       -0.21386030        2.60000000        0.90804124
    46.18466435       66.19547173        1.27476491       -0.21673232        2.60000000        0.90618443
    46.20453576       66.26285187        1.27626805       -0.21961511        2.60000000        0.90433003
    46.22416521       66.33023200        1.27776778       -0.22250873        2.60000000        0.90247805
    46.24355111       66.39761214        1.27926410       -0.22541320        2.60000000        0.90062849
    46.26269190       66.46499227        1.28075699       -0.22832860        2.60000000        0.89878136
    46.28158595       66.53237241        1.28224645       -0.23125495        2.60000000        0.89693668
    46.30023165       66.59975254        1.28373246       -0.23419231        2.60000000        0.89509444
    46.31862738       66.66713268        1.28521502       -0.23714072        2.60000000        0.89325465
    46.33677148       66.73451281        1.28669412       -0.24010023        2.60000000        0.89141732
    46.35466230       66.80189295        1.28816975       -0.24307090        2.60000000        0.88958246
    46.37229817       66.86927308        1.28964189       -0.24605276        2.60000000        0.88775007
    46.38967740       66.93665322        1.29111054       -0.24904587        2.60000000        0.88592016
    46.40679829       67.00403335        1.29257569       -0.25205027        2.60000000        0.88409274
    46.42365911       67.07141349        1.29403733       -0.25506601        2.60000000        0.88226781
    46.44025815       67.13879362        1.29549545       -0.25809313        2.60000000        0.88044538
    46.45659364       67.20617376        1.29695003       -0.26113170        2.60000000        0.87862546
    46.47266384       67.27355389        1.29840108       -0.26418174        2.60000000        0.87680806
    46.48846696       67.34093403        1.29984858       -0.26724332        2.60000000        0.87499318
    46.50400120       67.40831416        1.30129251       -0.27031647        2.60000000        0.87318084
    46.51926477       67.47569430        1.30273288       -0.27340125        2.60000000        0.87137103
    46.53425584       67.54307443        1.30416967       -0.27649770        2.60000000        0.86956377
    46.54897256       67.61045457        1.30560287       -0.27960588        2.60000000        0.86775906
    46.56341309       67.67783470        1.30703247       -0.28272582        2.60000000        0.86595691
    46.57757554       67.74521484        1.30845847       -0.28585758        2.60000000        0.86415734
    46.59145804       67.81259497        1.30988085       -0.28900121        2.60000000        0.86236034
    46.60505867       67.87997511        1.31129959       -0.29215675        2.60000000        0.86056593
    46.61837551       67.94735524        1.31271471       -0.29532425        2.60000000        0.85877411
    46.63140664       68.01473538        1.31412617       -0.29850376        2.60000000        0.85698490
    46.64415008       68.08211551        1.31553398       -0.30169532        2.60000000        0.85519829
    46.65660387       68.14949565        1.31693813       -0.30489899        2.60000000        0.85341430
    46.66876602       68.21687578        1.31833859       -0.30811481        2.60000000        0.85163294
    46.68063452       68.28425592        1.31973537       -0.31134282        2.60000000        0.84985422
    46.69220734       68.35163605        1.32112846       -0.31458309        2.60000000        0.84807814
    46.70348245       68.41901619        1.32251784       -0.31783564        2.60000000        0.84630471
    46.71445778       68.48639632        1.32390351       -0.32110053        2.60000000        0.84453394
    46.72513125       68.55377646        1.32528545       -0.32437781        2.60000000        0.84276584
    46.73550077       68.62115659        1.32666366       -0.32766753        2.60000000        0.84100042
    46.74556421       68.68853673        1.32803812       -0.33096972        2.60000000        0.83923769
    46.75531946       68.75591686        1.32940883       -0.33428444        2.60000000        0.83747765
    46.76476434       68.82329700        1.33077578       -0.33761174        2.60000000        0.83572032
    46.77389670       68.89067713        1.33213895       -0.34095165        2.60000000        0.83396570
    46.78271433       68.95805727        1.33349834       -0.34430423        2.60000000        0.83221381
    46.79121503       69.02543740        1.33485394       -0.34766953        2.60000000        0.83046465
    46.79939657       69.09281754        1.33620574       -0.35104758        2.60000000        0.82871824
    46.80725669       69.16019767        1.33755372       -0.35443843        2.60000000        0.82697457
    46.81479313       69.22757781        1.33889788       -0.35784214        2.60000000        0.82523367
    46.82200360       69.29495794        1.34023821       -0.36125874        2.60000000        0.82349553
    46.82888578       69.36233808        1.34157469       -0.36468827        2.60000000        0.82176018
    46.83543734       69.42971821        1.34290733       -0.36813080        2.60000000        0.82002762
    46.84165594       69.49709835        1.34423610       -0.37158635        2.60000000        0.81829785
    46.84753919       69.56447848        1.34556100       -0.37505497        2.60000000        0.81657090
    46.85308471       69.63185862        1.34688202       -0.37853671        2.60000000        0.81484677
    46.85829008       69.69923876        1.34819914       -0.38203161        2.60000000        0.81312547
    46.86315286       69.76661889        1.34951237       -0.38553971        2.60000000        0.81140700
    46.86767059       69.83399903        1.35082168       -0.38906107        2.60000000        0.80969139
    46.87184080       69.90137916        1.35212707       -0.39259570        2.60000000        0.80797864
    46.87566097       69.96875930        1.35342853       -0.39614368        2.60000000        0.80626876
    46.87912860       70.03613943        1.35472605       -0.39970502        2.60000000        0.80456176
    46.88224112       70.10351957        1.35601962       -0.40327978        2.60000000        0.80285766
    46.88499596       70.17089970        1.35730923       -0.40686800        2.60000000        0.80115646
    46.88739054       70.23827984        1.35859486       -0.41046971        2.60000000        0.79945817
    46.88942224       70.30565997        1.35987651       -0.41408496        2.60000000        0.79776280
    46.89108841       70.37304011        1.36115417       -0.41771379        2.60000000        0.79607038
    46.89238640       70.44042024        1.36242783       -0.42135623        2.60000000        0.79438089
    46.89331351       70.50780038        1.36369748       -0.42501233        2.60000000        0.79269437
    46.89386704       70.57518051        1.36496310       -0.42868212        2.60000000        0.79101082
    46.89404424       70.64256065        1.36622469       -0.43236564        2.60000000        0.78933024
