#  Theta paroi en deg Angle Choc en deg       Kp           Inverse Mach       Mach amont       Mach aval
     0.00000000       22.43774676        0.00000000        0.61832061        2.62000000
     1.73819264       22.43977362        0.00525980        0.61595492        2.62000000        2.61987070
     2.09555496       22.44260957        0.00719306        0.61509335        2.62000000        2.61968981
     2.48072577       22.44787275        0.00952047        0.61406165        2.62000000        2.61935419
     2.89654719       22.45718133        0.01229496        0.61283949        2.62000000        2.61876091
     3.32615473       22.47215346        0.01542734        0.61146955        2.62000000        2.61780743
     3.75959498       22.49440730        0.01884511        0.60998642        2.62000000        2.61639200
     4.19309269       22.52556100        0.02250885        0.60840967        2.62000000        2.61441403
     4.62611388       22.56723273        0.02640331        0.60674806        2.62000000        2.61177465
     5.05962410       22.62104065        0.03052891        0.60500356        2.62000000        2.60837732
     5.49523900       22.68860290        0.03489641        0.60317382        2.62000000        2.60412847
     5.85913786       22.75616515        0.03871150        0.60158936        2.62000000        2.59989819
     6.17650883       22.82372741        0.04216049        0.60016772        2.62000000        2.59568620
     6.46094948       22.89128966        0.04534676        0.59886317        2.62000000        2.59149223
     6.72070467       22.95885191        0.04833433        0.59764745        2.62000000        2.58731601
     6.96118170       23.02641417        0.05116590        0.59650170        2.62000000        2.58315730
     7.18613415       23.09397642        0.05387153        0.59541265        2.62000000        2.57901583
     7.39828258       23.16153867        0.05647327        0.59437057        2.62000000        2.57489136
     7.59966682       23.22910093        0.05898781        0.59336810        2.62000000        2.57078364
     7.79185877       23.29666318        0.06142813        0.59239950        2.62000000        2.56669244
     7.97609747       23.36422543        0.06380454        0.59146022        2.62000000        2.56261752
     8.15337828       23.43178769        0.06612538        0.59054658        2.62000000        2.55855864
     8.32451378       23.49934994        0.06839748        0.58965555        2.62000000        2.55451558
     8.49017668       23.56691219        0.07062655        0.58878460        2.62000000        2.55048811
     8.65093066       23.63447444        0.07281738        0.58793162        2.62000000        2.54647603
     8.80725312       23.70203670        0.07497404        0.58709479        2.62000000        2.54247911
     8.95955222       23.76959895        0.07710002        0.58627255        2.62000000        2.53849714
     9.10817985       23.83716120        0.07919836        0.58546357        2.62000000        2.53452992
     9.25344172       23.90472346        0.08127168        0.58466667        2.62000000        2.53057724
     9.39560519       23.97228571        0.08332229        0.58388082        2.62000000        2.52663890
     9.53490559       24.03984796        0.08535223        0.58310510        2.62000000        2.52271471
     9.67155121       24.10741022        0.08736329        0.58233871        2.62000000        2.51880447
     9.80572733       24.17497247        0.08935709        0.58158093        2.62000000        2.51490799
     9.93759957       24.24253472        0.09133506        0.58083110        2.62000000        2.51102510
    10.06731664       24.31009698        0.09329849        0.58008864        2.62000000        2.50715560
    10.19501258       24.37765923        0.09524855        0.57935303        2.62000000        2.50329931
    10.32080866       24.44522148        0.09718628        0.57862378        2.62000000        2.49945606
    10.44481499       24.51278374        0.09911265        0.57790047        2.62000000        2.49562568
    10.56713191       24.58034599        0.10102853        0.57718268        2.62000000        2.49180800
    10.68785105       24.64790824        0.10293471        0.57647006        2.62000000        2.48800284
    10.80705642       24.71547050        0.10483191        0.57576226        2.62000000        2.48421005
    10.92482513       24.78303275        0.10672082        0.57505899        2.62000000        2.48042946
    11.04122829       24.85059500        0.10860203        0.57435994        2.62000000        2.47666092
    11.15633149       24.91815726        0.11047613        0.57366487        2.62000000        2.47290426
    11.27019545       24.98571951        0.11234362        0.57297352        2.62000000        2.46915934
    11.38287647       25.05328176        0.11420500        0.57228567        2.62000000        2.46542600
    11.49442685       25.12084402        0.11606072        0.57160110        2.62000000        2.46170409
    11.60489529       25.18840627        0.11791119        0.57091961        2.62000000        2.45799348
    11.71432719       25.25596852        0.11975679        0.57024102        2.62000000        2.45429401
    11.82276497       25.32353078        0.12159791        0.56956516        2.62000000        2.45060555
    11.93024834       25.39109303        0.12343486        0.56889185        2.62000000        2.44692795
    12.03681447       25.45865528        0.12526796        0.56822096        2.62000000        2.44326109
    12.14249830       25.52621754        0.12709752        0.56755233        2.62000000        2.43960483
    12.24733263       25.59377979        0.12892381        0.56688582        2.62000000        2.43595903
    12.35134832       25.66134204        0.13074708        0.56622131        2.62000000        2.43232357
    12.45457451       25.72890430        0.13256758        0.56555869        2.62000000        2.42869831
    12.55703864       25.79646655        0.13438554        0.56489782        2.62000000        2.42508315
    12.65876665       25.86402880        0.13620117        0.56423861        2.62000000        2.42147794
    12.75978307       25.93159106        0.13801468        0.56358095        2.62000000        2.41788258
    12.86011114       25.99915331        0.13982626        0.56292474        2.62000000        2.41429693
    12.95977286       26.06671556        0.14163608        0.56226989        2.62000000        2.41072090
    13.05878914       26.13427782        0.14344433        0.56161631        2.62000000        2.40715435
    13.15717979       26.20184007        0.14525115        0.56096392        2.62000000        2.40359718
    13.25496368       26.26940232        0.14705671        0.56031263        2.62000000        2.40004927
    13.35215874       26.33696457        0.14886114        0.55966237        2.62000000        2.39651052
    13.44878208       26.40452683        0.15066459        0.55901307        2.62000000        2.39298082
    13.54484995       26.47208908        0.15246717        0.55836466        2.62000000        2.38946007
    13.64037791       26.53965133        0.15426902        0.55771706        2.62000000        2.38594815
    13.73538078       26.60721359        0.15607025        0.55707021        2.62000000        2.38244496
    13.82987271       26.67477584        0.15787098        0.55642405        2.62000000        2.37895042
    13.92386728       26.74233809        0.15967129        0.55577853        2.62000000        2.37546440
    14.01737741       26.80990035        0.16147131        0.55513359        2.62000000        2.37198683
    14.11041552       26.87746260        0.16327111        0.55448916        2.62000000        2.36851760
    14.20299350       26.94502485        0.16507080        0.55384520        2.62000000        2.36505662
    14.29512276       27.01258711        0.16687045        0.55320166        2.62000000        2.36160379
    14.38681420       27.08014936        0.16867015        0.55255849        2.62000000        2.35815902
    14.47807833       27.14771161        0.17046998        0.55191564        2.62000000        2.35472223
    14.56892523       27.21527387        0.17227001        0.55127307        2.62000000        2.35129333
    14.65936458       27.28283612        0.17407030        0.55063073        2.62000000        2.34787222
    14.74940569       27.35039837        0.17587094        0.54998858        2.62000000        2.34445882
    14.83905753       27.41796063        0.17767198        0.54934659        2.62000000        2.34105305
    14.92832872       27.48552288        0.17947348        0.54870470        2.62000000        2.33765483
    15.01722756       27.55308513        0.18127550        0.54806289        2.62000000        2.33426407
    15.10576206       27.62064739        0.18307811        0.54742111        2.62000000        2.33088069
    15.19393994       27.68820964        0.18488134        0.54677933        2.62000000        2.32750461
    15.28176863       27.75577189        0.18668526        0.54613752        2.62000000        2.32413576
    15.36925533       27.82333415        0.18848990        0.54549564        2.62000000        2.32077405
    15.45640696       27.89089640        0.19029533        0.54485366        2.62000000        2.31741942
    15.54323021       27.95845865        0.19210157        0.54421155        2.62000000        2.31407179
    15.62973156       28.02602091        0.19390868        0.54356928        2.62000000        2.31073109
    15.71591726       28.09358316        0.19571669        0.54292681        2.62000000        2.30739723
    15.80179336       28.16114541        0.19752564        0.54228413        2.62000000        2.30407016
    15.88736571       28.22870767        0.19933558        0.54164119        2.62000000        2.30074980
    15.97263997       28.29626992        0.20114653        0.54099798        2.62000000        2.29743609
    16.05762162       28.36383217        0.20295852        0.54035447        2.62000000        2.29412895
    16.14231597       28.43139443        0.20477160        0.53971062        2.62000000        2.29082832
    16.22672818       28.49895668        0.20658579        0.53906643        2.62000000        2.28753413
    16.31086322       28.56651893        0.20840112        0.53842185        2.62000000        2.28424632
    16.39472593       28.63408119        0.21021761        0.53777687        2.62000000        2.28096483
    16.47832099       28.70164344        0.21203530        0.53713147        2.62000000        2.27768959
    16.56165295       28.76920569        0.21385422        0.53648562        2.62000000        2.27442054
    16.64472623       28.83676794        0.21567437        0.53583929        2.62000000        2.27115762
    16.72754512       28.90433020        0.21749580        0.53519248        2.62000000        2.26790078
    16.81011378       28.97189245        0.21931851        0.53454515        2.62000000        2.26464994
    16.89243624       29.03945470        0.22114254        0.53389729        2.62000000        2.26140506
    16.97451644       29.10701696        0.22296790        0.53324887        2.62000000        2.25816607
    17.05635820       29.17457921        0.22479461        0.53259987        2.62000000        2.25493293
    17.13796522       29.24214146        0.22662268        0.53195029        2.62000000        2.25170557
    17.21934112       29.30970372        0.22845215        0.53130009        2.62000000        2.24848394
    17.30048941       29.37726597        0.23028301        0.53064926        2.62000000        2.24526798
    17.38141351       29.44482822        0.23211530        0.52999778        2.62000000        2.24205765
    17.46211674       29.51239048        0.23394902        0.52934563        2.62000000        2.23885289
    17.54260235       29.57995273        0.23578419        0.52869280        2.62000000        2.23565366
    17.62287347       29.64751498        0.23762082        0.52803926        2.62000000        2.23245989
    17.70293319       29.71507724        0.23945892        0.52738501        2.62000000        2.22927154
    17.78278450       29.78263949        0.24129851        0.52673002        2.62000000        2.22608856
    17.86243032       29.85020174        0.24313960        0.52607428        2.62000000        2.22291091
    17.94187347       29.91776400        0.24498219        0.52541778        2.62000000        2.21973852
    18.02111674       29.98532625        0.24682631        0.52476049        2.62000000        2.21657137
    18.10016283       30.05288850        0.24867195        0.52410240        2.62000000        2.21340940
    18.17901437       30.12045076        0.25051914        0.52344350        2.62000000        2.21025256
    18.25767393       30.18801301        0.25236787        0.52278377        2.62000000        2.20710082
    18.33614402       30.25557526        0.25421815        0.52212320        2.62000000        2.20395412
    18.41442709       30.32313752        0.25606999        0.52146178        2.62000000        2.20081243
    18.49252553       30.39069977        0.25792341        0.52079948        2.62000000        2.19767570
    18.57044166       30.45826202        0.25977840        0.52013630        2.62000000        2.19454388
    18.64817778       30.52582428        0.26163497        0.51947222        2.62000000        2.19141695
    18.72573609       30.59338653        0.26349313        0.51880723        2.62000000        2.18829484
    18.80311878       30.66094878        0.26535288        0.51814131        2.62000000        2.18517754
    18.88032798       30.72851104        0.26721423        0.51747446        2.62000000        2.18206499
    18.95736574       30.79607329        0.26907718        0.51680666        2.62000000        2.17895715
    19.03423412       30.86363554        0.27094173        0.51613789        2.62000000        2.17585399
    19.11093507       30.93119780        0.27280790        0.51546815        2.62000000        2.17275548
    19.18747055       30.99876005        0.27467568        0.51479742        2.62000000        2.16966156
    19.26384245       31.06632230        0.27654508        0.51412569        2.62000000        2.16657221
    19.34005262       31.13388456        0.27841609        0.51345295        2.62000000        2.16348739
    19.41610288       31.20144681        0.28028872        0.51277919        2.62000000        2.16040706
    19.49199499       31.26900906        0.28216298        0.51210439        2.62000000        2.15733119
    19.56773071       31.33657131        0.28403886        0.51142854        2.62000000        2.15425974
    19.64331172       31.40413357        0.28591637        0.51075164        2.62000000        2.15119268
    19.71873969       31.47169582        0.28779550        0.51007367        2.62000000        2.14812997
    19.79401625       31.53925807        0.28967627        0.50939461        2.62000000        2.14507158
    19.86914299       31.60682033        0.29155866        0.50871447        2.62000000        2.14201749
    19.94412147       31.67438258        0.29344267        0.50803322        2.62000000        2.13896764
    20.01895321       31.74194483        0.29532832        0.50735086        2.62000000        2.13592202
    20.09363972       31.80950709        0.29721559        0.50666738        2.62000000        2.13288059
    20.16818247       31.87706934        0.29910449        0.50598277        2.62000000        2.12984333
    20.24258287       31.94463159        0.30099502        0.50529701        2.62000000        2.12681019
    20.31684236       32.01219385        0.30288717        0.50461009        2.62000000        2.12378115
    20.39096230       32.07975610        0.30478095        0.50392202        2.62000000        2.12075618
    20.46494404       32.14731835        0.30667635        0.50323277        2.62000000        2.11773526
    20.53878891       32.21488061        0.30857337        0.50254233        2.62000000        2.11471835
    20.61249821       32.28244286        0.31047201        0.50185070        2.62000000        2.11170542
    20.68607321       32.35000511        0.31237226        0.50115786        2.62000000        2.10869644
    20.75951516       32.41756737        0.31427414        0.50046382        2.62000000        2.10569139
    20.83282528       32.48512962        0.31617762        0.49976855        2.62000000        2.10269025
    20.90600478       32.55269187        0.31808271        0.49907204        2.62000000        2.09969298
    20.97905482       32.62025413        0.31998941        0.49837430        2.62000000        2.09669955
    21.05197657       32.68781638        0.32189771        0.49767530        2.62000000        2.09370995
    21.12477117       32.75537863        0.32380762        0.49697504        2.62000000        2.09072414
    21.19743970       32.82294089        0.32571912        0.49627351        2.62000000        2.08774210
    21.26998328       32.89050314        0.32763221        0.49557071        2.62000000        2.08476380
    21.34240297       32.95806539        0.32954690        0.49486661        2.62000000        2.08178923
    21.41469981       33.02562765        0.33146317        0.49416122        2.62000000        2.07881835
    21.48687484       33.09318990        0.33338102        0.49345453        2.62000000        2.07585114
    21.55892908       33.16075215        0.33530045        0.49274651        2.62000000        2.07288758
    21.63086351       33.22831441        0.33722145        0.49203718        2.62000000        2.06992765
    21.70267910       33.29587666        0.33914402        0.49132651        2.62000000        2.06697132
    21.77437682       33.36343891        0.34106816        0.49061450        2.62000000        2.06401857
    21.84595760       33.43100117        0.34299385        0.48990115        2.62000000        2.06106937
    21.91742237       33.49856342        0.34492110        0.48918643        2.62000000        2.05812371
    21.98877204       33.56612567        0.34684990        0.48847035        2.62000000        2.05518156
    22.06000748       33.63368793        0.34878024        0.48775289        2.62000000        2.05224290
    22.13112958       33.70125018        0.35071213        0.48703405        2.62000000        2.04930771
    22.20213919       33.76881243        0.35264555        0.48631382        2.62000000        2.04637598
    22.27303716       33.83637468        0.35458049        0.48559218        2.62000000        2.04344767
    22.34382430       33.90393694        0.35651696        0.48486914        2.62000000        2.04052277
    22.41450145       33.97149919        0.35845495        0.48414468        2.62000000        2.03760126
    22.48506939       34.03906144        0.36039444        0.48341880        2.62000000        2.03468311
    22.55552891       34.10662370        0.36233545        0.48269148        2.62000000        2.03176832
    22.62588079       34.17418595        0.36427795        0.48196273        2.62000000        2.02885686
    22.69612577       34.24174820        0.36622195        0.48123252        2.62000000        2.02594871
    22.76626460       34.30931046        0.36816743        0.48050085        2.62000000        2.02304385
    22.83629803       34.37687271        0.37011440        0.47976773        2.62000000        2.02014226
    22.90622676       34.44443496        0.37206283        0.47903312        2.62000000        2.01724393
    22.97605149       34.51199722        0.37401274        0.47829704        2.62000000        2.01434884
    23.04577294       34.57955947        0.37596411        0.47755947        2.62000000        2.01145697
    23.11539177       34.64712172        0.37791693        0.47682040        2.62000000        2.00856831
    23.18490867       34.71468398        0.37987120        0.47607982        2.62000000        2.00568283
    23.25432428       34.78224623        0.38182692        0.47533773        2.62000000        2.00280052
    23.32363926       34.84980848        0.38378406        0.47459412        2.62000000        1.99992136
    23.39285425       34.91737074        0.38574264        0.47384899        2.62000000        1.99704534
    23.46196986       34.98493299        0.38770263        0.47310231        2.62000000        1.99417243
    23.53098673       35.05249524        0.38966404        0.47235410        2.62000000        1.99130264
    23.59990545       35.12005750        0.39162685        0.47160433        2.62000000        1.98843592
    23.66872662       35.18761975        0.39359106        0.47085300        2.62000000        1.98557229
    23.73745083       35.25518200        0.39555666        0.47010010        2.62000000        1.98271170
    23.80607864       35.32274426        0.39752364        0.46934563        2.62000000        1.97985416
    23.87461063       35.39030651        0.39949200        0.46858958        2.62000000        1.97699965
    23.94304736       35.45786876        0.40146173        0.46783194        2.62000000        1.97414815
    24.01138936       35.52543102        0.40343282        0.46707270        2.62000000        1.97129965
    24.07963718       35.59299327        0.40540526        0.46631185        2.62000000        1.96845413
    24.14779135       35.66055552        0.40737905        0.46554940        2.62000000        1.96561157
    24.21585239       35.72811778        0.40935417        0.46478532        2.62000000        1.96277198
    24.28382080       35.79568003        0.41133063        0.46401961        2.62000000        1.95993532
    24.35169710       35.86324228        0.41330840        0.46325227        2.62000000        1.95710159
    24.41948178       35.93080454        0.41528749        0.46248328        2.62000000        1.95427078
    24.48717531       35.99836679        0.41726788        0.46171265        2.62000000        1.95144287
    24.55477819       36.06592904        0.41924957        0.46094036        2.62000000        1.94861784
    24.62229089       36.13349130        0.42123255        0.46016640        2.62000000        1.94579569
    24.68971386       36.20105355        0.42321681        0.45939076        2.62000000        1.94297640
    24.75704756       36.26861580        0.42520234        0.45861345        2.62000000        1.94015996
    24.82429243       36.33617805        0.42718913        0.45783445        2.62000000        1.93734636
    24.89144893       36.40374031        0.42917718        0.45705375        2.62000000        1.93453559
    24.95851748       36.47130256        0.43116648        0.45627135        2.62000000        1.93172762
    25.02549850       36.53886481        0.43315701        0.45548724        2.62000000        1.92892246
    25.09239241       36.60642707        0.43514878        0.45470141        2.62000000        1.92612009
    25.15919964       36.67398932        0.43714176        0.45391386        2.62000000        1.92332049
    25.22592057       36.74155157        0.43913596        0.45312457        2.62000000        1.92052366
    25.29255561       36.80911383        0.44113136        0.45233355        2.62000000        1.91772959
    25.35910516       36.87667608        0.44312795        0.45154077        2.62000000        1.91493826
    25.42556958       36.94423833        0.44512573        0.45074624        2.62000000        1.91214966
    25.49194927       37.01180059        0.44712469        0.44994995        2.62000000        1.90936379
    25.55824460       37.07936284        0.44912482        0.44915188        2.62000000        1.90658063
    25.62445592       37.14692509        0.45112610        0.44835204        2.62000000        1.90380016
    25.69058361       37.21448735        0.45312854        0.44755041        2.62000000        1.90102239
    25.75662801       37.28204960        0.45513211        0.44674699        2.62000000        1.89824730
    25.82258947       37.34961185        0.45713682        0.44594177        2.62000000        1.89547488
    25.88846833       37.41717411        0.45914265        0.44513475        2.62000000        1.89270512
    25.95426493       37.48473636        0.46114959        0.44432590        2.62000000        1.88993801
    26.01997960       37.55229861        0.46315764        0.44351524        2.62000000        1.88717354
    26.08561267       37.61986087        0.46516679        0.44270274        2.62000000        1.88441169
    26.15116444       37.68742312        0.46717702        0.44188841        2.62000000        1.88165248
    26.21663524       37.75498537        0.46918832        0.44107223        2.62000000        1.87889587
    26.28202538       37.82254763        0.47120070        0.44025420        2.62000000        1.87614186
    26.34733515       37.89010988        0.47321413        0.43943430        2.62000000        1.87339045
    26.41256485       37.95767213        0.47522861        0.43861255        2.62000000        1.87064163
    26.47771478       38.02523439        0.47724413        0.43778891        2.62000000        1.86789538
    26.54278522       38.09279664        0.47926067        0.43696339        2.62000000        1.86515169
    26.60777646       38.16035889        0.48127824        0.43613598        2.62000000        1.86241057
    26.67268877       38.22792115        0.48329682        0.43530668        2.62000000        1.85967199
    26.73752243       38.29548340        0.48531640        0.43447546        2.62000000        1.85693596
    26.80227770       38.36304565        0.48733697        0.43364234        2.62000000        1.85420246
    26.86695484       38.43060791        0.48935852        0.43280729        2.62000000        1.85147148
    26.93155412       38.49817016        0.49138105        0.43197032        2.62000000        1.84874302
    26.99607578       38.56573241        0.49340453        0.43113141        2.62000000        1.84601707
    27.06052007       38.63329467        0.49542897        0.43029055        2.62000000        1.84329361
    27.12488725       38.70085692        0.49745435        0.42944775        2.62000000        1.84057266
    27.18917754       38.76841917        0.49948067        0.42860298        2.62000000        1.83785418
    27.25339119       38.83598142        0.50150791        0.42775625        2.62000000        1.83513819
    27.31752842       38.90354368        0.50353606        0.42690754        2.62000000        1.83242466
    27.38158947       38.97110593        0.50556511        0.42605686        2.62000000        1.82971360
    27.44557454       39.03866818        0.50759506        0.42520418        2.62000000        1.82700499
    27.50948387       39.10623044        0.50962589        0.42434950        2.62000000        1.82429883
    27.57331767       39.17379269        0.51165760        0.42349282        2.62000000        1.82159511
    27.63707614       39.24135494        0.51369016        0.42263413        2.62000000        1.81889382
    27.70075949       39.30891720        0.51572359        0.42177341        2.62000000        1.81619496
    27.76436792       39.37647945        0.51775785        0.42091067        2.62000000        1.81349852
    27.82790163       39.44404170        0.51979295        0.42004589        2.62000000        1.81080450
    27.89136082       39.51160396        0.52182887        0.41917906        2.62000000        1.80811288
    27.95474567       39.57916621        0.52386561        0.41831019        2.62000000        1.80542366
    28.01805637       39.64672846        0.52590315        0.41743925        2.62000000        1.80273683
    28.08129310       39.71429072        0.52794148        0.41656624        2.62000000        1.80005239
    28.14445605       39.78185297        0.52998060        0.41569116        2.62000000        1.79737033
    28.20754538       39.84941522        0.53202048        0.41481400        2.62000000        1.79469065
    28.27056127       39.91697748        0.53406114        0.41393474        2.62000000        1.79201333
    28.33350387       39.98453973        0.53610254        0.41305338        2.62000000        1.78933838
    28.39637337       40.05210198        0.53814468        0.41216992        2.62000000        1.78666578
    28.45916992       40.11966424        0.54018756        0.41128433        2.62000000        1.78399553
    28.52189367       40.18722649        0.54223116        0.41039663        2.62000000        1.78132763
    28.58454478       40.25478874        0.54427547        0.40950679        2.62000000        1.77866206
    28.64712340       40.32235100        0.54632048        0.40861481        2.62000000        1.77599883
    28.70962967       40.38991325        0.54836618        0.40772069        2.62000000        1.77333792
    28.77206374       40.45747550        0.55041256        0.40682441        2.62000000        1.77067933
    28.83442574       40.52503776        0.55245961        0.40592596        2.62000000        1.76802306
    28.89671582       40.59260001        0.55450732        0.40502534        2.62000000        1.76536910
    28.95893410       40.66016226        0.55655568        0.40412254        2.62000000        1.76271744
    29.02108072       40.72772452        0.55860468        0.40321755        2.62000000        1.76006809
    29.08315580       40.79528677        0.56065431        0.40231036        2.62000000        1.75742103
    29.14515947       40.86284902        0.56270455        0.40140097        2.62000000        1.75477625
    29.20709184       40.93041128        0.56475540        0.40048936        2.62000000        1.75213376
    29.26895303       40.99797353        0.56680685        0.39957553        2.62000000        1.74949355
    29.33074317       41.06553578        0.56885889        0.39865947        2.62000000        1.74685561
    29.39246235       41.13309804        0.57091149        0.39774117        2.62000000        1.74421994
    29.45411068       41.20066029        0.57296467        0.39682062        2.62000000        1.74158654
    29.51568827       41.26822254        0.57501840        0.39589782        2.62000000        1.73895539
    29.57719523       41.33578480        0.57707267        0.39497275        2.62000000        1.73632650
    29.63863164       41.40334705        0.57912748        0.39404541        2.62000000        1.73369986
    29.69999761       41.47090930        0.58118281        0.39311578        2.62000000        1.73107546
    29.76129322       41.53847155        0.58323865        0.39218387        2.62000000        1.72845330
    29.82251858       41.60603381        0.58529499        0.39124965        2.62000000        1.72583338
    29.88367376       41.67359606        0.58735182        0.39031313        2.62000000        1.72321569
    29.94475885       41.74115831        0.58940913        0.38937430        2.62000000        1.72060023
    30.00577393       41.80872057        0.59146692        0.38843314        2.62000000        1.71798699
    30.06671908       41.87628282        0.59352516        0.38748964        2.62000000        1.71537596
    30.12759437       41.94384507        0.59558385        0.38654380        2.62000000        1.71276715
    30.18839988       42.01140733        0.59764297        0.38559561        2.62000000        1.71016056
    30.24913568       42.07896958        0.59970253        0.38464506        2.62000000        1.70755616
    30.30980183       42.14653183        0.60176249        0.38369215        2.62000000        1.70495397
    30.37039840       42.21409409        0.60382287        0.38273685        2.62000000        1.70235397
    30.43092546       42.28165634        0.60588364        0.38177917        2.62000000        1.69975617
    30.49138305       42.34921859        0.60794479        0.38081909        2.62000000        1.69716056
    30.55177124       42.41678085        0.61000631        0.37985661        2.62000000        1.69456713
    30.61209008       42.48434310        0.61206820        0.37889171        2.62000000        1.69197588
    30.67233962       42.55190535        0.61413043        0.37792440        2.62000000        1.68938681
    30.73251991       42.61946761        0.61619301        0.37695465        2.62000000        1.68679992
    30.79263101       42.68702986        0.61825592        0.37598245        2.62000000        1.68421519
    30.85267294       42.75459211        0.62031914        0.37500781        2.62000000        1.68163264
    30.91264575       42.82215437        0.62238267        0.37403071        2.62000000        1.67905224
    30.97254948       42.88971662        0.62444650        0.37305114        2.62000000        1.67647400
    31.03238417       42.95727887        0.62651062        0.37206910        2.62000000        1.67389792
    31.09214984       43.02484113        0.62857501        0.37108456        2.62000000        1.67132399
    31.15184654       43.09240338        0.63063966        0.37009753        2.62000000        1.66875221
    31.21147428       43.15996563        0.63270457        0.36910800        2.62000000        1.66618258
    31.27103310       43.22752789        0.63476972        0.36811595        2.62000000        1.66361509
    31.33052302       43.29509014        0.63683510        0.36712137        2.62000000        1.66104973
    31.38994405       43.36265239        0.63890070        0.36612426        2.62000000        1.65848651
    31.44929621       43.43021465        0.64096651        0.36512461        2.62000000        1.65592543
    31.50857954       43.49777690        0.64303252        0.36412240        2.62000000        1.65336647
    31.56779403       43.56533915        0.64509872        0.36311763        2.62000000        1.65080964
    31.62693969       43.63290141        0.64716509        0.36211029        2.62000000        1.64825493
    31.68601654       43.70046366        0.64923163        0.36110037        2.62000000        1.64570234
    31.74502458       43.76802591        0.65129833        0.36008785        2.62000000        1.64315186
    31.80396383       43.83558817        0.65336517        0.35907273        2.62000000        1.64060350
    31.86283427       43.90315042        0.65543214        0.35805501        2.62000000        1.63805725
    31.92163590       43.97071267        0.65749923        0.35703465        2.62000000        1.63551310
    31.98036874       44.03827492        0.65956643        0.35601167        2.62000000        1.63297107
    32.03903276       44.10583718        0.66163373        0.35498605        2.62000000        1.63043113
    32.09762797       44.17339943        0.66370112        0.35395778        2.62000000        1.62789329
    32.15615435       44.24096168        0.66576859        0.35292684        2.62000000        1.62535754
    32.21461188       44.30852394        0.66783612        0.35189323        2.62000000        1.62282389
    32.27300057       44.37608619        0.66990371        0.35085695        2.62000000        1.62029233
    32.33132038       44.44364844        0.67197135        0.34981797        2.62000000        1.61776286
    32.38957131       44.51121070        0.67403901        0.34877628        2.62000000        1.61523547
    32.44775332       44.57877295        0.67610670        0.34773189        2.62000000        1.61271016
    32.50586640       44.64633520        0.67817440        0.34668477        2.62000000        1.61018694
    32.56391051       44.71389746        0.68024210        0.34563493        2.62000000        1.60766579
    32.62188564       44.78145971        0.68230979        0.34458233        2.62000000        1.60514671
    32.67979175       44.84902196        0.68437746        0.34352699        2.62000000        1.60262971
    32.73762881       44.91658422        0.68644509        0.34246888        2.62000000        1.60011478
    32.79539678       44.98414647        0.68851268        0.34140800        2.62000000        1.59760191
    32.85309563       45.05170872        0.69058021        0.34034433        2.62000000        1.59509111
    32.91072532       45.11927098        0.69264768        0.33927786        2.62000000        1.59258237
    32.96828580       45.18683323        0.69471507        0.33820859        2.62000000        1.59007569
    33.02577704       45.25439548        0.69678237        0.33713651        2.62000000        1.58757106
    33.08319898       45.32195774        0.69884957        0.33606159        2.62000000        1.58506849
    33.14055158       45.38951999        0.70091665        0.33498384        2.62000000        1.58256798
    33.19783480       45.45708224        0.70298362        0.33390324        2.62000000        1.58006951
    33.25504856       45.52464450        0.70505045        0.33281977        2.62000000        1.57757310
    33.31219283       45.59220675        0.70711714        0.33173344        2.62000000        1.57507873
    33.36926755       45.65976900        0.70918367        0.33064422        2.62000000        1.57258640
    33.42627265       45.72733126        0.71125004        0.32955211        2.62000000        1.57009612
    33.48320809       45.79489351        0.71331622        0.32845709        2.62000000        1.56760787
    33.54007378       45.86245576        0.71538222        0.32735916        2.62000000        1.56512166
    33.59686967       45.93001802        0.71744802        0.32625831        2.62000000        1.56263749
    33.65359569       45.99758027        0.71951360        0.32515451        2.62000000        1.56015535
    33.71025177       46.06514252        0.72157896        0.32404776        2.62000000        1.55767525
    33.76683784       46.13270478        0.72364409        0.32293806        2.62000000        1.55519717
    33.82335383       46.20026703        0.72570897        0.32182538        2.62000000        1.55272112
    33.87979965       46.26782928        0.72777360        0.32070972        2.62000000        1.55024710
    33.93617524       46.33539154        0.72983796        0.31959106        2.62000000        1.54777510
    33.99248050       46.40295379        0.73190204        0.31846940        2.62000000        1.54530512
    34.04871536       46.47051604        0.73396583        0.31734471        2.62000000        1.54283716
    34.10487974       46.53807829        0.73602932        0.31621700        2.62000000        1.54037122
    34.16097355       46.60564055        0.73809249        0.31508624        2.62000000        1.53790729
    34.21699669       46.67320280        0.74015534        0.31395244        2.62000000        1.53544538
    34.27294908       46.74076505        0.74221786        0.31281556        2.62000000        1.53298549
    34.32883062       46.80832731        0.74428003        0.31167561        2.62000000        1.53052760
    34.38464122       46.87588956        0.74634184        0.31053257        2.62000000        1.52807172
    34.44038078       46.94345181        0.74840329        0.30938642        2.62000000        1.52561785
    34.49604921       47.01101407        0.75046435        0.30823717        2.62000000        1.52316599
    34.55164639       47.07857632        0.75252503        0.30708478        2.62000000        1.52071613
    34.60717223       47.14613857        0.75458530        0.30592926        2.62000000        1.51826827
    34.66262663       47.21370083        0.75664516        0.30477059        2.62000000        1.51582242
    34.71800946       47.28126308        0.75870459        0.30360876        2.62000000        1.51337856
    34.77332063       47.34882533        0.76076359        0.30244375        2.62000000        1.51093671
    34.82856002       47.41638759        0.76282214        0.30127555        2.62000000        1.50849684
    34.88372752       47.48394984        0.76488023        0.30010416        2.62000000        1.50605898
    34.93882300       47.55151209        0.76693785        0.29892955        2.62000000        1.50362310
    34.99384636       47.61907435        0.76899499        0.29775171        2.62000000        1.50118922
    35.04879746       47.68663660        0.77105164        0.29657064        2.62000000        1.49875733
    35.10367619       47.75419885        0.77310778        0.29538632        2.62000000        1.49632743
    35.15848243       47.82176111        0.77516342        0.29419873        2.62000000        1.49389951
    35.21321604       47.88932336        0.77721852        0.29300787        2.62000000        1.49147358
    35.26787689       47.95688561        0.77927309        0.29181372        2.62000000        1.48904964
    35.32246486       48.02444787        0.78132711        0.29061626        2.62000000        1.48662768
    35.37697981       48.09201012        0.78338057        0.28941549        2.62000000        1.48420770
    35.43142161       48.15957237        0.78543345        0.28821140        2.62000000        1.48178970
    35.48579011       48.22713463        0.78748576        0.28700396        2.62000000        1.47937369
    35.54008518       48.29469688        0.78953747        0.28579316        2.62000000        1.47695965
    35.59430668       48.36225913        0.79158858        0.28457900        2.62000000        1.47454758
    35.64845445       48.42982139        0.79363908        0.28336145        2.62000000        1.47213750
    35.70252836       48.49738364        0.79568894        0.28214051        2.62000000        1.46972938
    35.75652825       48.56494589        0.79773817        0.28091616        2.62000000        1.46732324
    35.81045398       48.63250815        0.79978675        0.27968839        2.62000000        1.46491908
    35.86430539       48.70007040        0.80183466        0.27845718        2.62000000        1.46251688
    35.91808232       48.76763265        0.80388191        0.27722252        2.62000000        1.46011666
    35.97178462       48.83519491        0.80592847        0.27598440        2.62000000        1.45771840
    36.02541213       48.90275716        0.80797433        0.27474280        2.62000000        1.45532211
    36.07896469       48.97031941        0.81001950        0.27349771        2.62000000        1.45292779
    36.13244213       49.03788166        0.81206394        0.27224912        2.62000000        1.45053543
    36.18584429       49.10544392        0.81410765        0.27099700        2.62000000        1.44814504
    36.23917099       49.17300617        0.81615063        0.26974135        2.62000000        1.44575661
    36.29242207       49.24056842        0.81819285        0.26848216        2.62000000        1.44337014
    36.34559736       49.30813068        0.82023432        0.26721940        2.62000000        1.44098564
    36.39869667       49.37569293        0.82227501        0.26595306        2.62000000        1.43860309
    36.45171984       49.44325518        0.82431491        0.26468313        2.62000000        1.43622251
    36.50466668       49.51081744        0.82635402        0.26340960        2.62000000        1.43384388
    36.55753701       49.57837969        0.82839232        0.26213245        2.62000000        1.43146722
    36.61033065       49.64594194        0.83042981        0.26085166        2.62000000        1.42909251
    36.66304740       49.71350420        0.83246646        0.25956722        2.62000000        1.42671975
    36.71568709       49.78106645        0.83450227        0.25827912        2.62000000        1.42434895
    36.76824952       49.84862870        0.83653724        0.25698734        2.62000000        1.42198011
    36.82073450       49.91619096        0.83857133        0.25569186        2.62000000        1.41961321
    36.87314182       49.98375321        0.84060456        0.25439267        2.62000000        1.41724828
    36.92547130       50.05131546        0.84263690        0.25308976        2.62000000        1.41488529
    36.97772274       50.11887772        0.84466834        0.25178311        2.62000000        1.41252425
    37.02989593       50.18643997        0.84669887        0.25047271        2.62000000        1.41016517
    37.08199066       50.25400222        0.84872848        0.24915853        2.62000000        1.40780803
    37.13400674       50.32156448        0.85075717        0.24784057        2.62000000        1.40545284
    37.18594395       50.38912673        0.85278491        0.24651881        2.62000000        1.40309961
    37.23780207       50.45668898        0.85481170        0.24519323        2.62000000        1.40074832
    37.28958090       50.52425124        0.85683752        0.24386382        2.62000000        1.39839897
    37.34128022       50.59181349        0.85886237        0.24253055        2.62000000        1.39605157
    37.39289981       50.65937574        0.86088623        0.24119343        2.62000000        1.39370612
    37.44443945       50.72693800        0.86290910        0.23985242        2.62000000        1.39136262
    37.49589891       50.79450025        0.86493096        0.23850752        2.62000000        1.38902105
    37.54727798       50.86206250        0.86695179        0.23715870        2.62000000        1.38668144
    37.59857641       50.92962476        0.86897159        0.23580596        2.62000000        1.38434376
    37.64979399       50.99718701        0.87099036        0.23444927        2.62000000        1.38200803
    37.70093047       51.06474926        0.87300806        0.23308862        2.62000000        1.37967424
    37.75198562       51.13231152        0.87502471        0.23172400        2.62000000        1.37734239
    37.80295921       51.19987377        0.87704027        0.23035538        2.62000000        1.37501249
    37.85385099       51.26743602        0.87905475        0.22898274        2.62000000        1.37268452
    37.90466072       51.33499828        0.88106813        0.22760608        2.62000000        1.37035850
    37.95538816       51.40256053        0.88308040        0.22622538        2.62000000        1.36803441
    38.00603305       51.47012278        0.88509156        0.22484061        2.62000000        1.36571227
    38.05659515       51.53768503        0.88710157        0.22345177        2.62000000        1.36339206
    38.10707421       51.60524729        0.88911045        0.22205883        2.62000000        1.36107379
    38.15746996       51.67280954        0.89111817        0.22066178        2.62000000        1.35875746
    38.20778215       51.74037179        0.89312472        0.21926060        2.62000000        1.35644307
    38.25801052       51.80793405        0.89513010        0.21785527        2.62000000        1.35413062
    38.30815482       51.87549630        0.89713429        0.21644578        2.62000000        1.35182010
    38.35821475       51.94305855        0.89913729        0.21503211        2.62000000        1.34951152
    38.40819008       52.01062081        0.90113907        0.21361424        2.62000000        1.34720488
    38.45808051       52.07818306        0.90313963        0.21219215        2.62000000        1.34490018
    38.50788579       52.14574531        0.90513896        0.21076582        2.62000000        1.34259741
    38.55760563       52.21330757        0.90713704        0.20933525        2.62000000        1.34029658
    38.60723975       52.28086982        0.90913387        0.20790040        2.62000000        1.33799768
    38.65678787       52.34843207        0.91112943        0.20646126        2.62000000        1.33570072
    38.70624971       52.41599433        0.91312372        0.20501782        2.62000000        1.33340569
    38.75562499       52.48355658        0.91511672        0.20357005        2.62000000        1.33111260
    38.80491341       52.55111883        0.91710842        0.20211794        2.62000000        1.32882145
    38.85411468       52.61868109        0.91909881        0.20066146        2.62000000        1.32653223
    38.90322850       52.68624334        0.92108788        0.19920061        2.62000000        1.32424494
    38.95225459       52.75380559        0.92307561        0.19773536        2.62000000        1.32195959
    39.00119263       52.82136785        0.92506201        0.19626568        2.62000000        1.31967618
    39.05004232       52.88893010        0.92704705        0.19479158        2.62000000        1.31739470
    39.09880337       52.95649235        0.92903072        0.19331301        2.62000000        1.31511515
    39.14747546       53.02405461        0.93101301        0.19182997        2.62000000        1.31283754
    39.19605828       53.09161686        0.93299392        0.19034244        2.62000000        1.31056186
    39.24455151       53.15917911        0.93497343        0.18885039        2.62000000        1.30828812
    39.29295484       53.22674137        0.93695153        0.18735382        2.62000000        1.30601632
    39.34126795       53.29430362        0.93892821        0.18585269        2.62000000        1.30374644
    39.38949052       53.36186587        0.94090345        0.18434698        2.62000000        1.30147851
    39.43762222       53.42942813        0.94287726        0.18283669        2.62000000        1.29921251
    39.48566272       53.49699038        0.94484961        0.18132179        2.62000000        1.29694844
    39.53361169       53.56455263        0.94682049        0.17980225        2.62000000        1.29468631
    39.58146880       53.63211489        0.94878990        0.17827807        2.62000000        1.29242611
    39.62923371       53.69967714        0.95075782        0.17674921        2.62000000        1.29016785
    39.67690607       53.76723939        0.95272424        0.17521566        2.62000000        1.28791153
    39.72448555       53.83480165        0.95468915        0.17367740        2.62000000        1.28565714
    39.77197180       53.90236390        0.95665254        0.17213441        2.62000000        1.28340468
    39.81936447       53.96992615        0.95861440        0.17058667        2.62000000        1.28115417
    39.86666321       54.03748840        0.96057472        0.16903416        2.62000000        1.27890559
    39.91386766       54.10505066        0.96253349        0.16747685        2.62000000        1.27665895
    39.96097746       54.17261291        0.96449069        0.16591472        2.62000000        1.27441424
    40.00799225       54.24017516        0.96644632        0.16434776        2.62000000        1.27217147
    40.05491168       54.30773742        0.96840036        0.16277595        2.62000000        1.26993064
    40.10173536       54.37529967        0.97035280        0.16119925        2.62000000        1.26769175
    40.14846293       54.44286192        0.97230363        0.15961766        2.62000000        1.26545480
    40.19509402       54.51042418        0.97425285        0.15803115        2.62000000        1.26321978
    40.24162824       54.57798643        0.97620043        0.15643969        2.62000000        1.26098671
    40.28806522       54.64554868        0.97814638        0.15484327        2.62000000        1.25875557
    40.33440457       54.71311094        0.98009067        0.15324187        2.62000000        1.25652637
    40.38064590       54.78067319        0.98203330        0.15163546        2.62000000        1.25429912
    40.42678884       54.84823544        0.98397425        0.15002402        2.62000000        1.25207381
    40.47283297       54.91579770        0.98591353        0.14840752        2.62000000        1.24985043
    40.51877791       54.98335995        0.98785110        0.14678596        2.62000000        1.24762900
    40.56462325       55.05092220        0.98978697        0.14515930        2.62000000        1.24540952
    40.61036859       55.11848446        0.99172112        0.14352752        2.62000000        1.24319197
    40.65601353       55.18604671        0.99365354        0.14189060        2.62000000        1.24097637
    40.70155765       55.25360896        0.99558423        0.14024851        2.62000000        1.23876272
    40.74700054       55.32117122        0.99751316        0.13860124        2.62000000        1.23655101
    40.79234178       55.38873347        0.99944033        0.13694876        2.62000000        1.23434124
    40.83758095       55.45629572        1.00136573        0.13529105        2.62000000        1.23213342
    40.88271762       55.52385798        1.00328935        0.13362808        2.62000000        1.22992755
    40.92775138       55.59142023        1.00521117        0.13195983        2.62000000        1.22772363
    40.97268178       55.65898248        1.00713119        0.13028628        2.62000000        1.22552165
    41.01750839       55.72654474        1.00904940        0.12860740        2.62000000        1.22332162
    41.06223078       55.79410699        1.01096578        0.12692317        2.62000000        1.22112355
    41.10684850       55.86166924        1.01288032        0.12523357        2.62000000        1.21892742
    41.15136110       55.92923150        1.01479301        0.12353857        2.62000000        1.21673325
    41.19576814       55.99679375        1.01670385        0.12183815        2.62000000        1.21454102
    41.24006916       56.06435600        1.01861281        0.12013229        2.62000000        1.21235076
    41.28426370       56.13191826        1.02051990        0.11842095        2.62000000        1.21016244
    41.32835131       56.19948051        1.02242509        0.11670412        2.62000000        1.20797608
    41.37233152       56.26704276        1.02432838        0.11498177        2.62000000        1.20579168
    41.41620386       56.33460502        1.02622976        0.11325387        2.62000000        1.20360923
    41.45996786       56.40216727        1.02812922        0.11152041        2.62000000        1.20142874
    41.50362304       56.46972952        1.03002674        0.10978135        2.62000000        1.19925021
    41.54716892       56.53729178        1.03192232        0.10803668        2.62000000        1.19707364
    41.59060503       56.60485403        1.03381594        0.10628635        2.62000000        1.19489903
    41.63393086       56.67241628        1.03570760        0.10453036        2.62000000        1.19272638
    41.67714593       56.73997853        1.03759728        0.10276868        2.62000000        1.19055569
    41.72024974       56.80754079        1.03948497        0.10100127        2.62000000        1.18838697
    41.76324180       56.87510304        1.04137066        0.09922811        2.62000000        1.18622022
    41.80612160       56.94266529        1.04325435        0.09744918        2.62000000        1.18405543
    41.84888863       57.01022755        1.04513601        0.09566446        2.62000000        1.18189260
    41.89154237       57.07778980        1.04701564        0.09387391        2.62000000        1.17973175
    41.93408232       57.14535205        1.04889323        0.09207750        2.62000000        1.17757286
    41.97650795       57.21291431        1.05076877        0.09027522        2.62000000        1.17541595
    42.01881874       57.28047656        1.05264225        0.08846703        2.62000000        1.17326101
    42.06101415       57.34803881        1.05451365        0.08665292        2.62000000        1.17110804
    42.10309366       57.41560107        1.05638297        0.08483284        2.62000000        1.16895704
    42.14505672       57.48316332        1.05825020        0.08300678        2.62000000        1.16680803
    42.18690280       57.55072557        1.06011532        0.08117470        2.62000000        1.16466099
    42.22863135       57.61828783        1.06197832        0.07933659        2.62000000        1.16251593
    42.27024182       57.68585008        1.06383920        0.07749240        2.62000000        1.16037284
    42.31173364       57.75341233        1.06569794        0.07564212        2.62000000        1.15823175
    42.35310627       57.82097459        1.06755453        0.07378572        2.62000000        1.15609263
    42.39435914       57.88853684        1.06940896        0.07192317        2.62000000        1.15395550
    42.43549168       57.95609909        1.07126123        0.07005444        2.62000000        1.15182035
    42.47650331       58.02366135        1.07311131        0.06817950        2.62000000        1.14968719
    42.51739346       58.09122360        1.07495921        0.06629832        2.62000000        1.14755602
    42.55816154       58.15878585        1.07680490        0.06441088        2.62000000        1.14542685
    42.59880697       58.22634811        1.07864839        0.06251714        2.62000000        1.14329966
    42.63932916       58.29391036        1.08048965        0.06061709        2.62000000        1.14117447
    42.67972750       58.36147261        1.08232868        0.05871068        2.62000000        1.13905127
    42.72000140       58.42903487        1.08416546        0.05679789        2.62000000        1.13693007
    42.76015025       58.49659712        1.08600000        0.05487869        2.62000000        1.13481087
    42.80017344       58.56415937        1.08783226        0.05295306        2.62000000        1.13269367
    42.84007035       58.63172163        1.08966226        0.05102095        2.62000000        1.13057847
    42.87984036       58.69928388        1.09148997        0.04908235        2.62000000        1.12846528
    42.91948284       58.76684613        1.09331538        0.04713722        2.62000000        1.12635409
    42.95899716       58.83440839        1.09513849        0.04518552        2.62000000        1.12424491
    42.99838269       58.90197064        1.09695928        0.04322724        2.62000000        1.12213774
    43.03763879       58.96953289        1.09877774        0.04126234        2.62000000        1.12003258
    43.07676480       59.03709515        1.10059387        0.03929079        2.62000000        1.11792944
    43.11576008       59.10465740        1.10240765        0.03731256        2.62000000        1.11582831
    43.15462396       59.17221965        1.10421907        0.03532762        2.62000000        1.11372920
    43.19335579       59.23978190        1.10602812        0.03333594        2.62000000        1.11163210
    43.23195489       59.30734416        1.10783480        0.03133748        2.62000000        1.10953703
    43.27042060       59.37490641        1.10963908        0.02933222        2.62000000        1.10744398
    43.30875223       59.44246866        1.11144096        0.02732012        2.62000000        1.10535296
    43.34694911       59.51003092        1.11324043        0.02530115        2.62000000        1.10326397
    43.38501053       59.57759317        1.11503749        0.02327528        2.62000000        1.10117700
    43.42293581       59.64515542        1.11683211        0.02124248        2.62000000        1.09909207
    43.46072424       59.71271768        1.11862429        0.01920271        2.62000000        1.09700917
    43.49837512       59.78027993        1.12041401        0.01715595        2.62000000        1.09492831
    43.53588773       59.84784218        1.12220128        0.01510216        2.62000000        1.09284949
    43.57326137       59.91540444        1.12398607        0.01304130        2.62000000        1.09077271
    43.61049529       59.98296669        1.12576838        0.01097335        2.62000000        1.08869797
    43.64758878       60.05052894        1.12754820        0.00889828        2.62000000        1.08662528
    43.68454110       60.11809120        1.12932551        0.00681604        2.62000000        1.08455463
    43.72135150       60.18565345        1.13110031        0.00472661        2.62000000        1.08248604
    43.75801924       60.25321570        1.13287258        0.00262994        2.62000000        1.08041950
    43.79454356       60.32077796        1.13464232        0.00052602        2.62000000        1.07835502
    43.83092372       60.38834021        1.13640951       -0.00158520        2.62000000        1.07629259
    43.86715892       60.45590246        1.13817415       -0.00370375        2.62000000        1.07423222
    43.90324842       60.52346472        1.13993623       -0.00582966        2.62000000        1.07217392
    43.93919142       60.59102697        1.14169573       -0.00796297        2.62000000        1.07011769
    43.97498715       60.65858922        1.14345264       -0.01010371        2.62000000        1.06806352
    44.01063482       60.72615148        1.14520695       -0.01225192        2.62000000        1.06601142
    44.04613361       60.79371373        1.14695866       -0.01440764        2.62000000        1.06396140
    44.08148274       60.86127598        1.14870775       -0.01657089        2.62000000        1.06191345
    44.11668139       60.92883824        1.15045422       -0.01874171        2.62000000        1.05986758
    44.15172875       60.99640049        1.15219805       -0.02092015        2.62000000        1.05782380
    44.18662398       61.06396274        1.15393923       -0.02310622        2.62000000        1.05578210
    44.22136627       61.13152500        1.15567775       -0.02529998        2.62000000        1.05374249
    44.25595477       61.19908725        1.15741361       -0.02750145        2.62000000        1.05170497
    44.29038863       61.26664950        1.15914678       -0.02971067        2.62000000        1.04966954
    44.32466702       61.33421176        1.16087727       -0.03192769        2.62000000        1.04763621
    44.35878906       61.40177401        1.16260506       -0.03415252        2.62000000        1.04560499
    44.39275391       61.46933626        1.16433015       -0.03638522        2.62000000        1.04357586
    44.42656067       61.53689852        1.16605251       -0.03862582        2.62000000        1.04154884
    44.46020849       61.60446077        1.16777215       -0.04087435        2.62000000        1.03952393
    44.49369646       61.67202302        1.16948904       -0.04313085        2.62000000        1.03750113
    44.52702369       61.73958527        1.17120319       -0.04539536        2.62000000        1.03548045
    44.56018929       61.80714753        1.17291458       -0.04766792        2.62000000        1.03346189
    44.59319235       61.87470978        1.17462319       -0.04994857        2.62000000        1.03144545
    44.62603195       61.94227203        1.17632903       -0.05223733        2.62000000        1.02943113
    44.65870717       62.00983429        1.17803208       -0.05453426        2.62000000        1.02741894
    44.69121708       62.07739654        1.17973233       -0.05683939        2.62000000        1.02540889
    44.72356074       62.14495879        1.18142977       -0.05915275        2.62000000        1.02340097
    44.75573721       62.21252105        1.18312439       -0.06147440        2.62000000        1.02139519
    44.78774552       62.28008330        1.18481618       -0.06380435        2.62000000        1.01939156
    44.81958472       62.34764555        1.18650513       -0.06614266        2.62000000        1.01739007
    44.85125385       62.41520781        1.18819124       -0.06848936        2.62000000        1.01539073
    44.88275191       62.48277006        1.18987448       -0.07084450        2.62000000        1.01339354
    44.91407794       62.55033231        1.19155485       -0.07320811        2.62000000        1.01139852
    44.94523093       62.61789457        1.19323234       -0.07558022        2.62000000        1.00940565
    44.97620988       62.68545682        1.19490694       -0.07796089        2.62000000        1.00741495
    45.00701378       62.75301907        1.19657864       -0.08035016        2.62000000        1.00542642
    45.03764162       62.82058133        1.19824743       -0.08274805        2.62000000        1.00344005
    45.06809237       62.88814358        1.19991330       -0.08515461        2.62000000        1.00145587
    45.09836499       62.95570583        1.20157624       -0.08756989        2.62000000        0.99947387
    45.12845843       63.02326809        1.20323624       -0.08999392        2.62000000        0.99749405
    45.15837166       63.09083034        1.20489329       -0.09242675        2.62000000        0.99551642
    45.18810360       63.15839259        1.20654738       -0.09486841        2.62000000        0.99354098
    45.21765318       63.22595485        1.20819851       -0.09731894        2.62000000        0.99156774
    45.24701933       63.29351710        1.20984665       -0.09977840        2.62000000        0.98959669
    45.27620096       63.36107935        1.21149180       -0.10224682        2.62000000        0.98762786
    45.30519698       63.42864161        1.21313395       -0.10472423        2.62000000        0.98566123
    45.33400626       63.49620386        1.21477309       -0.10721069        2.62000000        0.98369682
    45.36262771       63.56376611        1.21640921       -0.10970624        2.62000000        0.98173462
    45.39106020       63.63132837        1.21804231       -0.11221091        2.62000000        0.97977465
    45.41930259       63.69889062        1.21967236       -0.11472476        2.62000000        0.97781690
    45.44735374       63.76645287        1.22129937       -0.11724781        2.62000000        0.97586139
    45.47521249       63.83401513        1.22292331       -0.11978013        2.62000000        0.97390811
    45.50287769       63.90157738        1.22454419       -0.12232174        2.62000000        0.97195707
    45.53034816       63.96913963        1.22616198       -0.12487269        2.62000000        0.97000827
    45.55762272       64.03670189        1.22777669       -0.12743303        2.62000000        0.96806173
    45.58470019       64.10426414        1.22938830       -0.13000280        2.62000000        0.96611744
    45.61157934       64.17182639        1.23099680       -0.13258204        2.62000000        0.96417540
    45.63825898       64.23938864        1.23260219       -0.13517080        2.62000000        0.96223563
    45.66473788       64.30695090        1.23420444       -0.13776912        2.62000000        0.96029813
    45.69101482       64.37451315        1.23580356       -0.14037705        2.62000000        0.95836291
    45.71708853       64.44207540        1.23739952       -0.14299462        2.62000000        0.95642996
    45.74295778       64.50963766        1.23899234       -0.14562188        2.62000000        0.95449930
    45.76862131       64.57719991        1.24058198       -0.14825889        2.62000000        0.95257092
    45.79407782       64.64476216        1.24216844       -0.15090568        2.62000000        0.95064484
    45.81932605       64.71232442        1.24375172       -0.15356229        2.62000000        0.94872105
    45.84436469       64.77988667        1.24533180       -0.15622878        2.62000000        0.94679958
    45.86919243       64.84744892        1.24690868       -0.15890519        2.62000000        0.94488041
    45.89380796       64.91501118        1.24848234       -0.16159156        2.62000000        0.94296355
    45.91820996       64.98257343        1.25005277       -0.16428794        2.62000000        0.94104901
    45.94239706       65.05013568        1.25161996       -0.16699438        2.62000000        0.93913680
    45.96636794       65.11769794        1.25318391       -0.16971092        2.62000000        0.93722693
    45.99012122       65.18526019        1.25474460       -0.17243760        2.62000000        0.93531938
    46.01365552       65.25282244        1.25630203       -0.17517448        2.62000000        0.93341418
    46.03696946       65.32038470        1.25785618       -0.17792160        2.62000000        0.93151133
    46.06006165       65.38794695        1.25940705       -0.18067900        2.62000000        0.92961083
    46.08293067       65.45550920        1.26095462       -0.18344674        2.62000000        0.92771269
    46.10557509       65.52307146        1.26249889       -0.18622486        2.62000000        0.92581691
    46.12799349       65.59063371        1.26403984       -0.18901340        2.62000000        0.92392351
    46.15018441       65.65819596        1.26557747       -0.19181242        2.62000000        0.92203248
    46.17214641       65.72575822        1.26711177       -0.19462196        2.62000000        0.92014384
    46.19387799       65.79332047        1.26864272       -0.19744206        2.62000000        0.91825758
    46.21537769       65.86088272        1.27017032       -0.20027278        2.62000000        0.91637372
    46.23664400       65.92844498        1.27169455       -0.20311417        2.62000000        0.91449226
    46.25767541       65.99600723        1.27321542       -0.20596626        2.62000000        0.91261320
    46.27847040       66.06356948        1.27473290       -0.20882911        2.62000000        0.91073656
    46.29902743       66.13113174        1.27624698       -0.21170277        2.62000000        0.90886234
    46.31934496       66.19869399        1.27775767       -0.21458728        2.62000000        0.90699055
    46.33942142       66.26625624        1.27926494       -0.21748269        2.62000000        0.90512118
    46.35925523       66.33381850        1.28076879       -0.22038906        2.62000000        0.90325426
    46.37884481       66.40138075        1.28226921       -0.22330642        2.62000000        0.90138978
    46.39818855       66.46894300        1.28376619       -0.22623483        2.62000000        0.89952776
    46.41728483       66.53650526        1.28525972       -0.22917433        2.62000000        0.89766819
    46.43613202       66.60406751        1.28674979       -0.23212498        2.62000000        0.89581109
    46.45472848       66.67162976        1.28823639       -0.23508682        2.62000000        0.89395647
    46.47307254       66.73919201        1.28971951       -0.23805990        2.62000000        0.89210432
    46.49116253       66.80675427        1.29119914       -0.24104427        2.62000000        0.89025466
    46.50899677       66.87431652        1.29267527       -0.24403998        2.62000000        0.88840749
    46.52657355       66.94187877        1.29414789       -0.24704708        2.62000000        0.88656282
    46.54389114       67.00944103        1.29561700       -0.25006561        2.62000000        0.88472066
    46.56094782       67.07700328        1.29708257       -0.25309563        2.62000000        0.88288102
    46.57774184       67.14456553        1.29854461       -0.25613719        2.62000000        0.88104390
    46.59427144       67.21212779        1.30000309       -0.25919032        2.62000000        0.87920930
    46.61053482       67.27969004        1.30145803       -0.26225509        2.62000000        0.87737725
    46.62653021       67.34725229        1.30290939       -0.26533155        2.62000000        0.87554774
    46.64225579       67.41481455        1.30435718       -0.26841973        2.62000000        0.87372078
    46.65770973       67.48237680        1.30580138       -0.27151969        2.62000000        0.87189638
    46.67289019       67.54993905        1.30724198       -0.27463149        2.62000000        0.87007454
    46.68779532       67.61750131        1.30867898       -0.27775516        2.62000000        0.86825529
    46.70242323       67.68506356        1.31011236       -0.28089076        2.62000000        0.86643861
    46.71677204       67.75262581        1.31154212       -0.28403834        2.62000000        0.86462453
    46.73083983       67.82018807        1.31296824       -0.28719795        2.62000000        0.86281304
    46.74462469       67.88775032        1.31439071       -0.29036963        2.62000000        0.86100416
    46.75812467       67.95531257        1.31580953       -0.29355344        2.62000000        0.85919790
    46.77133781       68.02287483        1.31722469       -0.29674942        2.62000000        0.85739426
    46.78426214       68.09043708        1.31863617       -0.29995763        2.62000000        0.85559325
    46.79689567       68.15799933        1.32004397       -0.30317811        2.62000000        0.85379488
    46.80923637       68.22556159        1.32144807       -0.30641091        2.62000000        0.85199916
    46.82128223       68.29312384        1.32284847       -0.30965608        2.62000000        0.85020610
    46.83303119       68.36068609        1.32424516       -0.31291367        2.62000000        0.84841570
    46.84448120       68.42824835        1.32563813       -0.31618374        2.62000000        0.84662797
    46.85563016       68.49581060        1.32702736       -0.31946632        2.62000000        0.84484293
    46.86647598       68.56337285        1.32841285       -0.32276146        2.62000000        0.84306058
    46.87701654       68.63093511        1.32979458       -0.32606922        2.62000000        0.84128093
    46.88724969       68.69849736        1.33117256       -0.32938965        2.62000000        0.83950399
    46.89717328       68.76605961        1.33254676       -0.33272279        2.62000000        0.83772976
    46.90678513       68.83362187        1.33391718       -0.33606868        2.62000000        0.83595826
    46.91608304       68.90118412        1.33528380       -0.33942739        2.62000000        0.83418950
    46.92506480       68.96874637        1.33664663       -0.34279895        2.62000000        0.83242349
    46.93372817       69.03630863        1.33800564       -0.34618342        2.62000000        0.83066023
    46.94207090       69.10387088        1.33936084       -0.34958084        2.62000000        0.82889973
    46.95009070       69.17143313        1.34071220       -0.35299125        2.62000000        0.82714201
    46.95778529       69.23899538        1.34205972       -0.35641472        2.62000000        0.82538707
    46.96515234       69.30655764        1.34340339       -0.35985127        2.62000000        0.82363493
    46.97218951       69.37411989        1.34474320       -0.36330097        2.62000000        0.82188559
    46.97889446       69.44168214        1.34607914       -0.36676386        2.62000000        0.82013906
    46.98526479       69.50924440        1.34741119       -0.37023998        2.62000000        0.81839535
    46.99129811       69.57680665        1.34873936       -0.37372937        2.62000000        0.81665448
    46.99699199       69.64436890        1.35006362       -0.37723210        2.62000000        0.81491645
    47.00234399       69.71193116        1.35138398       -0.38074819        2.62000000        0.81318127
    47.00735164       69.77949341        1.35270041       -0.38427770        2.62000000        0.81144896
    47.01201245       69.84705566        1.35401292       -0.38782067        2.62000000        0.80971951
    47.01632392       69.91461792        1.35532148       -0.39137715        2.62000000        0.80799296
    47.02028350       69.98218017        1.35662609       -0.39494717        2.62000000        0.80626929
    47.02388865       70.04974242        1.35792674       -0.39853079        2.62000000        0.80454854
    47.02713678       70.11730468        1.35922342       -0.40212805        2.62000000        0.80283070
    47.03002529       70.18486693        1.36051612       -0.40573899        2.62000000        0.80111578
    47.03255155       70.25242918        1.36180483       -0.40936365        2.62000000        0.79940380
    47.03471292       70.31999144        1.36308953       -0.41300207        2.62000000        0.79769477
    47.03650671       70.38755369        1.36437023       -0.41665430        2.62000000        0.79598870
    47.03793024       70.45511594        1.36564690       -0.42032039        2.62000000        0.79428560
    47.03898078       70.52267820        1.36691954       -0.42400036        2.62000000        0.79258549
    47.03965558       70.59024045        1.36818814       -0.42769426        2.62000000        0.79088836
    47.03995186       70.65780270        1.36945269       -0.43140213        2.62000000        0.78919424
