#  Theta paroi en deg Angle Choc en deg       Kp           Inverse Mach       Mach amont       Mach aval
     0.00000000       20.61659038        0.00000000        0.64788732        2.84000000
     1.65746365       20.61867188        0.00471257        0.64573607        2.84000000        2.83985192
     2.00034013       20.62158427        0.00645238        0.64495016        2.84000000        2.83964478
     2.36891524       20.62698933        0.00854121        0.64401236        2.84000000        2.83926046
     2.76642196       20.63654882        0.01102829        0.64290377        2.84000000        2.83858112
     3.17709125       20.65192453        0.01383567        0.64166264        2.84000000        2.83748946
     3.59169065       20.67477822        0.01690074        0.64031965        2.84000000        2.83586916
     4.00683261       20.70677168        0.02019074        0.63889173        2.84000000        2.83360543
     4.42218649       20.74956669        0.02369458        0.63738603        2.84000000        2.83058570
     4.83882903       20.80482500        0.02741536        0.63580353        2.84000000        2.82670036
     5.25844272       20.87420841        0.03136555        0.63414134        2.84000000        2.82184368
     5.60977167       20.94359182        0.03482622        0.63269974        2.84000000        2.81701090
     5.91680561       21.01297523        0.03796320        0.63140437        2.84000000        2.81220163
     6.19249276       21.08235864        0.04086842        0.63021405        2.84000000        2.80741549
     6.44468324       21.15174205        0.04359877        0.62910334        2.84000000        2.80265210
     6.67852495       21.22112546        0.04619216        0.62805527        2.84000000        2.79791108
     6.89759110       21.29050887        0.04867528        0.62705793        2.84000000        2.79319207
     7.10447143       21.35989228        0.05106767        0.62610256        2.84000000        2.78849472
     7.30110748       21.42927569        0.05338413        0.62518256        2.84000000        2.78381868
     7.48899542       21.49865910        0.05563616        0.62429276        2.84000000        2.77916361
     7.66931448       21.56804251        0.05783288        0.62342910        2.84000000        2.77452918
     7.84301195       21.63742592        0.05998166        0.62258825        2.84000000        2.76991505
     8.01086114       21.70680933        0.06208857        0.62176752        2.84000000        2.76532091
     8.17350224       21.77619274        0.06415862        0.62096462        2.84000000        2.76074644
     8.33147161       21.84557615        0.06619606        0.62017767        2.84000000        2.75619134
     8.48522355       21.91495956        0.06820447        0.61940504        2.84000000        2.75165530
     8.63514641       21.98434297        0.07018695        0.61864533        2.84000000        2.74713803
     8.78157501       22.05372638        0.07214616        0.61789734        2.84000000        2.74263924
     8.92480022       22.12310979        0.07408441        0.61716002        2.84000000        2.73815865
     9.06507642       22.19249320        0.07600374        0.61643244        2.84000000        2.73369597
     9.20262748       22.26187661        0.07790594        0.61571379        2.84000000        2.72925093
     9.33765157       22.33126001        0.07979259        0.61500334        2.84000000        2.72482327
     9.47032494       22.40064342        0.08166511        0.61430045        2.84000000        2.72041273
     9.60080515       22.47002683        0.08352475        0.61360454        2.84000000        2.71601904
     9.72923367       22.53941024        0.08537264        0.61291507        2.84000000        2.71164196
     9.85573798       22.60879365        0.08720982        0.61223159        2.84000000        2.70728124
     9.98043348       22.67817706        0.08903720        0.61155366        2.84000000        2.70293664
    10.10342489       22.74756047        0.09085562        0.61088089        2.84000000        2.69860791
    10.22480762       22.81694388        0.09266584        0.61021292        2.84000000        2.69429483
    10.34466887       22.88632729        0.09446855        0.60954943        2.84000000        2.68999717
    10.46308849       22.95571070        0.09626439        0.60889011        2.84000000        2.68571471
    10.58013989       23.02509411        0.09805394        0.60823469        2.84000000        2.68144722
    10.69589067       23.09447752        0.09983775        0.60758292        2.84000000        2.67719448
    10.81040322       23.16386093        0.10161630        0.60693454        2.84000000        2.67295630
    10.92373530       23.23324434        0.10339004        0.60628936        2.84000000        2.66873245
    11.03594045       23.30262775        0.10515941        0.60564716        2.84000000        2.66452275
    11.14706841       23.37201116        0.10692478        0.60500774        2.84000000        2.66032698
    11.25716552       23.44139457        0.10868653        0.60437094        2.84000000        2.65614495
    11.36627496       23.51077798        0.11044499        0.60373659        2.84000000        2.65197647
    11.47443707       23.58016139        0.11220047        0.60310453        2.84000000        2.64782135
    11.58168961       23.64954480        0.11395326        0.60247461        2.84000000        2.64367940
    11.68806797       23.71892821        0.11570364        0.60184670        2.84000000        2.63955045
    11.79360535       23.78831162        0.11745186        0.60122067        2.84000000        2.63543432
    11.89833297       23.85769503        0.11919816        0.60059639        2.84000000        2.63133082
    12.00228021       23.92707844        0.12094277        0.59997376        2.84000000        2.62723980
    12.10547473       23.99646185        0.12268589        0.59935265        2.84000000        2.62316107
    12.20794270       24.06584526        0.12442772        0.59873298        2.84000000        2.61909449
    12.30970877       24.13522866        0.12616844        0.59811463        2.84000000        2.61503987
    12.41079627       24.20461207        0.12790824        0.59749753        2.84000000        2.61099707
    12.51122733       24.27399548        0.12964726        0.59688158        2.84000000        2.60696592
    12.61102288       24.34337889        0.13138568        0.59626669        2.84000000        2.60294628
    12.71020280       24.41276230        0.13312363        0.59565279        2.84000000        2.59893799
    12.80878597       24.48214571        0.13486124        0.59503981        2.84000000        2.59494091
    12.90679033       24.55152912        0.13659866        0.59442766        2.84000000        2.59095488
    13.00423297       24.62091253        0.13833600        0.59381629        2.84000000        2.58697978
    13.10113013       24.69029594        0.14007338        0.59320562        2.84000000        2.58301544
    13.19749733       24.75967935        0.14181090        0.59259559        2.84000000        2.57906175
    13.29334934       24.82906276        0.14354868        0.59198614        2.84000000        2.57511856
    13.38870029       24.89844617        0.14528681        0.59137721        2.84000000        2.57118574
    13.48356367       24.96782958        0.14702538        0.59076876        2.84000000        2.56726317
    13.57795236       25.03721299        0.14876449        0.59016071        2.84000000        2.56335070
    13.67187871       25.10659640        0.15050421        0.58955304        2.84000000        2.55944822
    13.76535454       25.17597981        0.15224462        0.58894567        2.84000000        2.55555560
    13.85839115       25.24536322        0.15398581        0.58833858        2.84000000        2.55167273
    13.95099943       25.31474663        0.15572784        0.58773170        2.84000000        2.54779948
    14.04318976       25.38413004        0.15747078        0.58712500        2.84000000        2.54393573
    14.13497217       25.45351345        0.15921470        0.58651844        2.84000000        2.54008138
    14.22635623       25.52289686        0.16095965        0.58591197        2.84000000        2.53623630
    14.31735117       25.59228027        0.16270570        0.58530556        2.84000000        2.53240038
    14.40796589       25.66166368        0.16445290        0.58469917        2.84000000        2.52857353
    14.49820892       25.73104709        0.16620131        0.58409276        2.84000000        2.52475562
    14.58808848       25.80043050        0.16795098        0.58348629        2.84000000        2.52094656
    14.67761248       25.86981391        0.16970194        0.58287974        2.84000000        2.51714624
    14.76678856       25.93919731        0.17145426        0.58227306        2.84000000        2.51335457
    14.85562407       26.00858072        0.17320797        0.58166623        2.84000000        2.50957143
    14.94412612       26.07796413        0.17496312        0.58105921        2.84000000        2.50579673
    15.03230155       26.14734754        0.17671973        0.58045198        2.84000000        2.50203037
    15.12015699       26.21673095        0.17847786        0.57984451        2.84000000        2.49827227
    15.20769880       26.28611436        0.18023754        0.57923676        2.84000000        2.49452233
    15.29493317       26.35549777        0.18199880        0.57862871        2.84000000        2.49078044
    15.38186606       26.42488118        0.18376167        0.57802033        2.84000000        2.48704654
    15.46850326       26.49426459        0.18552619        0.57741160        2.84000000        2.48332052
    15.55485034       26.56364800        0.18729237        0.57680250        2.84000000        2.47960230
    15.64091270       26.63303141        0.18906027        0.57619298        2.84000000        2.47589180
    15.72669558       26.70241482        0.19082989        0.57558305        2.84000000        2.47218893
    15.81220406       26.77179823        0.19260126        0.57497266        2.84000000        2.46849360
    15.89744304       26.84118164        0.19437441        0.57436179        2.84000000        2.46480574
    15.98241728       26.91056505        0.19614936        0.57375043        2.84000000        2.46112527
    16.06713142       26.97994846        0.19792613        0.57313856        2.84000000        2.45745211
    16.15158991       27.04933187        0.19970474        0.57252615        2.84000000        2.45378617
    16.23579712       27.11871528        0.20148522        0.57191317        2.84000000        2.45012740
    16.31975726       27.18809869        0.20326758        0.57129962        2.84000000        2.44647570
    16.40347441       27.25748210        0.20505183        0.57068547        2.84000000        2.44283101
    16.48695258       27.32686551        0.20683800        0.57007070        2.84000000        2.43919326
    16.57019562       27.39624892        0.20862610        0.56945530        2.84000000        2.43556237
    16.65320729       27.46563233        0.21041615        0.56883924        2.84000000        2.43193827
    16.73599122       27.53501574        0.21220816        0.56822251        2.84000000        2.42832091
    16.81855100       27.60439915        0.21400214        0.56760509        2.84000000        2.42471020
    16.90089005       27.67378256        0.21579810        0.56698696        2.84000000        2.42110608
    16.98301175       27.74316596        0.21759606        0.56636810        2.84000000        2.41750849
    17.06491937       27.81254937        0.21939603        0.56574851        2.84000000        2.41391737
    17.14661608       27.88193278        0.22119802        0.56512816        2.84000000        2.41033264
    17.22810499       27.95131619        0.22300204        0.56450704        2.84000000        2.40675426
    17.30938912       28.02069960        0.22480810        0.56388513        2.84000000        2.40318215
    17.39047140       28.09008301        0.22661620        0.56326241        2.84000000        2.39961626
    17.47135471       28.15946642        0.22842636        0.56263888        2.84000000        2.39605653
    17.55204183       28.22884983        0.23023858        0.56201451        2.84000000        2.39250289
    17.63253549       28.29823324        0.23205287        0.56138930        2.84000000        2.38895530
    17.71283834       28.36761665        0.23386923        0.56076323        2.84000000        2.38541370
    17.79295297       28.43700006        0.23568768        0.56013628        2.84000000        2.38187803
    17.87288192       28.50638347        0.23750821        0.55950844        2.84000000        2.37834824
    17.95262763       28.57576688        0.23933084        0.55887971        2.84000000        2.37482428
    18.03219252       28.64515029        0.24115556        0.55825005        2.84000000        2.37130608
    18.11157893       28.71453370        0.24298238        0.55761947        2.84000000        2.36779361
    18.19078916       28.78391711        0.24481131        0.55698795        2.84000000        2.36428680
    18.26982544       28.85330052        0.24664234        0.55635547        2.84000000        2.36078562
    18.34868996       28.92268393        0.24847549        0.55572203        2.84000000        2.35729000
    18.42738485       28.99206734        0.25031075        0.55508761        2.84000000        2.35379991
    18.50591220       29.06145075        0.25214812        0.55445220        2.84000000        2.35031529
    18.58427405       29.13083416        0.25398761        0.55381579        2.84000000        2.34683609
    18.66247239       29.20021757        0.25582922        0.55317836        2.84000000        2.34336228
    18.74050916       29.26960098        0.25767294        0.55253991        2.84000000        2.33989381
    18.81838628       29.33898439        0.25951879        0.55190043        2.84000000        2.33643062
    18.89610559       29.40836780        0.26136676        0.55125989        2.84000000        2.33297269
    18.97366893       29.47775121        0.26321685        0.55061830        2.84000000        2.32951996
    19.05107807       29.54713461        0.26506906        0.54997564        2.84000000        2.32607238
    19.12833477       29.61651802        0.26692339        0.54933190        2.84000000        2.32262993
    19.20544071       29.68590143        0.26877984        0.54868707        2.84000000        2.31919256
    19.28239758       29.75528484        0.27063841        0.54804114        2.84000000        2.31576023
    19.35920700       29.82466825        0.27249909        0.54739410        2.84000000        2.31233289
    19.43587057       29.89405166        0.27436189        0.54674593        2.84000000        2.30891051
    19.51238986       29.96343507        0.27622681        0.54609664        2.84000000        2.30549305
    19.58876640       30.03281848        0.27809384        0.54544620        2.84000000        2.30208048
    19.66500169       30.10220189        0.27996298        0.54479461        2.84000000        2.29867275
    19.74109721       30.17158530        0.28183422        0.54414187        2.84000000        2.29526982
    19.81705438       30.24096871        0.28370757        0.54348795        2.84000000        2.29187167
    19.89287464       30.31035212        0.28558302        0.54283285        2.84000000        2.28847826
    19.96855934       30.37973553        0.28746058        0.54217656        2.84000000        2.28508955
    20.04410986       30.44911894        0.28934022        0.54151907        2.84000000        2.28170550
    20.11952751       30.51850235        0.29122196        0.54086037        2.84000000        2.27832608
    20.19481361       30.58788576        0.29310579        0.54020046        2.84000000        2.27495127
    20.26996943       30.65726917        0.29499171        0.53953932        2.84000000        2.27158102
    20.34499620       30.72665258        0.29687970        0.53887695        2.84000000        2.26821530
    20.41989517       30.79603599        0.29876977        0.53821333        2.84000000        2.26485409
    20.49466754       30.86541940        0.30066192        0.53754845        2.84000000        2.26149734
    20.56931449       30.93480281        0.30255613        0.53688232        2.84000000        2.25814504
    20.64383716       31.00418622        0.30445240        0.53621491        2.84000000        2.25479714
    20.71823670       31.07356963        0.30635074        0.53554623        2.84000000        2.25145362
    20.79251423       31.14295304        0.30825112        0.53487626        2.84000000        2.24811445
    20.86667082       31.21233645        0.31015356        0.53420499        2.84000000        2.24477960
    20.94070756       31.28171986        0.31205804        0.53353241        2.84000000        2.24144905
    21.01462550       31.35110327        0.31396456        0.53285853        2.84000000        2.23812275
    21.08842567       31.42048667        0.31587310        0.53218332        2.84000000        2.23480070
    21.16210908       31.48987008        0.31778368        0.53150678        2.84000000        2.23148285
    21.23567672       31.55925349        0.31969627        0.53082891        2.84000000        2.22816918
    21.30912958       31.62863690        0.32161088        0.53014969        2.84000000        2.22485966
    21.38246861       31.69802031        0.32352750        0.52946911        2.84000000        2.22155428
    21.45569475       31.76740372        0.32544613        0.52878718        2.84000000        2.21825300
    21.52880892       31.83678713        0.32736674        0.52810387        2.84000000        2.21495580
    21.60181204       31.90617054        0.32928935        0.52741918        2.84000000        2.21166264
    21.67470499       31.97555395        0.33121394        0.52673311        2.84000000        2.20837352
    21.74748865       32.04493736        0.33314051        0.52604565        2.84000000        2.20508841
    21.82016388       32.11432077        0.33506904        0.52535679        2.84000000        2.20180727
    21.89273152       32.18370418        0.33699954        0.52466651        2.84000000        2.19853009
    21.96519241       32.25308759        0.33893200        0.52397482        2.84000000        2.19525684
    22.03754735       32.32247100        0.34086640        0.52328170        2.84000000        2.19198751
    22.10979715       32.39185441        0.34280275        0.52258716        2.84000000        2.18872206
    22.18194259       32.46123782        0.34474103        0.52189117        2.84000000        2.18546048
    22.25398445       32.53062123        0.34668124        0.52119374        2.84000000        2.18220275
    22.32592348       32.60000464        0.34862336        0.52049485        2.84000000        2.17894884
    22.39776044       32.66938805        0.35056740        0.51979450        2.84000000        2.17569873
    22.46949604       32.73877146        0.35251335        0.51909267        2.84000000        2.17245241
    22.54113102       32.80815487        0.35446119        0.51838938        2.84000000        2.16920984
    22.61266609       32.87753828        0.35641092        0.51768459        2.84000000        2.16597102
    22.68410194       32.94692169        0.35836253        0.51697832        2.84000000        2.16273592
    22.75543925       33.01630510        0.36031601        0.51627054        2.84000000        2.15950452
    22.82667870       33.08568851        0.36227136        0.51556126        2.84000000        2.15627681
    22.89782095       33.15507192        0.36422857        0.51485047        2.84000000        2.15305276
    22.96886665       33.22445532        0.36618762        0.51413815        2.84000000        2.14983235
    23.03981642       33.29383873        0.36814851        0.51342431        2.84000000        2.14661557
    23.11067092       33.36322214        0.37011124        0.51270893        2.84000000        2.14340240
    23.18143075       33.43260555        0.37207579        0.51199200        2.84000000        2.14019282
    23.25209652       33.50198896        0.37404216        0.51127353        2.84000000        2.13698682
    23.32266883       33.57137237        0.37601033        0.51055350        2.84000000        2.13378437
    23.39314827       33.64075578        0.37798030        0.50983190        2.84000000        2.13058546
    23.46353540       33.71013919        0.37995206        0.50910873        2.84000000        2.12739007
    23.53383081       33.77952260        0.38192560        0.50838399        2.84000000        2.12419819
    23.60403504       33.84890601        0.38390092        0.50765765        2.84000000        2.12100979
    23.67414865       33.91828942        0.38587799        0.50692973        2.84000000        2.11782487
    23.74417218       33.98767283        0.38785682        0.50620020        2.84000000        2.11464341
    23.81410616       34.05705624        0.38983740        0.50546907        2.84000000        2.11146539
    23.88395111       34.12643965        0.39181971        0.50473632        2.84000000        2.10829079
    23.95370754       34.19582306        0.39380375        0.50400195        2.84000000        2.10511961
    24.02337597       34.26520647        0.39578950        0.50326596        2.84000000        2.10195182
    24.09295688       34.33458988        0.39777697        0.50252832        2.84000000        2.09878742
    24.16245077       34.40397329        0.39976613        0.50178905        2.84000000        2.09562638
    24.23185811       34.47335670        0.40175698        0.50104812        2.84000000        2.09246869
    24.30117938       34.54274011        0.40374952        0.50030554        2.84000000        2.08931434
    24.37041504       34.61212352        0.40574372        0.49956129        2.84000000        2.08616332
    24.43956556       34.68150693        0.40773959        0.49881538        2.84000000        2.08301560
    24.50863138       34.75089034        0.40973711        0.49806778        2.84000000        2.07987119
    24.57761294       34.82027375        0.41173627        0.49731850        2.84000000        2.07673006
    24.64651068       34.88965716        0.41373706        0.49656753        2.84000000        2.07359220
    24.71532503       34.95904057        0.41573948        0.49581486        2.84000000        2.07045759
    24.78405640       35.02842397        0.41774351        0.49506048        2.84000000        2.06732623
    24.85270522       35.09780738        0.41974915        0.49430440        2.84000000        2.06419811
    24.92127188       35.16719079        0.42175638        0.49354659        2.84000000        2.06107320
    24.98975680       35.23657420        0.42376519        0.49278705        2.84000000        2.05795151
    25.05816036       35.30595761        0.42577558        0.49202578        2.84000000        2.05483301
    25.12648295       35.37534102        0.42778753        0.49126277        2.84000000        2.05171769
    25.19472495       35.44472443        0.42980104        0.49049801        2.84000000        2.04860555
    25.26288674       35.51410784        0.43181609        0.48973150        2.84000000        2.04549656
    25.33096869       35.58349125        0.43383267        0.48896322        2.84000000        2.04239073
    25.39897114       35.65287466        0.43585078        0.48819318        2.84000000        2.03928803
    25.46689448       35.72225807        0.43787041        0.48742136        2.84000000        2.03618846
    25.53473904       35.79164148        0.43989154        0.48664775        2.84000000        2.03309201
    25.60250517       35.86102489        0.44191416        0.48587236        2.84000000        2.02999866
    25.67019321       35.93040830        0.44393826        0.48509517        2.84000000        2.02690841
    25.73780349       35.99979171        0.44596384        0.48431617        2.84000000        2.02382124
    25.80533634       36.06917512        0.44799088        0.48353537        2.84000000        2.02073715
    25.87279208       36.13855853        0.45001938        0.48275274        2.84000000        2.01765612
    25.94017103       36.20794194        0.45204931        0.48196829        2.84000000        2.01457814
    26.00747350       36.27732535        0.45408068        0.48118201        2.84000000        2.01150321
    26.07469979       36.34670876        0.45611347        0.48039388        2.84000000        2.00843131
    26.14185021       36.41609217        0.45814767        0.47960391        2.84000000        2.00536243
    26.20892506       36.48547558        0.46018327        0.47881209        2.84000000        2.00229657
    26.27592461       36.55485899        0.46222026        0.47801840        2.84000000        1.99923372
    26.34284917       36.62424240        0.46425863        0.47722285        2.84000000        1.99617386
    26.40969900       36.69362581        0.46629837        0.47642542        2.84000000        1.99311699
    26.47647439       36.76300922        0.46833947        0.47562611        2.84000000        1.99006310
    26.54317561       36.83239262        0.47038191        0.47482491        2.84000000        1.98701217
    26.60980292       36.90177603        0.47242569        0.47402181        2.84000000        1.98396421
    26.67635658       36.97115944        0.47447080        0.47321681        2.84000000        1.98091920
    26.74283686       37.04054285        0.47651722        0.47240990        2.84000000        1.97787713
    26.80924400       37.10992626        0.47856494        0.47160106        2.84000000        1.97483800
    26.87557826       37.17930967        0.48061396        0.47079031        2.84000000        1.97180179
    26.94183987       37.24869308        0.48266427        0.46997761        2.84000000        1.96876850
    27.00802907       37.31807649        0.48471584        0.46916298        2.84000000        1.96573813
    27.07414611       37.38745990        0.48676868        0.46834640        2.84000000        1.96271065
    27.14019121       37.45684331        0.48882277        0.46752787        2.84000000        1.95968607
    27.20616460       37.52622672        0.49087809        0.46670737        2.84000000        1.95666438
    27.27206650       37.59561013        0.49293464        0.46588491        2.84000000        1.95364556
    27.33789713       37.66499354        0.49499242        0.46506046        2.84000000        1.95062962
    27.40365670       37.73437695        0.49705139        0.46423403        2.84000000        1.94761654
    27.46934542       37.80376036        0.49911157        0.46340561        2.84000000        1.94460631
    27.53496351       37.87314377        0.50117292        0.46257519        2.84000000        1.94159894
    27.60051115       37.94252718        0.50323545        0.46174277        2.84000000        1.93859441
    27.66598855       38.01191059        0.50529915        0.46090833        2.84000000        1.93559271
    27.73139591       38.08129400        0.50736399        0.46007187        2.84000000        1.93259384
    27.79673342       38.15067741        0.50942997        0.45923337        2.84000000        1.92959779
    27.86200125       38.22006082        0.51149709        0.45839285        2.84000000        1.92660456
    27.92719961       38.28944423        0.51356532        0.45755027        2.84000000        1.92361413
    27.99232866       38.35882764        0.51563465        0.45670565        2.84000000        1.92062650
    28.05738858       38.42821105        0.51770508        0.45585896        2.84000000        1.91764167
    28.12237954       38.49759446        0.51977660        0.45501021        2.84000000        1.91465963
    28.18730172       38.56697787        0.52184919        0.45415939        2.84000000        1.91168036
    28.25215527       38.63636127        0.52392284        0.45330648        2.84000000        1.90870387
    28.31694036       38.70574468        0.52599754        0.45245148        2.84000000        1.90573015
    28.38165716       38.77512809        0.52807327        0.45159438        2.84000000        1.90275920
    28.44630580       38.84451150        0.53015004        0.45073518        2.84000000        1.89979100
    28.51088645       38.91389491        0.53222782        0.44987386        2.84000000        1.89682554
    28.57539926       38.98327832        0.53430661        0.44901043        2.84000000        1.89386284
    28.63984436       39.05266173        0.53638639        0.44814486        2.84000000        1.89090287
    28.70422190       39.12204514        0.53846715        0.44727716        2.84000000        1.88794564
    28.76853202       39.19142855        0.54054888        0.44640731        2.84000000        1.88499113
    28.83277486       39.26081196        0.54263157        0.44553531        2.84000000        1.88203934
    28.89695054       39.33019537        0.54471521        0.44466115        2.84000000        1.87909027
    28.96105920       39.39957878        0.54679978        0.44378482        2.84000000        1.87614391
    29.02510096       39.46896219        0.54888528        0.44290632        2.84000000        1.87320025
    29.08907594       39.53834560        0.55097169        0.44202563        2.84000000        1.87025930
    29.15298427       39.60772901        0.55305900        0.44114274        2.84000000        1.86732103
    29.21682606       39.67711242        0.55514721        0.44025766        2.84000000        1.86438546
    29.28060142       39.74649583        0.55723629        0.43937037        2.84000000        1.86145257
    29.34431047       39.81587924        0.55932624        0.43848086        2.84000000        1.85852235
    29.40795331       39.88526265        0.56141704        0.43758913        2.84000000        1.85559482
    29.47153004       39.95464606        0.56350869        0.43669516        2.84000000        1.85266994
    29.53504078       40.02402947        0.56560117        0.43579895        2.84000000        1.84974774
    29.59848562       40.09341288        0.56769447        0.43490050        2.84000000        1.84682819
    29.66186465       40.16279629        0.56978857        0.43399978        2.84000000        1.84391129
    29.72517797       40.23217970        0.57188348        0.43309680        2.84000000        1.84099704
    29.78842567       40.30156311        0.57397917        0.43219154        2.84000000        1.83808544
    29.85160783       40.37094652        0.57607563        0.43128400        2.84000000        1.83517647
    29.91472455       40.44032992        0.57817286        0.43037417        2.84000000        1.83227014
    29.97777590       40.50971333        0.58027084        0.42946204        2.84000000        1.82936644
    30.04076196       40.57909674        0.58236955        0.42854761        2.84000000        1.82646537
    30.10368282       40.64848015        0.58446899        0.42763085        2.84000000        1.82356691
    30.16653854       40.71786356        0.58656915        0.42671177        2.84000000        1.82067107
    30.22932919       40.78724697        0.58867001        0.42579036        2.84000000        1.81777785
    30.29205485       40.85663038        0.59077156        0.42486660        2.84000000        1.81488723
    30.35471559       40.92601379        0.59287379        0.42394049        2.84000000        1.81199921
    30.41731145       40.99539720        0.59497669        0.42301203        2.84000000        1.80911380
    30.47984252       41.06478061        0.59708025        0.42208119        2.84000000        1.80623098
    30.54230883       41.13416402        0.59918445        0.42114798        2.84000000        1.80335075
    30.60471046       41.20354743        0.60128928        0.42021238        2.84000000        1.80047311
    30.66704746       41.27293084        0.60339473        0.41927438        2.84000000        1.79759804
    30.72931986       41.34231425        0.60550080        0.41833399        2.84000000        1.79472556
    30.79152774       41.41169766        0.60760746        0.41739118        2.84000000        1.79185566
    30.85367112       41.48108107        0.60971470        0.41644594        2.84000000        1.78898832
    30.91575005       41.55046448        0.61182252        0.41549828        2.84000000        1.78612355
    30.97776458       41.61984789        0.61393089        0.41454818        2.84000000        1.78326134
    31.03971474       41.68923130        0.61603982        0.41359563        2.84000000        1.78040169
    31.10160057       41.75861471        0.61814929        0.41264062        2.84000000        1.77754460
    31.16342210       41.82799812        0.62025928        0.41168314        2.84000000        1.77469006
    31.22517936       41.89738153        0.62236978        0.41072319        2.84000000        1.77183807
    31.28687239       41.96676494        0.62448078        0.40976075        2.84000000        1.76898862
    31.34850121       42.03614835        0.62659228        0.40879582        2.84000000        1.76614171
    31.41006584       42.10553176        0.62870425        0.40782839        2.84000000        1.76329734
    31.47156630       42.17491517        0.63081669        0.40685844        2.84000000        1.76045550
    31.53300262       42.24429857        0.63292958        0.40588597        2.84000000        1.75761620
    31.59437481       42.31368198        0.63504292        0.40491096        2.84000000        1.75477942
    31.65568289       42.38306539        0.63715668        0.40393342        2.84000000        1.75194516
    31.71692687       42.45244880        0.63927086        0.40295332        2.84000000        1.74911342
    31.77810676       42.52183221        0.64138545        0.40197067        2.84000000        1.74628420
    31.83922256       42.59121562        0.64350043        0.40098544        2.84000000        1.74345749
    31.90027429       42.66059903        0.64561579        0.39999764        2.84000000        1.74063329
    31.96126194       42.72998244        0.64773152        0.39900724        2.84000000        1.73781160
    32.02218553       42.79936585        0.64984761        0.39801424        2.84000000        1.73499241
    32.08304504       42.86874926        0.65196405        0.39701864        2.84000000        1.73217572
    32.14384048       42.93813267        0.65408082        0.39602042        2.84000000        1.72936153
    32.20457183       43.00751608        0.65619790        0.39501957        2.84000000        1.72654983
    32.26523910       43.07689949        0.65831530        0.39401608        2.84000000        1.72374062
    32.32584226       43.14628290        0.66043300        0.39300994        2.84000000        1.72093390
    32.38638132       43.21566631        0.66255098        0.39200114        2.84000000        1.71812966
    32.44685625       43.28504972        0.66466924        0.39098967        2.84000000        1.71532791
    32.50726704       43.35443313        0.66678775        0.38997553        2.84000000        1.71252863
    32.56761367       43.42381654        0.66890651        0.38895870        2.84000000        1.70973183
    32.62789612       43.49319995        0.67102552        0.38793916        2.84000000        1.70693750
    32.68811436       43.56258336        0.67314474        0.38691692        2.84000000        1.70414564
    32.74826838       43.63196677        0.67526418        0.38589196        2.84000000        1.70135625
    32.80835814       43.70135018        0.67738382        0.38486427        2.84000000        1.69856932
    32.86838362       43.77073359        0.67950364        0.38383384        2.84000000        1.69578485
    32.92834477       43.84011700        0.68162365        0.38280065        2.84000000        1.69300284
    32.98824158       43.90950041        0.68374381        0.38176471        2.84000000        1.69022329
    33.04807401       43.97888382        0.68586413        0.38072599        2.84000000        1.68744619
    33.10784201       44.04826723        0.68798459        0.37968449        2.84000000        1.68467154
    33.16754554       44.11765063        0.69010517        0.37864020        2.84000000        1.68189933
    33.22718457       44.18703404        0.69222587        0.37759311        2.84000000        1.67912957
    33.28675906       44.25641745        0.69434668        0.37654320        2.84000000        1.67636226
    33.34626894       44.32580086        0.69646757        0.37549046        2.84000000        1.67359738
    33.40571418       44.39518427        0.69858854        0.37443489        2.84000000        1.67083493
    33.46509473       44.46456768        0.70070958        0.37337647        2.84000000        1.66807493
    33.52441053       44.53395109        0.70283067        0.37231519        2.84000000        1.66531735
    33.58366153       44.60333450        0.70495181        0.37125104        2.84000000        1.66256220
    33.64284766       44.67271791        0.70707298        0.37018402        2.84000000        1.65980948
    33.70196889       44.74210132        0.70919416        0.36911410        2.84000000        1.65705919
    33.76102513       44.81148473        0.71131535        0.36804128        2.84000000        1.65431131
    33.82001634       44.88086814        0.71343653        0.36696554        2.84000000        1.65156585
    33.87894244       44.95025155        0.71555769        0.36588688        2.84000000        1.64882281
    33.93780336       45.01963496        0.71767883        0.36480529        2.84000000        1.64608219
    33.99659905       45.08901837        0.71979991        0.36372074        2.84000000        1.64334398
    34.05532942       45.15840178        0.72192095        0.36263324        2.84000000        1.64060817
    34.11399441       45.22778519        0.72404191        0.36154276        2.84000000        1.63787477
    34.17259394       45.29716860        0.72616280        0.36044930        2.84000000        1.63514378
    34.23112793       45.36655201        0.72828359        0.35935285        2.84000000        1.63241519
    34.28959630       45.43593542        0.73040428        0.35825339        2.84000000        1.62968900
    34.34799898       45.50531883        0.73252485        0.35715092        2.84000000        1.62696521
    34.40633587       45.57470224        0.73464529        0.35604541        2.84000000        1.62424382
    34.46460690       45.64408565        0.73676559        0.35493687        2.84000000        1.62152482
    34.52281197       45.71346906        0.73888574        0.35382527        2.84000000        1.61880820
    34.58095099       45.78285247        0.74100572        0.35271060        2.84000000        1.61609398
    34.63902388       45.85223588        0.74312553        0.35159286        2.84000000        1.61338215
    34.69703054       45.92161928        0.74524514        0.35047203        2.84000000        1.61067270
    34.75497088       45.99100269        0.74736455        0.34934809        2.84000000        1.60796563
    34.81284480       46.06038610        0.74948375        0.34822104        2.84000000        1.60526094
    34.87065219       46.12976951        0.75160272        0.34709087        2.84000000        1.60255864
    34.92839295       46.19915292        0.75372145        0.34595755        2.84000000        1.59985871
    34.98606699       46.26853633        0.75583992        0.34482109        2.84000000        1.59716115
    35.04367420       46.33791974        0.75795814        0.34368146        2.84000000        1.59446596
    35.10121446       46.40730315        0.76007608        0.34253865        2.84000000        1.59177315
    35.15868768       46.47668656        0.76219373        0.34139266        2.84000000        1.58908270
    35.21609372       46.54606997        0.76431107        0.34024346        2.84000000        1.58639462
    35.27343250       46.61545338        0.76642811        0.33909105        2.84000000        1.58370891
    35.33070388       46.68483679        0.76854482        0.33793541        2.84000000        1.58102555
    35.38790774       46.75422020        0.77066119        0.33677654        2.84000000        1.57834456
    35.44504398       46.82360361        0.77277722        0.33561440        2.84000000        1.57566593
    35.50211245       46.89298702        0.77489288        0.33444901        2.84000000        1.57298965
    35.55911306       46.96237043        0.77700817        0.33328033        2.84000000        1.57031573
    35.61604565       47.03175384        0.77912307        0.33210836        2.84000000        1.56764416
    35.67291011       47.10113725        0.78123757        0.33093308        2.84000000        1.56497494
    35.72970631       47.17052066        0.78335166        0.32975448        2.84000000        1.56230807
    35.78643411       47.23990407        0.78546532        0.32857255        2.84000000        1.55964355
    35.84309338       47.30928748        0.78757855        0.32738728        2.84000000        1.55698137
    35.89968397       47.37867089        0.78969134        0.32619864        2.84000000        1.55432154
    35.95620577       47.44805430        0.79180366        0.32500664        2.84000000        1.55166405
    36.01265861       47.51743771        0.79391551        0.32381124        2.84000000        1.54900890
    36.06904237       47.58682112        0.79602687        0.32261244        2.84000000        1.54635609
    36.12535688       47.65620453        0.79813774        0.32141023        2.84000000        1.54370561
    36.18160201       47.72558793        0.80024810        0.32020459        2.84000000        1.54105747
    36.23777761       47.79497134        0.80235794        0.31899551        2.84000000        1.53841167
    36.29388353       47.86435475        0.80446724        0.31778297        2.84000000        1.53576819
    36.34991960       47.93373816        0.80657600        0.31656696        2.84000000        1.53312705
    36.40588568       48.00312157        0.80868419        0.31534747        2.84000000        1.53048823
    36.46178161       48.07250498        0.81079182        0.31412447        2.84000000        1.52785174
    36.51760723       48.14188839        0.81289887        0.31289796        2.84000000        1.52521758
    36.57336237       48.21127180        0.81500531        0.31166793        2.84000000        1.52258574
    36.62904688       48.28065521        0.81711115        0.31043435        2.84000000        1.51995622
    36.68466058       48.35003862        0.81921638        0.30919721        2.84000000        1.51732902
    36.74020331       48.41942203        0.82132096        0.30795650        2.84000000        1.51470415
    36.79567489       48.48880544        0.82342491        0.30671220        2.84000000        1.51208158
    36.85107515       48.55818885        0.82552820        0.30546431        2.84000000        1.50946134
    36.90640393       48.62757226        0.82763081        0.30421279        2.84000000        1.50684341
    36.96166103       48.69695567        0.82973275        0.30295765        2.84000000        1.50422779
    37.01684629       48.76633908        0.83183399        0.30169885        2.84000000        1.50161448
    37.07195951       48.83572249        0.83393453        0.30043640        2.84000000        1.49900348
    37.12700052       48.90510590        0.83603435        0.29917027        2.84000000        1.49639479
    37.18196914       48.97448931        0.83813344        0.29790044        2.84000000        1.49378841
    37.23686516       49.04387272        0.84023179        0.29662691        2.84000000        1.49118434
    37.29168840       49.11325613        0.84232938        0.29534966        2.84000000        1.48858256
    37.34643867       49.18263954        0.84442620        0.29406866        2.84000000        1.48598309
    37.40111578       49.25202295        0.84652225        0.29278391        2.84000000        1.48338592
    37.45571952       49.32140636        0.84861750        0.29149539        2.84000000        1.48079106
    37.51024970       49.39078977        0.85071195        0.29020308        2.84000000        1.47819849
    37.56470611       49.46017318        0.85280559        0.28890697        2.84000000        1.47560821
    37.61908855       49.52955658        0.85489839        0.28760705        2.84000000        1.47302024
    37.67339682       49.59893999        0.85699036        0.28630328        2.84000000        1.47043455
    37.72763071       49.66832340        0.85908147        0.28499567        2.84000000        1.46785117
    37.78179000       49.73770681        0.86117171        0.28368419        2.84000000        1.46527007
    37.83587448       49.80709022        0.86326108        0.28236883        2.84000000        1.46269126
    37.88988394       49.87647363        0.86534956        0.28104956        2.84000000        1.46011475
    37.94381815       49.94585704        0.86743714        0.27972638        2.84000000        1.45754052
    37.99767691       50.01524045        0.86952381        0.27839927        2.84000000        1.45496858
    38.05145998       50.08462386        0.87160954        0.27706821        2.84000000        1.45239892
    38.10516715       50.15400727        0.87369434        0.27573318        2.84000000        1.44983155
    38.15879818       50.22339068        0.87577819        0.27439416        2.84000000        1.44726646
    38.21235284       50.29277409        0.87786108        0.27305115        2.84000000        1.44470366
    38.26583091       50.36215750        0.87994299        0.27170411        2.84000000        1.44214314
    38.31923214       50.43154091        0.88202391        0.27035305        2.84000000        1.43958489
    38.37255630       50.50092432        0.88410384        0.26899793        2.84000000        1.43702893
    38.42580316       50.57030773        0.88618275        0.26763874        2.84000000        1.43447524
    38.47897247       50.63969114        0.88826064        0.26627546        2.84000000        1.43192383
    38.53206398       50.70907455        0.89033749        0.26490807        2.84000000        1.42937469
    38.58507745       50.77845796        0.89241330        0.26353657        2.84000000        1.42682783
    38.63801264       50.84784137        0.89448804        0.26216092        2.84000000        1.42428325
    38.69086928       50.91722478        0.89656171        0.26078111        2.84000000        1.42174093
    38.74364713       50.98660819        0.89863430        0.25939713        2.84000000        1.41920089
    38.79634593       51.05599160        0.90070579        0.25800895        2.84000000        1.41666312
    38.84896542       51.12537501        0.90277617        0.25661656        2.84000000        1.41412761
    38.90150533       51.19475842        0.90484543        0.25521994        2.84000000        1.41159438
    38.95396541       51.26414183        0.90691355        0.25381907        2.84000000        1.40906341
    39.00634539       51.33352523        0.90898054        0.25241393        2.84000000        1.40653471
    39.05864499       51.40290864        0.91104636        0.25100450        2.84000000        1.40400828
    39.11086395       51.47229205        0.91311101        0.24959077        2.84000000        1.40148411
    39.16300200       51.54167546        0.91517448        0.24817271        2.84000000        1.39896220
    39.21505884       51.61105887        0.91723676        0.24675031        2.84000000        1.39644256
    39.26703422       51.68044228        0.91929783        0.24532354        2.84000000        1.39392517
    39.31892784       51.74982569        0.92135768        0.24389239        2.84000000        1.39141005
    39.37073941       51.81920910        0.92341630        0.24245684        2.84000000        1.38889719
    39.42246866       51.88859251        0.92547368        0.24101688        2.84000000        1.38638659
    39.47411528       51.95797592        0.92752981        0.23957247        2.84000000        1.38387825
    39.52567899       52.02735933        0.92958467        0.23812360        2.84000000        1.38137216
    39.57715950       52.09674274        0.93163824        0.23667025        2.84000000        1.37886834
    39.62855649       52.16612615        0.93369053        0.23521240        2.84000000        1.37636677
    39.67986968       52.23550956        0.93574152        0.23375003        2.84000000        1.37386745
    39.73109876       52.30489297        0.93779119        0.23228313        2.84000000        1.37137039
    39.78224341       52.37427638        0.93983953        0.23081166        2.84000000        1.36887558
    39.83330334       52.44365979        0.94188653        0.22933561        2.84000000        1.36638303
    39.88427823       52.51304320        0.94393218        0.22785496        2.84000000        1.36389273
    39.93516776       52.58242661        0.94597647        0.22636969        2.84000000        1.36140468
    39.98597162       52.65181002        0.94801938        0.22487978        2.84000000        1.35891888
    40.03668948       52.72119343        0.95006091        0.22338521        2.84000000        1.35643534
    40.08732102       52.79057684        0.95210104        0.22188595        2.84000000        1.35395404
    40.13786592       52.85996025        0.95413975        0.22038199        2.84000000        1.35147499
    40.18832384       52.92934366        0.95617704        0.21887331        2.84000000        1.34899819
    40.23869445       52.99872707        0.95821289        0.21735987        2.84000000        1.34652364
    40.28897742       53.06811048        0.96024730        0.21584167        2.84000000        1.34405134
    40.33917241       53.13749388        0.96228025        0.21431868        2.84000000        1.34158129
    40.38927908       53.20687729        0.96431172        0.21279087        2.84000000        1.33911348
    40.43929708       53.27626070        0.96634172        0.21125824        2.84000000        1.33664792
    40.48922606       53.34564411        0.96837021        0.20972075        2.84000000        1.33418460
    40.53906567       53.41502752        0.97039720        0.20817838        2.84000000        1.33172353
    40.58881557       53.48441093        0.97242267        0.20663111        2.84000000        1.32926470
    40.63847540       53.55379434        0.97444661        0.20507892        2.84000000        1.32680812
    40.68804478       53.62317775        0.97646900        0.20352178        2.84000000        1.32435378
    40.73752337       53.69256116        0.97848984        0.20195968        2.84000000        1.32190169
    40.78691079       53.76194457        0.98050911        0.20039259        2.84000000        1.31945184
    40.83620667       53.83132798        0.98252680        0.19882049        2.84000000        1.31700423
    40.88541066       53.90071139        0.98454290        0.19724335        2.84000000        1.31455886
    40.93452235       53.97009480        0.98655739        0.19566115        2.84000000        1.31211574
    40.98354139       54.03947821        0.98857027        0.19407388        2.84000000        1.30967485
    41.03246738       54.10886162        0.99058153        0.19248149        2.84000000        1.30723621
    41.08129994       54.17824503        0.99259114        0.19088398        2.84000000        1.30479981
    41.13003869       54.24762844        0.99459911        0.18928132        2.84000000        1.30236565
    41.17868322       54.31701185        0.99660541        0.18767349        2.84000000        1.29993374
    41.22723315       54.38639526        0.99861003        0.18606045        2.84000000        1.29750406
    41.27568808       54.45577867        1.00061297        0.18444219        2.84000000        1.29507662
    41.32404760       54.52516208        1.00261421        0.18281868        2.84000000        1.29265142
    41.37231130       54.59454549        1.00461374        0.18118990        2.84000000        1.29022846
    41.42047879       54.66392890        1.00661155        0.17955582        2.84000000        1.28780774
    41.46854964       54.73331231        1.00860762        0.17791643        2.84000000        1.28538927
    41.51652343       54.80269572        1.01060195        0.17627168        2.84000000        1.28297303
    41.56439976       54.87207913        1.01259452        0.17462157        2.84000000        1.28055903
    41.61217820       54.94146253        1.01458532        0.17296606        2.84000000        1.27814727
    41.65985832       55.01084594        1.01657434        0.17130513        2.84000000        1.27573775
    41.70743968       55.08022935        1.01856157        0.16963875        2.84000000        1.27333046
    41.75492187       55.14961276        1.02054699        0.16796690        2.84000000        1.27092542
    41.80230443       55.21899617        1.02253059        0.16628956        2.84000000        1.26852262
    41.84958693       55.28837958        1.02451237        0.16460669        2.84000000        1.26612205
    41.89676891       55.35776299        1.02649230        0.16291827        2.84000000        1.26372373
    41.94384995       55.42714640        1.02847038        0.16122428        2.84000000        1.26132764
    41.99082957       55.49652981        1.03044660        0.15952468        2.84000000        1.25893380
    42.03770733       55.56591322        1.03242094        0.15781946        2.84000000        1.25654219
    42.08448276       55.63529663        1.03439340        0.15610859        2.84000000        1.25415282
    42.13115541       55.70468004        1.03636395        0.15439203        2.84000000        1.25176569
    42.17772479       55.77406345        1.03833260        0.15266976        2.84000000        1.24938081
    42.22419045       55.84344686        1.04029932        0.15094176        2.84000000        1.24699816
    42.27055190       55.91283027        1.04226411        0.14920800        2.84000000        1.24461775
    42.31680867       55.98221368        1.04422695        0.14746845        2.84000000        1.24223959
    42.36296027       56.05159709        1.04618784        0.14572308        2.84000000        1.23986366
    42.40900621       56.12098050        1.04814675        0.14397187        2.84000000        1.23748998
    42.45494601       56.19036391        1.05010368        0.14221478        2.84000000        1.23511854
    42.50077916       56.25974732        1.05205862        0.14045179        2.84000000        1.23274934
    42.54650517       56.32913073        1.05401156        0.13868288        2.84000000        1.23038238
    42.59212354       56.39851414        1.05596248        0.13690801        2.84000000        1.22801767
    42.63763374       56.46789755        1.05791137        0.13512715        2.84000000        1.22565519
    42.68303528       56.53728096        1.05985822        0.13334028        2.84000000        1.22329496
    42.72832764       56.60666437        1.06180302        0.13154737        2.84000000        1.22093698
    42.77351029       56.67604778        1.06374576        0.12974838        2.84000000        1.21858124
    42.81858270       56.74543118        1.06568643        0.12794329        2.84000000        1.21622774
    42.86354436       56.81481459        1.06762501        0.12613208        2.84000000        1.21387649
    42.90839473       56.88419800        1.06956149        0.12431470        2.84000000        1.21152749
    42.95313326       56.95358141        1.07149586        0.12249113        2.84000000        1.20918073
    42.99775941       57.02296482        1.07342811        0.12066135        2.84000000        1.20683622
    43.04227264       57.09234823        1.07535823        0.11882531        2.84000000        1.20449396
    43.08667239       57.16173164        1.07728620        0.11698300        2.84000000        1.20215394
    43.13095811       57.23111505        1.07921202        0.11513437        2.84000000        1.19981617
    43.17512924       57.30049846        1.08113568        0.11327941        2.84000000        1.19748066
    43.21918521       57.36988187        1.08305715        0.11141807        2.84000000        1.19514739
    43.26312545       57.43926528        1.08497643        0.10955033        2.84000000        1.19281638
    43.30694939       57.50864869        1.08689352        0.10767616        2.84000000        1.19048761
    43.35065644       57.57803210        1.08880839        0.10579552        2.84000000        1.18816110
    43.39424602       57.64741551        1.09072103        0.10390839        2.84000000        1.18583685
    43.43771754       57.71679892        1.09263144        0.10201472        2.84000000        1.18351484
    43.48107041       57.78618233        1.09453961        0.10011450        2.84000000        1.18119510
    43.52430403       57.85556574        1.09644551        0.09820769        2.84000000        1.17887761
    43.56741778       57.92494915        1.09834914        0.09629425        2.84000000        1.17656237
    43.61041107       57.99433256        1.10025049        0.09437416        2.84000000        1.17424940
    43.65328329       58.06371597        1.10214955        0.09244737        2.84000000        1.17193868
    43.69603379       58.13309938        1.10404631        0.09051387        2.84000000        1.16963022
    43.73866198       58.20248279        1.10594075        0.08857361        2.84000000        1.16732402
    43.78116721       58.27186620        1.10783286        0.08662656        2.84000000        1.16502009
    43.82354885       58.34124961        1.10972263        0.08467269        2.84000000        1.16271842
    43.86580626       58.41063302        1.11161005        0.08271197        2.84000000        1.16041901
    43.90793880       58.48001643        1.11349511        0.08074435        2.84000000        1.15812187
    43.94994581       58.54939984        1.11537780        0.07876982        2.84000000        1.15582700
    43.99182663       58.61878324        1.11725810        0.07678832        2.84000000        1.15353439
    44.03358061       58.68816665        1.11913601        0.07479984        2.84000000        1.15124405
    44.07520708       58.75755006        1.12101151        0.07280433        2.84000000        1.14895598
    44.11670537       58.82693347        1.12288459        0.07080175        2.84000000        1.14667019
    44.15807479       58.89631688        1.12475524        0.06879209        2.84000000        1.14438667
    44.19931467       58.96570029        1.12662345        0.06677529        2.84000000        1.14210542
    44.24042431       59.03508370        1.12848921        0.06475132        2.84000000        1.13982644
    44.28140302       59.10446711        1.13035251        0.06272015        2.84000000        1.13754975
    44.32225010       59.17385052        1.13221333        0.06068175        2.84000000        1.13527533
    44.36296483       59.24323393        1.13407167        0.05863607        2.84000000        1.13300320
    44.40354652       59.31261734        1.13592751        0.05658308        2.84000000        1.13073334
    44.44399443       59.38200075        1.13778084        0.05452274        2.84000000        1.12846577
    44.48430785       59.45138416        1.13963165        0.05245502        2.84000000        1.12620048
    44.52448604       59.52076757        1.14147993        0.05037988        2.84000000        1.12393748
    44.56452827       59.59015098        1.14332566        0.04829728        2.84000000        1.12167677
    44.60443378       59.65953439        1.14516885        0.04620719        2.84000000        1.11941834
    44.64420185       59.72891780        1.14700947        0.04410956        2.84000000        1.11716221
    44.68383170       59.79830121        1.14884751        0.04200437        2.84000000        1.11490837
    44.72332258       59.86768462        1.15068297        0.03989156        2.84000000        1.11265683
    44.76267372       59.93706803        1.15251583        0.03777112        2.84000000        1.11040758
    44.80188434       60.00645144        1.15434608        0.03564298        2.84000000        1.10816063
    44.84095367       60.07583485        1.15617370        0.03350712        2.84000000        1.10591598
    44.87988091       60.14521826        1.15799870        0.03136350        2.84000000        1.10367364
    44.91866527       60.21460167        1.15982106        0.02921208        2.84000000        1.10143360
    44.95730596       60.28398508        1.16164076        0.02705282        2.84000000        1.09919586
    44.99580216       60.35336849        1.16345780        0.02488568        2.84000000        1.09696044
    45.03415305       60.42275189        1.16527216        0.02271062        2.84000000        1.09472732
    45.07235782       60.49213530        1.16708383        0.02052760        2.84000000        1.09249652
    45.11041565       60.56151871        1.16889281        0.01833657        2.84000000        1.09026803
    45.14832568       60.63090212        1.17069907        0.01613751        2.84000000        1.08804185
    45.18608709       60.70028553        1.17250262        0.01393037        2.84000000        1.08581800
    45.22369903       60.76966894        1.17430344        0.01171510        2.84000000        1.08359647
    45.26116063       60.83905235        1.17610151        0.00949167        2.84000000        1.08137726
    45.29847103       60.90843576        1.17789683        0.00726004        2.84000000        1.07916038
    45.33562937       60.97781917        1.17968939        0.00502016        2.84000000        1.07694582
    45.37263476       61.04720258        1.18147917        0.00277199        2.84000000        1.07473360
    45.40948631       61.11658599        1.18326616        0.00051549        2.84000000        1.07252371
    45.44618315       61.18596940        1.18505036       -0.00174939        2.84000000        1.07031616
    45.48272436       61.25535281        1.18683175       -0.00402268        2.84000000        1.06811094
    45.51910904       61.32473622        1.18861032       -0.00630443        2.84000000        1.06590806
    45.55533626       61.39411963        1.19038606       -0.00859467        2.84000000        1.06370753
    45.59140512       61.46350304        1.19215896       -0.01089347        2.84000000        1.06150934
    45.62731467       61.53288645        1.19392901       -0.01320085        2.84000000        1.05931351
    45.66306398       61.60226986        1.19569620       -0.01551687        2.84000000        1.05712002
    45.69865209       61.67165327        1.19746051       -0.01784156        2.84000000        1.05492889
    45.73407806       61.74103668        1.19922194       -0.02017497        2.84000000        1.05274011
    45.76934092       61.81042009        1.20098047       -0.02251714        2.84000000        1.05055370
    45.80443969       61.87980350        1.20273610       -0.02486813        2.84000000        1.04836964
    45.83937340       61.94918691        1.20448880       -0.02722797        2.84000000        1.04618795
    45.87414106       62.01857032        1.20623859       -0.02959672        2.84000000        1.04400863
    45.90874167       62.08795373        1.20798543       -0.03197441        2.84000000        1.04183169
    45.94317423       62.15733714        1.20972932       -0.03436109        2.84000000        1.03965711
    45.97743772       62.22672054        1.21147025       -0.03675680        2.84000000        1.03748492
    46.01153111       62.29610395        1.21320821       -0.03916161        2.84000000        1.03531510
    46.04545338       62.36548736        1.21494319       -0.04157554        2.84000000        1.03314768
    46.07920349       62.43487077        1.21667518       -0.04399865        2.84000000        1.03098263
    46.11278039       62.50425418        1.21840416       -0.04643099        2.84000000        1.02881998
    46.14618301       62.57363759        1.22013013       -0.04887260        2.84000000        1.02665972
    46.17941029       62.64302100        1.22185307       -0.05132353        2.84000000        1.02450186
    46.21246115       62.71240441        1.22357298       -0.05378382        2.84000000        1.02234640
    46.24533452       62.78178782        1.22528984       -0.05625353        2.84000000        1.02019335
    46.27802928       62.85117123        1.22700364       -0.05873271        2.84000000        1.01804270
    46.31054434       62.92055464        1.22871437       -0.06122140        2.84000000        1.01589446
    46.34287858       62.98993805        1.23042203       -0.06371965        2.84000000        1.01374864
    46.37503088       63.05932146        1.23212660       -0.06622751        2.84000000        1.01160524
    46.40700010       63.12870487        1.23382806       -0.06874504        2.84000000        1.00946426
    46.43878509       63.19808828        1.23552642       -0.07127227        2.84000000        1.00732571
    46.47038472       63.26747169        1.23722165       -0.07380926        2.84000000        1.00518959
    46.50179780       63.33685510        1.23891375       -0.07635606        2.84000000        1.00305590
    46.53302317       63.40623851        1.24060271       -0.07891273        2.84000000        1.00092465
    46.56405965       63.47562192        1.24228852       -0.08147931        2.84000000        0.99879584
    46.59490603       63.54500533        1.24397116       -0.08405584        2.84000000        0.99666948
    46.62556111       63.61438874        1.24565063       -0.08664240        2.84000000        0.99454556
    46.65602368       63.68377215        1.24732691       -0.08923901        2.84000000        0.99242410
    46.68629251       63.75315556        1.24899999       -0.09184575        2.84000000        0.99030510
    46.71636636       63.82253897        1.25066987       -0.09446266        2.84000000        0.98818857
    46.74624399       63.89192238        1.25233653       -0.09708978        2.84000000        0.98607450
    46.77592413       63.96130579        1.25399997       -0.09972718        2.84000000        0.98396290
    46.80540552       64.03068919        1.25566016       -0.10237491        2.84000000        0.98185377
    46.83468687       64.10007260        1.25731711       -0.10503302        2.84000000        0.97974713
    46.86376690       64.16945601        1.25897080       -0.10770156        2.84000000        0.97764297
    46.89264429       64.23883942        1.26062122       -0.11038060        2.84000000        0.97554130
    46.92131773       64.30822283        1.26226836       -0.11307017        2.84000000        0.97344213
    46.94978591       64.37760624        1.26391220       -0.11577034        2.84000000        0.97134545
    46.97804746       64.44698965        1.26555275       -0.11848116        2.84000000        0.96925128
    47.00610105       64.51637306        1.26718998       -0.12120268        2.84000000        0.96715961
    47.03394532       64.58575647        1.26882389       -0.12393496        2.84000000        0.96507046
    47.06157888       64.65513988        1.27045447       -0.12667806        2.84000000        0.96298383
    47.08900035       64.72452329        1.27208170       -0.12943203        2.84000000        0.96089972
    47.11620834       64.79390670        1.27370558       -0.13219693        2.84000000        0.95881814
    47.14320142       64.86329011        1.27532610       -0.13497281        2.84000000        0.95673909
    47.16997817       64.93267352        1.27694324       -0.13775973        2.84000000        0.95466258
    47.19653717       65.00205693        1.27855700       -0.14055774        2.84000000        0.95258861
    47.22287694       65.07144034        1.28016736       -0.14336691        2.84000000        0.95051719
    47.24899605       65.14082375        1.28177431       -0.14618729        2.84000000        0.94844833
    47.27489299       65.21020716        1.28337785       -0.14901893        2.84000000        0.94638202
    47.30056630       65.27959057        1.28497796       -0.15186190        2.84000000        0.94431828
    47.32601446       65.34897398        1.28657463       -0.15471625        2.84000000        0.94225712
    47.35123596       65.41835739        1.28816786       -0.15758204        2.84000000        0.94019852
    47.37622926       65.48774080        1.28975762       -0.16045934        2.84000000        0.93814251
    47.40099283       65.55712421        1.29134392       -0.16334818        2.84000000        0.93608909
    47.42552510       65.62650762        1.29292674       -0.16624865        2.84000000        0.93403826
    47.44982451       65.69589103        1.29450607       -0.16916079        2.84000000        0.93199004
    47.47388946       65.76527444        1.29608190       -0.17208467        2.84000000        0.92994441
    47.49771836       65.83465784        1.29765422       -0.17502035        2.84000000        0.92790140
    47.52130959       65.90404125        1.29922302       -0.17796787        2.84000000        0.92586101
    47.54466151       65.97342466        1.30078828       -0.18092732        2.84000000        0.92382324
    47.56777250       66.04280807        1.30235001       -0.18389874        2.84000000        0.92178809
    47.59064088       66.11219148        1.30390819       -0.18688219        2.84000000        0.91975559
    47.61326498       66.18157489        1.30546280       -0.18987774        2.84000000        0.91772573
    47.63564312       66.25095830        1.30701384       -0.19288546        2.84000000        0.91569852
    47.65777357       66.32034171        1.30856130       -0.19590539        2.84000000        0.91367396
    47.67965463       66.38972512        1.31010516       -0.19893760        2.84000000        0.91165206
    47.70128456       66.45910853        1.31164543       -0.20198215        2.84000000        0.90963284
    47.72266161       66.52849194        1.31318207       -0.20503911        2.84000000        0.90761629
    47.74378399       66.59787535        1.31471510       -0.20810854        2.84000000        0.90560242
    47.76464994       66.66725876        1.31624449       -0.21119050        2.84000000        0.90359124
    47.78525765       66.73664217        1.31777024       -0.21428505        2.84000000        0.90158276
    47.80560529       66.80602558        1.31929233       -0.21739225        2.84000000        0.89957698
    47.82569104       66.87540899        1.32081075       -0.22051218        2.84000000        0.89757391
    47.84551304       66.94479240        1.32232550       -0.22364488        2.84000000        0.89557356
    47.86506943       67.01417581        1.32383657       -0.22679044        2.84000000        0.89357593
    47.88435831       67.08355922        1.32534394       -0.22994890        2.84000000        0.89158104
    47.90337778       67.15294263        1.32684760       -0.23312033        2.84000000        0.88958888
    47.92212592       67.22232604        1.32834754       -0.23630481        2.84000000        0.88759947
    47.94060080       67.29170945        1.32984376       -0.23950238        2.84000000        0.88561282
    47.95880045       67.36109286        1.33133624       -0.24271312        2.84000000        0.88362893
    47.97672289       67.43047627        1.33282498       -0.24593709        2.84000000        0.88164781
    47.99436614       67.49985968        1.33430995       -0.24917436        2.84000000        0.87966946
    48.01172818       67.56924309        1.33579116       -0.25242499        2.84000000        0.87769390
    48.02880698       67.63862649        1.33726859       -0.25568904        2.84000000        0.87572114
    48.04560048       67.70800990        1.33874223       -0.25896659        2.84000000        0.87375118
    48.06210663       67.77739331        1.34021208       -0.26225769        2.84000000        0.87178403
    48.07832332       67.84677672        1.34167811       -0.26556242        2.84000000        0.86981969
    48.09424846       67.91616013        1.34314032       -0.26888083        2.84000000        0.86785819
    48.10987991       67.98554354        1.34459871       -0.27221300        2.84000000        0.86589951
    48.12521551       68.05492695        1.34605325       -0.27555899        2.84000000        0.86394368
    48.14025312       68.12431036        1.34750394       -0.27891887        2.84000000        0.86199071
    48.15499052       68.19369377        1.34895078       -0.28229270        2.84000000        0.86004059
    48.16942553       68.26307718        1.35039374       -0.28568055        2.84000000        0.85809335
    48.18355589       68.33246059        1.35183282       -0.28908249        2.84000000        0.85614898
    48.19737937       68.40184400        1.35326801       -0.29249858        2.84000000        0.85420750
    48.21089368       68.47122741        1.35469930       -0.29592889        2.84000000        0.85226891
    48.22409654       68.54061082        1.35612667       -0.29937349        2.84000000        0.85033323
    48.23698562       68.60999423        1.35755012       -0.30283243        2.84000000        0.84840047
    48.24955860       68.67937764        1.35896965       -0.30630580        2.84000000        0.84647063
    48.26181310       68.74876105        1.36038522       -0.30979366        2.84000000        0.84454372
    48.27374674       68.81814446        1.36179685       -0.31329607        2.84000000        0.84261976
    48.28535712       68.88752787        1.36320451       -0.31681311        2.84000000        0.84069875
    48.29664181       68.95691128        1.36460819       -0.32034483        2.84000000        0.83878070
    48.30759835       69.02629469        1.36600790       -0.32389131        2.84000000        0.83686563
    48.31822428       69.09567810        1.36740360       -0.32745261        2.84000000        0.83495353
    48.32851708       69.16506151        1.36879530       -0.33102880        2.84000000        0.83304443
    48.33847424       69.23444492        1.37018299       -0.33461995        2.84000000        0.83113833
    48.34809322       69.30382833        1.37156665       -0.33822613        2.84000000        0.82923524
    48.35737143       69.37321174        1.37294628       -0.34184739        2.84000000        0.82733518
    48.36630628       69.44259514        1.37432185       -0.34548382        2.84000000        0.82543815
    48.37489515       69.51197855        1.37569338       -0.34913547        2.84000000        0.82354416
    48.38313540       69.58136196        1.37706083       -0.35280241        2.84000000        0.82165323
    48.39102434       69.65074537        1.37842421       -0.35648471        2.84000000        0.81976536
    48.39855929       69.72012878        1.37978349       -0.36018244        2.84000000        0.81788057
    48.40573752       69.78951219        1.38113868       -0.36389566        2.84000000        0.81599886
    48.41255627       69.85889560        1.38248976       -0.36762445        2.84000000        0.81412025
    48.41901277       69.92827901        1.38383672       -0.37136885        2.84000000        0.81224475
    48.42510422       69.99766242        1.38517955       -0.37512895        2.84000000        0.81037237
    48.43082779       70.06704583        1.38651824       -0.37890481        2.84000000        0.80850312
    48.43618061       70.13642924        1.38785278       -0.38269649        2.84000000        0.80663702
    48.44115980       70.20581265        1.38918316       -0.38650406        2.84000000        0.80477406
    48.44576245       70.27519606        1.39050936       -0.39032758        2.84000000        0.80291428
    48.44998561       70.34457947        1.39183138       -0.39416713        2.84000000        0.80105767
    48.45382631       70.41396288        1.39314921       -0.39802276        2.84000000        0.79920426
    48.45728155       70.48334629        1.39446283       -0.40189454        2.84000000        0.79735404
    48.46034830       70.55272970        1.39577224       -0.40578253        2.84000000        0.79550704
    48.46302351       70.62211311        1.39707743       -0.40968680        2.84000000        0.79366326
    48.46530407       70.69149652        1.39837838       -0.41360742        2.84000000        0.79182273
    48.46718689       70.76087993        1.39967508       -0.41754443        2.84000000        0.78998544
    48.46866879       70.83026334        1.40096752       -0.42149792        2.84000000        0.78815142
    48.46974661       70.89964675        1.40225570       -0.42546794        2.84000000        0.78632067
    48.47041714       70.96903016        1.40353960       -0.42945455        2.84000000        0.78449322
    48.47067712       71.03841357        1.40481921       -0.43345781        2.84000000        0.78266906
