#  Theta paroi en deg Angle Choc en deg       Kp           Inverse Mach       Mach amont       Mach aval
     0.00000000       14.11698057        0.00000000        0.75609756        4.10000000
     1.30871887       14.11925706        0.00278038        0.75463585        4.10000000        4.09971991
     1.58402648       14.12244228        0.00381747        0.75409927        4.10000000        4.09932813
     1.87790640       14.12835366        0.00505346        0.75346570        4.10000000        4.09860140
     2.19436653       14.13880865        0.00652208        0.75272104        4.10000000        4.09731729
     2.52196451       14.15562470        0.00818308        0.75188923        4.10000000        4.09525506
     2.85427910       14.18061926        0.01000634        0.75098844        4.10000000        4.09219702
     3.18936980       14.21560976        0.01197983        0.75002743        4.10000000        4.08793027
     3.52761063       14.26241366        0.01410464        0.74900839        4.10000000        4.08224868
     3.87042209       14.32284839        0.01639072        0.74792941        4.10000000        4.07495517
     4.21966263       14.39873141        0.01885420        0.74678601        4.10000000        4.06586407
     4.51537163       14.47461443        0.02104478        0.74578534        4.10000000        4.05684547
     4.77636444       14.55049745        0.02305725        0.74487876        4.10000000        4.04789745
     5.01279215       14.62638047        0.02494396        0.74403944        4.10000000        4.03901816
     5.23080728       14.70226349        0.02673720        0.74325083        4.10000000        4.03020583
     5.43444366       14.77814651        0.02845840        0.74250194        4.10000000        4.02145871
     5.62650075       14.85402953        0.03012261        0.74178504        4.10000000        4.01277514
     5.80900710       14.92991255        0.03174081        0.74109449        4.10000000        4.00415349
     5.98348340       15.00579557        0.03332130        0.74042601        4.10000000        3.99559222
     6.15110124       15.08167859        0.03487049        0.73977629        4.10000000        3.98708979
     6.31278396       15.15756161        0.03639347        0.73914270        4.10000000        3.97864475
     6.46927315       15.23344463        0.03789433        0.73852312        4.10000000        3.97025567
     6.62117414       15.30932765        0.03937641        0.73791579        4.10000000        3.96192118
     6.76898796       15.38521066        0.04084249        0.73731927        4.10000000        3.95363995
     6.91313436       15.46109368        0.04229489        0.73673234        4.10000000        3.94541070
     7.05396881       15.53697670        0.04373558        0.73615395        4.10000000        3.93723217
     7.19179516       15.61285972        0.04516624        0.73558321        4.10000000        3.92910315
     7.32687533       15.68874274        0.04658833        0.73501936        4.10000000        3.92102246
     7.45943684       15.76462576        0.04800309        0.73446171        4.10000000        3.91298899
     7.58967868       15.84050878        0.04941162        0.73390967        4.10000000        3.90500162
     7.71777597       15.91639180        0.05081489        0.73336273        4.10000000        3.89705928
     7.84388365       15.99227482        0.05221374        0.73282041        4.10000000        3.88916094
     7.96813959       16.06815784        0.05360892        0.73228231        4.10000000        3.88130560
     8.09066705       16.14404086        0.05500111        0.73174806        4.10000000        3.87349228
     8.21157664       16.21992388        0.05639089        0.73121731        4.10000000        3.86572004
     8.33096809       16.29580690        0.05777882        0.73068976        4.10000000        3.85798797
     8.44893166       16.37168992        0.05916537        0.73016515        4.10000000        3.85029517
     8.56554926       16.44757294        0.06055097        0.72964321        4.10000000        3.84264078
     8.68089559       16.52345596        0.06193603        0.72912373        4.10000000        3.83502397
     8.79503882       16.59933898        0.06332090        0.72860648        4.10000000        3.82744392
     8.90804148       16.67522199        0.06470591        0.72809129        4.10000000        3.81989985
     9.01996102       16.75110501        0.06609136        0.72757797        4.10000000        3.81239098
     9.13085036       16.82698803        0.06747751        0.72706635        4.10000000        3.80491659
     9.24075838       16.90287105        0.06886463        0.72655629        4.10000000        3.79747594
     9.34973029       16.97875407        0.07025293        0.72604765        4.10000000        3.79006834
     9.45780808       17.05463709        0.07164264        0.72554029        4.10000000        3.78269310
     9.56503073       17.13052011        0.07303393        0.72503408        4.10000000        3.77534957
     9.67143453       17.20640313        0.07442700        0.72452893        4.10000000        3.76803710
     9.77705339       17.28228615        0.07582201        0.72402471        4.10000000        3.76075508
     9.88191894       17.35816917        0.07721911        0.72352134        4.10000000        3.75350288
     9.98606081       17.43405219        0.07861845        0.72301871        4.10000000        3.74627994
    10.08950682       17.50993521        0.08002015        0.72251674        4.10000000        3.73908566
    10.19228303       17.58581823        0.08142434        0.72201534        4.10000000        3.73191951
    10.29441397       17.66170125        0.08283113        0.72151444        4.10000000        3.72478093
    10.39592275       17.73758427        0.08424062        0.72101396        4.10000000        3.71766941
    10.49683114       17.81346729        0.08565293        0.72051383        4.10000000        3.71058443
    10.59715971       17.88935031        0.08706813        0.72001398        4.10000000        3.70352550
    10.69692789       17.96523333        0.08848631        0.71951436        4.10000000        3.69649214
    10.79615407       18.04111634        0.08990755        0.71901491        4.10000000        3.68948387
    10.89485569       18.11699936        0.09133193        0.71851556        4.10000000        3.68250024
    10.99304926       18.19288238        0.09275952        0.71801626        4.10000000        3.67554081
    11.09075047       18.26876540        0.09419037        0.71751697        4.10000000        3.66860514
    11.18797423       18.34464842        0.09562456        0.71701763        4.10000000        3.66169282
    11.28473472       18.42053144        0.09706214        0.71651819        4.10000000        3.65480344
    11.38104545       18.49641446        0.09850316        0.71601862        4.10000000        3.64793660
    11.47691928       18.57229748        0.09994767        0.71551887        4.10000000        3.64109191
    11.57236848       18.64818050        0.10139572        0.71501890        4.10000000        3.63426901
    11.66740478       18.72406352        0.10284735        0.71451867        4.10000000        3.62746752
    11.76203935       18.79994654        0.10430261        0.71401814        4.10000000        3.62068709
    11.85628293       18.87582956        0.10576152        0.71351728        4.10000000        3.61392737
    11.95014572       18.95171258        0.10722413        0.71301606        4.10000000        3.60718803
    12.04363754       19.02759560        0.10869048        0.71251443        4.10000000        3.60046874
    12.13676779       19.10347862        0.11016058        0.71201238        4.10000000        3.59376918
    12.22954547       19.17936164        0.11163447        0.71150987        4.10000000        3.58708904
    12.32197923       19.25524466        0.11311218        0.71100686        4.10000000        3.58042802
    12.41407736       19.33112767        0.11459374        0.71050334        4.10000000        3.57378582
    12.50584784       19.40701069        0.11607916        0.70999928        4.10000000        3.56716216
    12.59729834       19.48289371        0.11756847        0.70949464        4.10000000        3.56055676
    12.68843621       19.55877673        0.11906170        0.70898941        4.10000000        3.55396935
    12.77926855       19.63465975        0.12055885        0.70848357        4.10000000        3.54739966
    12.86980220       19.71054277        0.12205995        0.70797707        4.10000000        3.54084744
    12.96004373       19.78642579        0.12356501        0.70746992        4.10000000        3.53431243
    13.04999950       19.86230881        0.12507406        0.70696207        4.10000000        3.52779440
    13.13967561       19.93819183        0.12658709        0.70645352        4.10000000        3.52129310
    13.22907796       20.01407485        0.12810414        0.70594424        4.10000000        3.51480830
    13.31821227       20.08995787        0.12962521        0.70543421        4.10000000        3.50833979
    13.40708403       20.16584089        0.13115030        0.70492342        4.10000000        3.50188733
    13.49569855       20.24172391        0.13267944        0.70441184        4.10000000        3.49545072
    13.58406100       20.31760693        0.13421263        0.70389945        4.10000000        3.48902975
    13.67217632       20.39348995        0.13574988        0.70338625        4.10000000        3.48262421
    13.76004934       20.46937297        0.13729119        0.70287220        4.10000000        3.47623391
    13.84768470       20.54525599        0.13883658        0.70235731        4.10000000        3.46985865
    13.93508691       20.62113901        0.14038605        0.70184154        4.10000000        3.46349825
    14.02226035       20.69702202        0.14193961        0.70132489        4.10000000        3.45715253
    14.10920925       20.77290504        0.14349726        0.70080734        4.10000000        3.45082130
    14.19593769       20.84878806        0.14505900        0.70028887        4.10000000        3.44450439
    14.28244968       20.92467108        0.14662484        0.69976948        4.10000000        3.43820164
    14.36874905       21.00055410        0.14819479        0.69924914        4.10000000        3.43191288
    14.45483956       21.07643712        0.14976884        0.69872784        4.10000000        3.42563795
    14.54072484       21.15232014        0.15134699        0.69820558        4.10000000        3.41937669
    14.62640841       21.22820316        0.15292926        0.69768233        4.10000000        3.41312895
    14.71189372       21.30408618        0.15451563        0.69715809        4.10000000        3.40689458
    14.79718408       21.37996920        0.15610612        0.69663284        4.10000000        3.40067345
    14.88228274       21.45585222        0.15770071        0.69610658        4.10000000        3.39446539
    14.96719285       21.53173524        0.15929942        0.69557928        4.10000000        3.38827029
    15.05191745       21.60761826        0.16090223        0.69505095        4.10000000        3.38208800
    15.13645954       21.68350128        0.16250916        0.69452156        4.10000000        3.37591839
    15.22082201       21.75938430        0.16412019        0.69399111        4.10000000        3.36976134
    15.30500768       21.83526732        0.16573532        0.69345958        4.10000000        3.36361672
    15.38901930       21.91115034        0.16735456        0.69292697        4.10000000        3.35748441
    15.47285953       21.98703335        0.16897790        0.69239327        4.10000000        3.35136429
    15.55653100       22.06291637        0.17060534        0.69185846        4.10000000        3.34525625
    15.64003622       22.13879939        0.17223687        0.69132254        4.10000000        3.33916018
    15.72337767       22.21468241        0.17387249        0.69078550        4.10000000        3.33307596
    15.80655777       22.29056543        0.17551220        0.69024733        4.10000000        3.32700349
    15.88957887       22.36644845        0.17715600        0.68970801        4.10000000        3.32094267
    15.97244325       22.44233147        0.17880387        0.68916755        4.10000000        3.31489338
    16.05515315       22.51821449        0.18045582        0.68862593        4.10000000        3.30885554
    16.13771077       22.59409751        0.18211183        0.68808314        4.10000000        3.30282905
    16.22011821       22.66998053        0.18377192        0.68753917        4.10000000        3.29681381
    16.30237757       22.74586355        0.18543606        0.68699402        4.10000000        3.29080974
    16.38449086       22.82174657        0.18710426        0.68644768        4.10000000        3.28481673
    16.46646007       22.89762959        0.18877650        0.68590014        4.10000000        3.27883471
    16.54828713       22.97351261        0.19045279        0.68535140        4.10000000        3.27286358
    16.62997394       23.04939563        0.19213311        0.68480143        4.10000000        3.26690327
    16.71152234       23.12527865        0.19381747        0.68425025        4.10000000        3.26095370
    16.79293412       23.20116167        0.19550585        0.68369784        4.10000000        3.25501478
    16.87421107       23.27704469        0.19719824        0.68314419        4.10000000        3.24908643
    16.95535489       23.35292770        0.19889465        0.68258929        4.10000000        3.24316859
    17.03636727       23.42881072        0.20059505        0.68203315        4.10000000        3.23726117
    17.11724987       23.50469374        0.20229946        0.68147574        4.10000000        3.23136411
    17.19800428       23.58057676        0.20400785        0.68091707        4.10000000        3.22547734
    17.27863209       23.65645978        0.20572023        0.68035713        4.10000000        3.21960078
    17.35913485       23.73234280        0.20743657        0.67979591        4.10000000        3.21373437
    17.43951405       23.80822582        0.20915689        0.67923341        4.10000000        3.20787805
    17.51977117       23.88410884        0.21088116        0.67866962        4.10000000        3.20203175
    17.59990766       23.95999186        0.21260938        0.67810452        4.10000000        3.19619541
    17.67992494       24.03587488        0.21434154        0.67753813        4.10000000        3.19036896
    17.75982439       24.11175790        0.21607763        0.67697042        4.10000000        3.18455235
    17.83960736       24.18764092        0.21781765        0.67640140        4.10000000        3.17874553
    17.91927519       24.26352394        0.21956158        0.67583105        4.10000000        3.17294842
    17.99882917       24.33940696        0.22130942        0.67525938        4.10000000        3.16716099
    18.07827057       24.41528998        0.22306116        0.67468637        4.10000000        3.16138317
    18.15760066       24.49117300        0.22481679        0.67411202        4.10000000        3.15561491
    18.23682064       24.56705602        0.22657630        0.67353633        4.10000000        3.14985616
    18.31593171       24.64293903        0.22833968        0.67295929        4.10000000        3.14410687
    18.39493506       24.71882205        0.23010692        0.67238088        4.10000000        3.13836699
    18.47383183       24.79470507        0.23187801        0.67180112        4.10000000        3.13263648
    18.55262315       24.87058809        0.23365294        0.67121999        4.10000000        3.12691528
    18.63131014       24.94647111        0.23543171        0.67063748        4.10000000        3.12120335
    18.70989386       25.02235413        0.23721429        0.67005359        4.10000000        3.11550064
    18.78837539       25.09823715        0.23900070        0.66946832        4.10000000        3.10980712
    18.86675577       25.17412017        0.24079090        0.66888166        4.10000000        3.10412273
    18.94503602       25.25000319        0.24258490        0.66829360        4.10000000        3.09844744
    19.02321715       25.32588621        0.24438268        0.66770415        4.10000000        3.09278120
    19.10130014       25.40176923        0.24618423        0.66711329        4.10000000        3.08712398
    19.17928595       25.47765225        0.24798955        0.66652101        4.10000000        3.08147573
    19.25717554       25.55353527        0.24979861        0.66592732        4.10000000        3.07583642
    19.33496984       25.62941829        0.25161142        0.66533221        4.10000000        3.07020601
    19.41266975       25.70530131        0.25342796        0.66473567        4.10000000        3.06458446
    19.49027616       25.78118433        0.25524822        0.66413771        4.10000000        3.05897174
    19.56778998       25.85706735        0.25707219        0.66353830        4.10000000        3.05336781
    19.64521205       25.93295037        0.25889986        0.66293746        4.10000000        3.04777264
    19.72254322       26.00883338        0.26073122        0.66233516        4.10000000        3.04218619
    19.79978432       26.08471640        0.26256625        0.66173142        4.10000000        3.03660843
    19.87693618       26.16059942        0.26440495        0.66112622        4.10000000        3.03103933
    19.95399958       26.23648244        0.26624731        0.66051956        4.10000000        3.02547886
    20.03097533       26.31236546        0.26809331        0.65991144        4.10000000        3.01992698
    20.10786418       26.38824848        0.26994294        0.65930184        4.10000000        3.01438367
    20.18466691       26.46413150        0.27179619        0.65869077        4.10000000        3.00884890
    20.26138426       26.54001452        0.27365305        0.65807822        4.10000000        3.00332263
    20.33801695       26.61589754        0.27551351        0.65746418        4.10000000        2.99780484
    20.41456572       26.69178056        0.27737756        0.65684865        4.10000000        2.99229550
    20.49103126       26.76766358        0.27924519        0.65623163        4.10000000        2.98679458
    20.56741428       26.84354660        0.28111637        0.65561311        4.10000000        2.98130206
    20.64371545       26.91942962        0.28299112        0.65499309        4.10000000        2.97581791
    20.71993545       26.99531264        0.28486940        0.65437156        4.10000000        2.97034210
    20.79607492       27.07119566        0.28675121        0.65374851        4.10000000        2.96487461
    20.87213453       27.14707868        0.28863653        0.65312395        4.10000000        2.95941541
    20.94811491       27.22296170        0.29052537        0.65249787        4.10000000        2.95396448
    21.02401668       27.29884471        0.29241769        0.65187025        4.10000000        2.94852180
    21.09984046       27.37472773        0.29431350        0.65124111        4.10000000        2.94308734
    21.17558685       27.45061075        0.29621278        0.65061043        4.10000000        2.93766108
    21.25125645       27.52649377        0.29811551        0.64997821        4.10000000        2.93224300
    21.32684984       27.60237679        0.30002169        0.64934444        4.10000000        2.92683306
    21.40236758       27.67825981        0.30193131        0.64870912        4.10000000        2.92143126
    21.47781026       27.75414283        0.30384434        0.64807225        4.10000000        2.91603758
    21.55317842       27.83002585        0.30576078        0.64743382        4.10000000        2.91065198
    21.62847260       27.90590887        0.30768062        0.64679383        4.10000000        2.90527445
    21.70369334       27.98179189        0.30960384        0.64615226        4.10000000        2.89990496
    21.77884118       28.05767491        0.31153043        0.64550913        4.10000000        2.89454351
    21.85391662       28.13355793        0.31346039        0.64486441        4.10000000        2.88919006
    21.92892018       28.20944095        0.31539368        0.64421812        4.10000000        2.88384461
    22.00385235       28.28532397        0.31733032        0.64357024        4.10000000        2.87850712
    22.07871364       28.36120699        0.31927027        0.64292076        4.10000000        2.87317759
    22.15350451       28.43709001        0.32121353        0.64226969        4.10000000        2.86785598
    22.22822546       28.51297303        0.32316009        0.64161702        4.10000000        2.86254230
    22.30287694       28.58885605        0.32510993        0.64096274        4.10000000        2.85723651
    22.37745943       28.66473906        0.32706304        0.64030686        4.10000000        2.85193860
    22.45197337       28.74062208        0.32901941        0.63964936        4.10000000        2.84664855
    22.52641920       28.81650510        0.33097902        0.63899024        4.10000000        2.84136634
    22.60079737       28.89238812        0.33294187        0.63832949        4.10000000        2.83609197
    22.67510831       28.96827114        0.33490793        0.63766712        4.10000000        2.83082540
    22.74935243       29.04415416        0.33687720        0.63700312        4.10000000        2.82556663
    22.82353016       29.12003718        0.33884966        0.63633748        4.10000000        2.82031564
    22.89764191       29.19592020        0.34082531        0.63567019        4.10000000        2.81507241
    22.97168807       29.27180322        0.34280412        0.63500126        4.10000000        2.80983693
    23.04566904       29.34768624        0.34478608        0.63433068        4.10000000        2.80460918
    23.11958523       29.42356926        0.34677118        0.63365844        4.10000000        2.79938914
    23.19343700       29.49945228        0.34875941        0.63298454        4.10000000        2.79417681
    23.26722474       29.57533530        0.35075076        0.63230898        4.10000000        2.78897216
    23.34094881       29.65121832        0.35274520        0.63163174        4.10000000        2.78377518
    23.41460958       29.72710134        0.35474274        0.63095283        4.10000000        2.77858586
    23.48820741       29.80298436        0.35674334        0.63027224        4.10000000        2.77340418
    23.56174265       29.87886738        0.35874701        0.62958997        4.10000000        2.76823012
    23.63521566       29.95475039        0.36075372        0.62890600        4.10000000        2.76306369
    23.70862675       30.03063341        0.36276347        0.62822034        4.10000000        2.75790485
    23.78197630       30.10651643        0.36477624        0.62753299        4.10000000        2.75275359
    23.85526459       30.18239945        0.36679202        0.62684393        4.10000000        2.74760991
    23.92849199       30.25828247        0.36881079        0.62615316        4.10000000        2.74247378
    24.00165879       30.33416549        0.37083253        0.62546068        4.10000000        2.73734521
    24.07476531       30.41004851        0.37285725        0.62476648        4.10000000        2.73222416
    24.14781186       30.48593153        0.37488492        0.62407056        4.10000000        2.72711063
    24.22079875       30.56181455        0.37691552        0.62337291        4.10000000        2.72200460
    24.29372628       30.63769757        0.37894905        0.62267353        4.10000000        2.71690607
    24.36659472       30.71358059        0.38098550        0.62197241        4.10000000        2.71181502
    24.43940439       30.78946361        0.38302484        0.62126954        4.10000000        2.70673144
    24.51215555       30.86534663        0.38506706        0.62056493        4.10000000        2.70165530
    24.58484849       30.94122965        0.38711215        0.61985857        4.10000000        2.69658661
    24.65748349       31.01711267        0.38916010        0.61915045        4.10000000        2.69152535
    24.73006079       31.09299569        0.39121090        0.61844057        4.10000000        2.68647151
    24.80258069       31.16887871        0.39326452        0.61772892        4.10000000        2.68142507
    24.87504344       31.24476173        0.39532095        0.61701550        4.10000000        2.67638602
    24.94744928       31.32064474        0.39738019        0.61630030        4.10000000        2.67135436
    25.01979849       31.39652776        0.39944221        0.61558332        4.10000000        2.66633006
    25.09209129       31.47241078        0.40150700        0.61486455        4.10000000        2.66131312
    25.16432793       31.54829380        0.40357456        0.61414398        4.10000000        2.65630352
    25.23650866       31.62417682        0.40564485        0.61342162        4.10000000        2.65130126
    25.30863371       31.70005984        0.40771788        0.61269746        4.10000000        2.64630631
    25.38070330       31.77594286        0.40979362        0.61197149        4.10000000        2.64131868
    25.45271766       31.85182588        0.41187207        0.61124370        4.10000000        2.63633835
    25.52467703       31.92770890        0.41395320        0.61051410        4.10000000        2.63136530
    25.59658161       32.00359192        0.41603701        0.60978267        4.10000000        2.62639952
    25.66843162       32.07947494        0.41812347        0.60904941        4.10000000        2.62144101
    25.74022727       32.15535796        0.42021258        0.60831432        4.10000000        2.61648975
    25.81196878       32.23124098        0.42230433        0.60757738        4.10000000        2.61154573
    25.88365633       32.30712400        0.42439868        0.60683861        4.10000000        2.60660895
    25.95529013       32.38300702        0.42649564        0.60609798        4.10000000        2.60167938
    26.02687038       32.45889004        0.42859519        0.60535549        4.10000000        2.59675701
    26.09839728       32.53477306        0.43069731        0.60461114        4.10000000        2.59184185
    26.16987100       32.61065607        0.43280199        0.60386493        4.10000000        2.58693387
    26.24129173       32.68653909        0.43490922        0.60311684        4.10000000        2.58203306
    26.31265966       32.76242211        0.43701897        0.60236688        4.10000000        2.57713942
    26.38397497       32.83830513        0.43913124        0.60161503        4.10000000        2.57225292
    26.45523782       32.91418815        0.44124602        0.60086129        4.10000000        2.56737357
    26.52644840       32.99007117        0.44336327        0.60010566        4.10000000        2.56250135
    26.59760687       33.06595419        0.44548300        0.59934812        4.10000000        2.55763625
    26.66871340       33.14183721        0.44760519        0.59858868        4.10000000        2.55277826
    26.73976814       33.21772023        0.44972982        0.59782733        4.10000000        2.54792736
    26.81077126       33.29360325        0.45185688        0.59706406        4.10000000        2.54308355
    26.88172291       33.36948627        0.45398635        0.59629887        4.10000000        2.53824682
    26.95262325       33.44536929        0.45611822        0.59553174        4.10000000        2.53341715
    27.02347242       33.52125231        0.45825248        0.59476268        4.10000000        2.52859454
    27.09427057       33.59713533        0.46038910        0.59399169        4.10000000        2.52377897
    27.16501785       33.67301835        0.46252808        0.59321874        4.10000000        2.51897044
    27.23571440       33.74890137        0.46466940        0.59244384        4.10000000        2.51416893
    27.30636034       33.82478439        0.46681305        0.59166698        4.10000000        2.50937443
    27.37695583       33.90066741        0.46895901        0.59088816        4.10000000        2.50458693
    27.44750097       33.97655042        0.47110726        0.59010737        4.10000000        2.49980642
    27.51799593       34.05243344        0.47325779        0.58932460        4.10000000        2.49503289
    27.58844080       34.12831646        0.47541059        0.58853985        4.10000000        2.49026633
    27.65883573       34.20419948        0.47756564        0.58775311        4.10000000        2.48550673
    27.72918081       34.28008250        0.47972293        0.58696437        4.10000000        2.48075408
    27.79947619       34.35596552        0.48188243        0.58617363        4.10000000        2.47600836
    27.86972197       34.43184854        0.48404415        0.58538089        4.10000000        2.47126958
    27.93991826       34.50773156        0.48620805        0.58458613        4.10000000        2.46653771
    28.01006517       34.58361458        0.48837414        0.58378935        4.10000000        2.46181274
    28.08016282       34.65949760        0.49054238        0.58299054        4.10000000        2.45709467
    28.15021130       34.73538062        0.49271277        0.58218970        4.10000000        2.45238349
    28.22021071       34.81126364        0.49488529        0.58138683        4.10000000        2.44767918
    28.29016116       34.88714666        0.49705993        0.58058190        4.10000000        2.44298173
    28.36006275       34.96302968        0.49923667        0.57977493        4.10000000        2.43829114
    28.42991556       35.03891270        0.50141550        0.57896590        4.10000000        2.43360739
    28.49971969       35.11479572        0.50359640        0.57815480        4.10000000        2.42893047
    28.56947524       35.19067874        0.50577935        0.57734163        4.10000000        2.42426038
    28.63918227       35.26656175        0.50796435        0.57652638        4.10000000        2.41959710
    28.70884089       35.34244477        0.51015137        0.57570905        4.10000000        2.41494061
    28.77845117       35.41832779        0.51234040        0.57488962        4.10000000        2.41029092
    28.84801319       35.49421081        0.51453143        0.57406810        4.10000000        2.40564801
    28.91752703       35.57009383        0.51672444        0.57324447        4.10000000        2.40101186
    28.98699276       35.64597685        0.51891942        0.57241873        4.10000000        2.39638248
    29.05641047       35.72185987        0.52111634        0.57159087        4.10000000        2.39175984
    29.12578021       35.79774289        0.52331520        0.57076089        4.10000000        2.38714394
    29.19510206       35.87362591        0.52551598        0.56992877        4.10000000        2.38253477
    29.26437608       35.94950893        0.52771866        0.56909452        4.10000000        2.37793231
    29.33360233       36.02539195        0.52992323        0.56825812        4.10000000        2.37333656
    29.40278088       36.10127497        0.53212968        0.56741956        4.10000000        2.36874751
    29.47191179       36.17715799        0.53433798        0.56657884        4.10000000        2.36416514
    29.54099511       36.25304101        0.53654813        0.56573596        4.10000000        2.35958944
    29.61003090       36.32892403        0.53876010        0.56489090        4.10000000        2.35502041
    29.67901921       36.40480705        0.54097389        0.56404366        4.10000000        2.35045803
    29.74796009       36.48069007        0.54318947        0.56319423        4.10000000        2.34590230
    29.81685360       36.55657309        0.54540683        0.56234260        4.10000000        2.34135319
    29.88569976       36.63245610        0.54762596        0.56148877        4.10000000        2.33681071
    29.95449864       36.70833912        0.54984684        0.56063272        4.10000000        2.33227484
    30.02325027       36.78422214        0.55206946        0.55977446        4.10000000        2.32774557
    30.09195470       36.86010516        0.55429380        0.55891397        4.10000000        2.32322289
    30.16061195       36.93598818        0.55651984        0.55805125        4.10000000        2.31870679
    30.22922207       37.01187120        0.55874757        0.55718628        4.10000000        2.31419725
    30.29778509       37.08775422        0.56097697        0.55631907        4.10000000        2.30969428
    30.36630105       37.16363724        0.56320803        0.55544960        4.10000000        2.30519785
    30.43476997       37.23952026        0.56544073        0.55457787        4.10000000        2.30070796
    30.50319187       37.31540328        0.56767506        0.55370386        4.10000000        2.29622459
    30.57156679       37.39128630        0.56991100        0.55282757        4.10000000        2.29174774
    30.63989476       37.46716932        0.57214853        0.55194900        4.10000000        2.28727739
    30.70817578       37.54305234        0.57438765        0.55106813        4.10000000        2.28281354
    30.77640989       37.61893536        0.57662833        0.55018495        4.10000000        2.27835617
    30.84459710       37.69481838        0.57887056        0.54929947        4.10000000        2.27390528
    30.91273742       37.77070140        0.58111432        0.54841166        4.10000000        2.26946084
    30.98083087       37.84658442        0.58335959        0.54752153        4.10000000        2.26502286
    31.04887747       37.92246743        0.58560638        0.54662906        4.10000000        2.26059132
    31.11687722       37.99835045        0.58785464        0.54573424        4.10000000        2.25616621
    31.18483014       38.07423347        0.59010438        0.54483708        4.10000000        2.25174751
    31.25273622       38.15011649        0.59235557        0.54393755        4.10000000        2.24733523
    31.32059547       38.22599951        0.59460820        0.54303566        4.10000000        2.24292934
    31.38840791       38.30188253        0.59686226        0.54213138        4.10000000        2.23852984
    31.45617351       38.37776555        0.59911772        0.54122472        4.10000000        2.23413672
    31.52389230       38.45364857        0.60137457        0.54031567        4.10000000        2.22974996
    31.59156426       38.52953159        0.60363280        0.53940422        4.10000000        2.22536955
    31.65918939       38.60541461        0.60589239        0.53849035        4.10000000        2.22099549
    31.72676769       38.68129763        0.60815333        0.53757406        4.10000000        2.21662777
    31.79429914       38.75718065        0.61041559        0.53665534        4.10000000        2.21226636
    31.86178374       38.83306367        0.61267917        0.53573419        4.10000000        2.20791127
    31.92922147       38.90894669        0.61494404        0.53481059        4.10000000        2.20356248
    31.99661232       38.98482971        0.61721020        0.53388454        4.10000000        2.19921998
    32.06395628       39.06071273        0.61947762        0.53295602        4.10000000        2.19488375
    32.13125333       39.13659575        0.62174629        0.53202502        4.10000000        2.19055380
    32.19850345       39.21247877        0.62401620        0.53109155        4.10000000        2.18623010
    32.26570662       39.28836178        0.62628732        0.53015558        4.10000000        2.18191265
    32.33286281       39.36424480        0.62855965        0.52921712        4.10000000        2.17760144
    32.39997201       39.44012782        0.63083316        0.52827614        4.10000000        2.17329645
    32.46703419       39.51601084        0.63310784        0.52733265        4.10000000        2.16899767
    32.53404932       39.59189386        0.63538368        0.52638663        4.10000000        2.16470510
    32.60101736       39.66777688        0.63766066        0.52543807        4.10000000        2.16041872
    32.66793830       39.74365990        0.63993876        0.52448696        4.10000000        2.15613852
    32.73481210       39.81954292        0.64221796        0.52353330        4.10000000        2.15186450
    32.80163872       39.89542594        0.64449826        0.52257707        4.10000000        2.14759663
    32.86841813       39.97130896        0.64677963        0.52161826        4.10000000        2.14333491
    32.93515028       40.04719198        0.64906206        0.52065688        4.10000000        2.13907933
    33.00183515       40.12307500        0.65134554        0.51969289        4.10000000        2.13482988
    33.06847268       40.19895802        0.65363004        0.51872630        4.10000000        2.13058654
    33.13506284       40.27484104        0.65591555        0.51775710        4.10000000        2.12634931
    33.20160558       40.35072406        0.65820206        0.51678527        4.10000000        2.12211818
    33.26810086       40.42660708        0.66048955        0.51581081        4.10000000        2.11789312
    33.33454862       40.50249010        0.66277800        0.51483371        4.10000000        2.11367415
    33.40094882       40.57837311        0.66506740        0.51385395        4.10000000        2.10946123
    33.46730140       40.65425613        0.66735773        0.51287152        4.10000000        2.10525436
    33.53360631       40.73013915        0.66964897        0.51188642        4.10000000        2.10105354
    33.59986351       40.80602217        0.67194112        0.51089864        4.10000000        2.09685874
    33.66607292       40.88190519        0.67423414        0.50990816        4.10000000        2.09266996
    33.73223450       40.95778821        0.67652804        0.50891498        4.10000000        2.08848719
    33.79834817       41.03367123        0.67882278        0.50791908        4.10000000        2.08431042
    33.86441389       41.10955425        0.68111836        0.50692045        4.10000000        2.08013963
    33.93043159       41.18543727        0.68341476        0.50591908        4.10000000        2.07597481
    33.99640120       41.26132029        0.68571197        0.50491497        4.10000000        2.07181596
    34.06232266       41.33720331        0.68800995        0.50390810        4.10000000        2.06766306
    34.12819590       41.41308633        0.69030871        0.50289846        4.10000000        2.06351611
    34.19402084       41.48896935        0.69260823        0.50188604        4.10000000        2.05937508
    34.25979743       41.56485237        0.69490848        0.50087082        4.10000000        2.05523998
    34.32552557       41.64073539        0.69720946        0.49985281        4.10000000        2.05111078
    34.39120521       41.71661841        0.69951114        0.49883198        4.10000000        2.04698749
    34.45683626       41.79250143        0.70181351        0.49780833        4.10000000        2.04287008
    34.52241864       41.86838445        0.70411656        0.49678184        4.10000000        2.03875854
    34.58795228       41.94426746        0.70642026        0.49575250        4.10000000        2.03465287
    34.65343709       42.02015048        0.70872461        0.49472031        4.10000000        2.03055306
    34.71887298       42.09603350        0.71102958        0.49368525        4.10000000        2.02645909
    34.78425989       42.17191652        0.71333516        0.49264730        4.10000000        2.02237095
    34.84959771       42.24779954        0.71564134        0.49160647        4.10000000        2.01828864
    34.91488636       42.32368256        0.71794809        0.49056273        4.10000000        2.01421213
    34.98012575       42.39956558        0.72025540        0.48951607        4.10000000        2.01014143
    35.04531579       42.47544860        0.72256326        0.48846648        4.10000000        2.00607651
    35.11045638       42.55133162        0.72487165        0.48741396        4.10000000        2.00201738
    35.17554744       42.62721464        0.72718055        0.48635848        4.10000000        1.99796401
    35.24058886       42.70309766        0.72948995        0.48530004        4.10000000        1.99391639
    35.30558054       42.77898068        0.73179982        0.48423862        4.10000000        1.98987453
    35.37052238       42.85486370        0.73411016        0.48317422        4.10000000        1.98583839
    35.43541430       42.93074672        0.73642095        0.48210682        4.10000000        1.98180798
    35.50025617       43.00662974        0.73873217        0.48103640        4.10000000        1.97778329
    35.56504789       43.08251276        0.74104381        0.47996296        4.10000000        1.97376429
    35.62978937       43.15839578        0.74335584        0.47888648        4.10000000        1.96975099
    35.69448048       43.23427879        0.74566826        0.47780695        4.10000000        1.96574337
    35.75912112       43.31016181        0.74798105        0.47672436        4.10000000        1.96174141
    35.82371118       43.38604483        0.75029418        0.47563869        4.10000000        1.95774512
    35.88825055       43.46192785        0.75260765        0.47454994        4.10000000        1.95375447
    35.95273910       43.53781087        0.75492144        0.47345808        4.10000000        1.94976946
    36.01717673       43.61369389        0.75723553        0.47236311        4.10000000        1.94579008
    36.08156330       43.68957691        0.75954991        0.47126502        4.10000000        1.94181631
    36.14589872       43.76545993        0.76186456        0.47016378        4.10000000        1.93784815
    36.21018284       43.84134295        0.76417946        0.46905939        4.10000000        1.93388557
    36.27441554       43.91722597        0.76649459        0.46795184        4.10000000        1.92992859
    36.33859672       43.99310899        0.76880995        0.46684110        4.10000000        1.92597717
    36.40272622       44.06899201        0.77112551        0.46572717        4.10000000        1.92203132
    36.46680392       44.14487503        0.77344126        0.46461004        4.10000000        1.91809101
    36.53082971       44.22075805        0.77575719        0.46348968        4.10000000        1.91415625
    36.59480343       44.29664107        0.77807326        0.46236609        4.10000000        1.91022701
    36.65872496       44.37252409        0.78038948        0.46123925        4.10000000        1.90630329
    36.72259416       44.44840711        0.78270582        0.46010915        4.10000000        1.90238508
    36.78641090       44.52429013        0.78502227        0.45897577        4.10000000        1.89847237
    36.85017502       44.60017314        0.78733881        0.45783911        4.10000000        1.89456514
    36.91388640       44.67605616        0.78965543        0.45669914        4.10000000        1.89066339
    36.97754489       44.75193918        0.79197210        0.45555585        4.10000000        1.88676710
    37.04115035       44.82782220        0.79428882        0.45440923        4.10000000        1.88287627
    37.10470261       44.90370522        0.79660556        0.45325926        4.10000000        1.87899088
    37.16820156       44.97958824        0.79892231        0.45210593        4.10000000        1.87511092
    37.23164701       45.05547126        0.80123905        0.45094922        4.10000000        1.87123638
    37.29503884       45.13135428        0.80355577        0.44978912        4.10000000        1.86736726
    37.35837687       45.20723730        0.80587246        0.44862562        4.10000000        1.86350353
    37.42166096       45.28312032        0.80818908        0.44745869        4.10000000        1.85964520
    37.48489095       45.35900334        0.81050564        0.44628833        4.10000000        1.85579224
    37.54806668       45.43488636        0.81282210        0.44511452        4.10000000        1.85194466
    37.61118799       45.51076938        0.81513847        0.44393724        4.10000000        1.84810243
    37.67425471       45.58665240        0.81745471        0.44275648        4.10000000        1.84426555
    37.73726668       45.66253542        0.81977082        0.44157223        4.10000000        1.84043400
    37.80022373       45.73841844        0.82208677        0.44038446        4.10000000        1.83660779
    37.86312570       45.81430146        0.82440255        0.43919316        4.10000000        1.83278688
    37.92597241       45.89018447        0.82671815        0.43799832        4.10000000        1.82897129
    37.98876370       45.96606749        0.82903355        0.43679992        4.10000000        1.82516099
    38.05149937       46.04195051        0.83134873        0.43559795        4.10000000        1.82135597
    38.11417927       46.11783353        0.83366367        0.43439238        4.10000000        1.81755622
    38.17680321       46.19371655        0.83597836        0.43318321        4.10000000        1.81376174
    38.23937101       46.26959957        0.83829279        0.43197041        4.10000000        1.80997252
    38.30188249       46.34548259        0.84060694        0.43075398        4.10000000        1.80618853
    38.36433746       46.42136561        0.84292078        0.42953388        4.10000000        1.80240978
    38.42673575       46.49724863        0.84523431        0.42831011        4.10000000        1.79863625
    38.48907715       46.57313165        0.84754751        0.42708266        4.10000000        1.79486793
    38.55136149       46.64901467        0.84986036        0.42585150        4.10000000        1.79110481
    38.61358856       46.72489769        0.85217284        0.42461661        4.10000000        1.78734688
    38.67575818       46.80078071        0.85448495        0.42337798        4.10000000        1.78359413
    38.73787015       46.87666373        0.85679665        0.42213560        4.10000000        1.77984655
    38.79992427       46.95254675        0.85910795        0.42088944        4.10000000        1.77610414
    38.86192034       47.02842977        0.86141882        0.41963949        4.10000000        1.77236687
    38.92385816       47.10431279        0.86372924        0.41838573        4.10000000        1.76863474
    38.98573752       47.18019581        0.86603919        0.41712814        4.10000000        1.76490773
    39.04755823       47.25607882        0.86834867        0.41586671        4.10000000        1.76118585
    39.10932006       47.33196184        0.87065766        0.41460142        4.10000000        1.75746908
    39.17102281       47.40784486        0.87296614        0.41333224        4.10000000        1.75375740
    39.23266627       47.48372788        0.87527409        0.41205917        4.10000000        1.75005081
    39.29425023       47.55961090        0.87758149        0.41078218        4.10000000        1.74634930
    39.35577446       47.63549392        0.87988834        0.40950126        4.10000000        1.74265286
    39.41723875       47.71137694        0.88219461        0.40821638        4.10000000        1.73896147
    39.47864288       47.78725996        0.88450029        0.40692753        4.10000000        1.73527513
    39.53998662       47.86314298        0.88680536        0.40563469        4.10000000        1.73159383
    39.60126975       47.93902600        0.88910981        0.40433785        4.10000000        1.72791756
    39.66249204       48.01490902        0.89141362        0.40303697        4.10000000        1.72424630
    39.72365326       48.09079204        0.89371677        0.40173205        4.10000000        1.72058005
    39.78475318       48.16667506        0.89601925        0.40042306        4.10000000        1.71691880
    39.84579158       48.24255808        0.89832104        0.39910999        4.10000000        1.71326253
    39.90676820       48.31844110        0.90062213        0.39779281        4.10000000        1.70961125
    39.96768281       48.39432412        0.90292249        0.39647151        4.10000000        1.70596493
    40.02853517       48.47020714        0.90522212        0.39514606        4.10000000        1.70232356
    40.08932504       48.54609015        0.90752100        0.39381645        4.10000000        1.69868715
    40.15005218       48.62197317        0.90981910        0.39248266        4.10000000        1.69505567
    40.21071633       48.69785619        0.91211642        0.39114466        4.10000000        1.69142912
    40.27131725       48.77373921        0.91441294        0.38980244        4.10000000        1.68780749
    40.33185468       48.84962223        0.91670863        0.38845598        4.10000000        1.68419076
    40.39232836       48.92550525        0.91900350        0.38710525        4.10000000        1.68057894
    40.45273806       49.00138827        0.92129751        0.38575024        4.10000000        1.67697200
    40.51308349       49.07727129        0.92359066        0.38439092        4.10000000        1.67336994
    40.57336441       49.15315431        0.92588292        0.38302727        4.10000000        1.66977275
    40.63358054       49.22903733        0.92817429        0.38165928        4.10000000        1.66618042
    40.69373162       49.30492035        0.93046474        0.38028692        4.10000000        1.66259294
    40.75381739       49.38080337        0.93275426        0.37891016        4.10000000        1.65901030
    40.81383757       49.45668639        0.93504283        0.37752900        4.10000000        1.65543250
    40.87379188       49.53256941        0.93733044        0.37614340        4.10000000        1.65185951
    40.93368005       49.60845243        0.93961707        0.37475335        4.10000000        1.64829133
    40.99350181       49.68433545        0.94190271        0.37335882        4.10000000        1.64472796
    41.05325687       49.76021847        0.94418733        0.37195980        4.10000000        1.64116937
    41.11294494       49.83610149        0.94647092        0.37055625        4.10000000        1.63761557
    41.17256575       49.91198450        0.94875347        0.36914816        4.10000000        1.63406655
    41.23211899       49.98786752        0.95103497        0.36773550        4.10000000        1.63052228
    41.29160439       50.06375054        0.95331538        0.36631826        4.10000000        1.62698278
    41.35102164       50.13963356        0.95559471        0.36489640        4.10000000        1.62344801
    41.41037045       50.21551658        0.95787292        0.36346991        4.10000000        1.61991799
    41.46965052       50.29139960        0.96015001        0.36203876        4.10000000        1.61639269
    41.52886155       50.36728262        0.96242596        0.36060293        4.10000000        1.61287210
    41.58800323       50.44316564        0.96470076        0.35916240        4.10000000        1.60935623
    41.64707525       50.51904866        0.96697438        0.35771714        4.10000000        1.60584505
    41.70607731       50.59493168        0.96924682        0.35626713        4.10000000        1.60233856
    41.76500909       50.67081470        0.97151805        0.35481234        4.10000000        1.59883675
    41.82387028       50.74669772        0.97378806        0.35335276        4.10000000        1.59533962
    41.88266055       50.82258074        0.97605683        0.35188835        4.10000000        1.59184714
    41.94137959       50.89846376        0.97832435        0.35041910        4.10000000        1.58835932
    42.00002708       50.97434678        0.98059061        0.34894497        4.10000000        1.58487614
    42.05860268       51.05022980        0.98285558        0.34746594        4.10000000        1.58139760
    42.11710606       51.12611282        0.98511925        0.34598199        4.10000000        1.57792368
    42.17553690       51.20199583        0.98738160        0.34449310        4.10000000        1.57445438
    42.23389485       51.27787885        0.98964262        0.34299923        4.10000000        1.57098969
    42.29217958       51.35376187        0.99190230        0.34150036        4.10000000        1.56752959
    42.35039074       51.42964489        0.99416061        0.33999648        4.10000000        1.56407409
    42.40852800       51.50552791        0.99641754        0.33848754        4.10000000        1.56062316
    42.46659100       51.58141093        0.99867307        0.33697352        4.10000000        1.55717681
    42.52457940       51.65729395        1.00092719        0.33545441        4.10000000        1.55373502
    42.58249283       51.73317697        1.00317989        0.33393017        4.10000000        1.55029779
    42.64033095       51.80905999        1.00543114        0.33240077        4.10000000        1.54686510
    42.69809339       51.88494301        1.00768093        0.33086619        4.10000000        1.54343695
    42.75577979       51.96082603        1.00992925        0.32932641        4.10000000        1.54001333
    42.81338979       52.03670905        1.01217608        0.32778139        4.10000000        1.53659422
    42.87092301       52.11259207        1.01442140        0.32623110        4.10000000        1.53317963
    42.92837908       52.18847509        1.01666519        0.32467553        4.10000000        1.52976954
    42.98575762       52.26435811        1.01890745        0.32311464        4.10000000        1.52636395
    43.04305827       52.34024113        1.02114815        0.32154840        4.10000000        1.52296284
    43.10028063       52.41612415        1.02338729        0.31997679        4.10000000        1.51956620
    43.15742431       52.49200717        1.02562484        0.31839978        4.10000000        1.51617404
    43.21448894       52.56789018        1.02786078        0.31681734        4.10000000        1.51278633
    43.27147411       52.64377320        1.03009511        0.31522944        4.10000000        1.50940308
    43.32837944       52.71965622        1.03232781        0.31363606        4.10000000        1.50602427
    43.38520452       52.79553924        1.03455885        0.31203715        4.10000000        1.50264989
    43.44194895       52.87142226        1.03678823        0.31043270        4.10000000        1.49927994
    43.49861232       52.94730528        1.03901593        0.30882268        4.10000000        1.49591441
    43.55519422       53.02318830        1.04124194        0.30720705        4.10000000        1.49255329
    43.61169425       53.09907132        1.04346623        0.30558578        4.10000000        1.48919657
    43.66811198       53.17495434        1.04568880        0.30395885        4.10000000        1.48584425
    43.72444699       53.25083736        1.04790962        0.30232623        4.10000000        1.48249631
    43.78069886       53.32672038        1.05012868        0.30068788        4.10000000        1.47915275
    43.83686717       53.40260340        1.05234597        0.29904377        4.10000000        1.47581356
    43.89295148       53.47848642        1.05456146        0.29739387        4.10000000        1.47247873
    43.94895135       53.55436944        1.05677515        0.29573816        4.10000000        1.46914825
    44.00486634       53.63025246        1.05898702        0.29407659        4.10000000        1.46582212
    44.06069602       53.70613548        1.06119705        0.29240915        4.10000000        1.46250033
    44.11643994       53.78201850        1.06340523        0.29073579        4.10000000        1.45918287
    44.17209764       53.85790151        1.06561154        0.28905648        4.10000000        1.45586972
    44.22766868       53.93378453        1.06781597        0.28737119        4.10000000        1.45256090
    44.28315259       54.00966755        1.07001849        0.28567990        4.10000000        1.44925638
    44.33854891       54.08555057        1.07221911        0.28398256        4.10000000        1.44595616
    44.39385718       54.16143359        1.07441779        0.28227914        4.10000000        1.44266023
    44.44907692       54.23731661        1.07661452        0.28056961        4.10000000        1.43936858
    44.50420766       54.31319963        1.07880929        0.27885394        4.10000000        1.43608121
    44.55924893       54.38908265        1.08100208        0.27713209        4.10000000        1.43279810
    44.61420024       54.46496567        1.08319288        0.27540403        4.10000000        1.42951926
    44.66906110       54.54084869        1.08538168        0.27366973        4.10000000        1.42624467
    44.72383102       54.61673171        1.08756844        0.27192914        4.10000000        1.42297433
    44.77850951       54.69261473        1.08975317        0.27018224        4.10000000        1.41970823
    44.83309607       54.76849775        1.09193585        0.26842899        4.10000000        1.41644635
    44.88759019       54.84438077        1.09411645        0.26666935        4.10000000        1.41318871
    44.94199137       54.92026379        1.09629497        0.26490330        4.10000000        1.40993527
    44.99629909       54.99614681        1.09847138        0.26313078        4.10000000        1.40668605
    45.05051284       55.07202983        1.10064568        0.26135178        4.10000000        1.40344103
    45.10463209       55.14791285        1.10281785        0.25956624        4.10000000        1.40020020
    45.15865631       55.22379586        1.10498787        0.25777414        4.10000000        1.39696356
    45.21258499       55.29967888        1.10715572        0.25597544        4.10000000        1.39373111
    45.26641757       55.37556190        1.10932140        0.25417009        4.10000000        1.39050282
    45.32015353       55.45144492        1.11148489        0.25235807        4.10000000        1.38727870
    45.37379231       55.52732794        1.11364616        0.25053934        4.10000000        1.38405875
    45.42733337       55.60321096        1.11580521        0.24871385        4.10000000        1.38084294
    45.48077616       55.67909398        1.11796203        0.24688157        4.10000000        1.37763128
    45.53412010       55.75497700        1.12011658        0.24504246        4.10000000        1.37442376
    45.58736465       55.83086002        1.12226887        0.24319648        4.10000000        1.37122038
    45.64050923       55.90674304        1.12441887        0.24134360        4.10000000        1.36802112
    45.69355326       55.98262606        1.12656658        0.23948377        4.10000000        1.36482597
    45.74649617       56.05850908        1.12871196        0.23761695        4.10000000        1.36163494
    45.79933737       56.13439210        1.13085502        0.23574310        4.10000000        1.35844802
    45.85207627       56.21027512        1.13299573        0.23386219        4.10000000        1.35526520
    45.90471229       56.28615814        1.13513407        0.23197417        4.10000000        1.35208646
    45.95724481       56.36204116        1.13727004        0.23007900        4.10000000        1.34891182
    46.00967324       56.43792418        1.13940362        0.22817665        4.10000000        1.34574125
    46.06199696       56.51380719        1.14153479        0.22626706        4.10000000        1.34257476
    46.11421536       56.58969021        1.14366354        0.22435020        4.10000000        1.33941234
    46.16632781       56.66557323        1.14578986        0.22242602        4.10000000        1.33625397
    46.21833369       56.74145625        1.14791372        0.22049449        4.10000000        1.33309966
    46.27023237       56.81733927        1.15003511        0.21855555        4.10000000        1.32994940
    46.32202321       56.89322229        1.15215402        0.21660918        4.10000000        1.32680318
    46.37370557       56.96910531        1.15427043        0.21465531        4.10000000        1.32366100
    46.42527879       57.04498833        1.15638433        0.21269392        4.10000000        1.32052285
    46.47674222       57.12087135        1.15849571        0.21072495        4.10000000        1.31738872
    46.52809521       57.19675437        1.16060454        0.20874836        4.10000000        1.31425862
    46.57933708       57.27263739        1.16271081        0.20676411        4.10000000        1.31113252
    46.63046715       57.34852041        1.16481451        0.20477215        4.10000000        1.30801043
    46.68148476       57.42440343        1.16691563        0.20277244        4.10000000        1.30489234
    46.73238922       57.50028645        1.16901414        0.20076492        4.10000000        1.30177825
    46.78317984       57.57616947        1.17111003        0.19874956        4.10000000        1.29866814
    46.83385591       57.65205249        1.17320329        0.19672631        4.10000000        1.29556202
    46.88441674       57.72793551        1.17529391        0.19469512        4.10000000        1.29245988
    46.93486161       57.80381853        1.17738186        0.19265594        4.10000000        1.28936171
    46.98518982       57.87970154        1.17946714        0.19060873        4.10000000        1.28626751
    47.03540062       57.95558456        1.18154972        0.18855344        4.10000000        1.28317727
    47.08549331       58.03146758        1.18362960        0.18649001        4.10000000        1.28009099
    47.13546714       58.10735060        1.18570675        0.18441841        4.10000000        1.27700865
    47.18532137       58.18323362        1.18778117        0.18233858        4.10000000        1.27393027
    47.23505525       58.25911664        1.18985284        0.18025047        4.10000000        1.27085582
    47.28466803       58.33499966        1.19192174        0.17815404        4.10000000        1.26778531
    47.33415893       58.41088268        1.19398787        0.17604922        4.10000000        1.26471873
    47.38352720       58.48676570        1.19605119        0.17393598        4.10000000        1.26165608
    47.43277206       58.56264872        1.19811171        0.17181427        4.10000000        1.25859734
    47.48189271       58.63853174        1.20016940        0.16968402        4.10000000        1.25554252
    47.53088838       58.71441476        1.20222426        0.16754519        4.10000000        1.25249162
    47.57975826       58.79029778        1.20427626        0.16539772        4.10000000        1.24944461
    47.62850155       58.86618080        1.20632539        0.16324157        4.10000000        1.24640151
    47.67711743       58.94206382        1.20837163        0.16107669        4.10000000        1.24336231
    47.72560508       59.01794684        1.21041498        0.15890301        4.10000000        1.24032699
    47.77396368       59.09382986        1.21245542        0.15672048        4.10000000        1.23729557
    47.82219240       59.16971287        1.21449293        0.15452905        4.10000000        1.23426802
    47.87029038       59.24559589        1.21652750        0.15232867        4.10000000        1.23124436
    47.91825677       59.32147891        1.21855911        0.15011928        4.10000000        1.22822456
    47.96609072       59.39736193        1.22058775        0.14790082        4.10000000        1.22520864
    48.01379137       59.47324495        1.22261341        0.14567324        4.10000000        1.22219658
    48.06135783       59.54912797        1.22463607        0.14343648        4.10000000        1.21918839
    48.10878922       59.62501099        1.22665571        0.14119049        4.10000000        1.21618405
    48.15608466       59.70089401        1.22867232        0.13893521        4.10000000        1.21318356
    48.20324324       59.77677703        1.23068589        0.13667058        4.10000000        1.21018692
    48.25026406       59.85266005        1.23269641        0.13439654        4.10000000        1.20719412
    48.29714619       59.92854307        1.23470385        0.13211304        4.10000000        1.20420517
    48.34388872       60.00442609        1.23670820        0.12982001        4.10000000        1.20122005
    48.39049071       60.08030911        1.23870946        0.12751740        4.10000000        1.19823876
    48.43695121       60.15619213        1.24070760        0.12520514        4.10000000        1.19526131
    48.48326929       60.23207515        1.24270261        0.12288318        4.10000000        1.19228768
    48.52944397       60.30795817        1.24469447        0.12055145        4.10000000        1.18931787
    48.57547429       60.38384119        1.24668318        0.11820990        4.10000000        1.18635188
    48.62135926       60.45972421        1.24866872        0.11585846        4.10000000        1.18338970
    48.66709791       60.53560722        1.25065107        0.11349707        4.10000000        1.18043133
    48.71268924       60.61149024        1.25263022        0.11112566        4.10000000        1.17747678
    48.75813224       60.68737326        1.25460615        0.10874418        4.10000000        1.17452603
    48.80342588       60.76325628        1.25657886        0.10635256        4.10000000        1.17157908
    48.84856916       60.83913930        1.25854832        0.10395073        4.10000000        1.16863592
    48.89356103       60.91502232        1.26051452        0.10153863        4.10000000        1.16569657
    48.93840045       60.99090534        1.26247746        0.09911620        4.10000000        1.16276100
    48.98308636       61.06678836        1.26443710        0.09668336        4.10000000        1.15982923
    49.02761769       61.14267138        1.26639345        0.09424006        4.10000000        1.15690124
    49.07199338       61.21855440        1.26834648        0.09178623        4.10000000        1.15397703
    49.11621233       61.29443742        1.27029619        0.08932179        4.10000000        1.15105661
    49.16027345       61.37032044        1.27224255        0.08684668        4.10000000        1.14813996
    49.20417564       61.44620346        1.27418556        0.08436084        4.10000000        1.14522710
    49.24791777       61.52208648        1.27612519        0.08186419        4.10000000        1.14231800
    49.29149871       61.59796950        1.27806144        0.07935666        4.10000000        1.13941267
    49.33491734       61.67385252        1.27999430        0.07683818        4.10000000        1.13651112
    49.37817249       61.74973554        1.28192374        0.07430869        4.10000000        1.13361333
    49.42126300       61.82561855        1.28384976        0.07176810        4.10000000        1.13071930
    49.46418771       61.90150157        1.28577233        0.06921636        4.10000000        1.12782904
    49.50694543       61.97738459        1.28769145        0.06665339        4.10000000        1.12494253
    49.54953496       62.05326761        1.28960711        0.06407910        4.10000000        1.12205978
    49.59195510       62.12915063        1.29151928        0.06149344        4.10000000        1.11918079
    49.63420462       62.20503365        1.29342796        0.05889633        4.10000000        1.11630556
    49.67628230       62.28091667        1.29533312        0.05628768        4.10000000        1.11343407
    49.71818688       62.35679969        1.29723477        0.05366743        4.10000000        1.11056634
    49.75991712       62.43268271        1.29913288        0.05103550        4.10000000        1.10770236
    49.80147175       62.50856573        1.30102743        0.04839182        4.10000000        1.10484212
    49.84284949       62.58444875        1.30291843        0.04573630        4.10000000        1.10198563
    49.88404904       62.66033177        1.30480584        0.04306887        4.10000000        1.09913289
    49.92506909       62.73621479        1.30668966        0.04038945        4.10000000        1.09628389
    49.96590834       62.81209781        1.30856988        0.03769796        4.10000000        1.09343863
    50.00656544       62.88798083        1.31044648        0.03499432        4.10000000        1.09059711
    50.04703904       62.96386385        1.31231944        0.03227845        4.10000000        1.08775934
    50.08732780       63.03974687        1.31418876        0.02955028        4.10000000        1.08492530
    50.12743034       63.11562989        1.31605442        0.02680971        4.10000000        1.08209500
    50.16734527       63.19151290        1.31791640        0.02405666        4.10000000        1.07926844
    50.20707119       63.26739592        1.31977469        0.02129106        4.10000000        1.07644562
    50.24660668       63.34327894        1.32162929        0.01851282        4.10000000        1.07362653
    50.28595032       63.41916196        1.32348017        0.01572186        4.10000000        1.07081118
    50.32510067       63.49504498        1.32532732        0.01291808        4.10000000        1.06799957
    50.36405626       63.57092800        1.32717073        0.01010141        4.10000000        1.06519169
    50.40281562       63.64681102        1.32901039        0.00727176        4.10000000        1.06238755
    50.44137727       63.72269404        1.33084628        0.00442904        4.10000000        1.05958715
    50.47973971       63.79857706        1.33267838        0.00157317        4.10000000        1.05679047
    50.51790140       63.87446008        1.33450669       -0.00129596        4.10000000        1.05399754
    50.55586083       63.95034310        1.33633120       -0.00417841        4.10000000        1.05120834
    50.59361644       64.02622612        1.33815187       -0.00707429        4.10000000        1.04842288
    50.63116667       64.10210914        1.33996872       -0.00998368        4.10000000        1.04564115
    50.66850993       64.17799216        1.34178171       -0.01290668        4.10000000        1.04286316
    50.70564462       64.25387518        1.34359085       -0.01584338        4.10000000        1.04008890
    50.74256914       64.32975820        1.34539610       -0.01879387        4.10000000        1.03731839
    50.77928186       64.40564122        1.34719747       -0.02175824        4.10000000        1.03455161
    50.81578111       64.48152423        1.34899494       -0.02473659        4.10000000        1.03178858
    50.85206524       64.55740725        1.35078849       -0.02772901        4.10000000        1.02902928
    50.88813257       64.63329027        1.35257811       -0.03073561        4.10000000        1.02627372
    50.92398140       64.70917329        1.35436379       -0.03375647        4.10000000        1.02352191
    50.95961001       64.78505631        1.35614551       -0.03679169        4.10000000        1.02077384
    50.99501666       64.86093933        1.35792327       -0.03984137        4.10000000        1.01802952
    51.03019960       64.93682235        1.35969704       -0.04290561        4.10000000        1.01528895
    51.06515705       65.01270537        1.36146682       -0.04598452        4.10000000        1.01255212
    51.09988724       65.08858839        1.36323259       -0.04907818        4.10000000        1.00981904
    51.13438834       65.16447141        1.36499434       -0.05218670        4.10000000        1.00708972
    51.16865853       65.24035443        1.36675206       -0.05531019        4.10000000        1.00436415
    51.20269596       65.31623745        1.36850573       -0.05844875        4.10000000        1.00164233
    51.23649876       65.39212047        1.37025534       -0.06160247        4.10000000        0.99892428
    51.27006504       65.46800349        1.37200088       -0.06477147        4.10000000        0.99620998
    51.30339291       65.54388651        1.37374233       -0.06795585        4.10000000        0.99349945
    51.33648042       65.61976953        1.37547968       -0.07115572        4.10000000        0.99079268
    51.36932563       65.69565255        1.37721292       -0.07437118        4.10000000        0.98808968
    51.40192658       65.77153557        1.37894203       -0.07760235        4.10000000        0.98539045
    51.43428126       65.84741858        1.38066701       -0.08084932        4.10000000        0.98269500
    51.46638767       65.92330160        1.38238783       -0.08411221        4.10000000        0.98000332
    51.49824377       65.99918462        1.38410449       -0.08739114        4.10000000        0.97731542
    51.52984751       66.07506764        1.38581697       -0.09068621        4.10000000        0.97463130
    51.56119681       66.15095066        1.38752527       -0.09399753        4.10000000        0.97195097
    51.59228957       66.22683368        1.38922936       -0.09732522        4.10000000        0.96927443
    51.62312367       66.30271670        1.39092923       -0.10066939        4.10000000        0.96660168
    51.65369695       66.37859972        1.39262488       -0.10403015        4.10000000        0.96393273
    51.68400726       66.45448274        1.39431628       -0.10740763        4.10000000        0.96126757
    51.71405239       66.53036576        1.39600343       -0.11080194        4.10000000        0.95860623
    51.74383013       66.60624878        1.39768632       -0.11421320        4.10000000        0.95594869
    51.77333823       66.68213180        1.39936492       -0.11764152        4.10000000        0.95329496
    51.80257444       66.75801482        1.40103923       -0.12108703        4.10000000        0.95064505
    51.83153645       66.83389784        1.40270924       -0.12454984        4.10000000        0.94799897
    51.86022195       66.90978086        1.40437493       -0.12803008        4.10000000        0.94535670
    51.88862860       66.98566388        1.40603628       -0.13152787        4.10000000        0.94271827
    51.91675403       67.06154690        1.40769330       -0.13504333        4.10000000        0.94008368
    51.94459584       67.13742991        1.40934596       -0.13857659        4.10000000        0.93745293
    51.97215162       67.21331293        1.41099424       -0.14212777        4.10000000        0.93482602
    51.99941891       67.28919595        1.41263815       -0.14569700        4.10000000        0.93220296
    52.02639524       67.36507897        1.41427767       -0.14928441        4.10000000        0.92958376
    52.05307811       67.44096199        1.41591277       -0.15289012        4.10000000        0.92696842
    52.07946498       67.51684501        1.41754346       -0.15651426        4.10000000        0.92435695
    52.10555329       67.59272803        1.41916972       -0.16015696        4.10000000        0.92174936
    52.13134046       67.66861105        1.42079153       -0.16381836        4.10000000        0.91914564
    52.15682386       67.74449407        1.42240888       -0.16749859        4.10000000        0.91654581
    52.18200086       67.82037709        1.42402177       -0.17119777        4.10000000        0.91394988
    52.20686876       67.89626011        1.42563017       -0.17491605        4.10000000        0.91135784
    52.23142486       67.97214313        1.42723408       -0.17865355        4.10000000        0.90876970
    52.25566643       68.04802615        1.42883348       -0.18241042        4.10000000        0.90618548
    52.27959070       68.12390917        1.43042836       -0.18618679        4.10000000        0.90360518
    52.30319485       68.19979219        1.43201870       -0.18998281        4.10000000        0.90102881
    52.32647606       68.27567521        1.43360451       -0.19379859        4.10000000        0.89845637
    52.34943146       68.35155823        1.43518575       -0.19763430        4.10000000        0.89588787
    52.37205815       68.42744125        1.43676243       -0.20149007        4.10000000        0.89332331
    52.39435320       68.50332426        1.43833452       -0.20536604        4.10000000        0.89076272
    52.41631364       68.57920728        1.43990202       -0.20926236        4.10000000        0.88820609
    52.43793648       68.65509030        1.44146491       -0.21317916        4.10000000        0.88565343
    52.45921866       68.73097332        1.44302318       -0.21711660        4.10000000        0.88310475
    52.48015713       68.80685634        1.44457682       -0.22107482        4.10000000        0.88056006
    52.50074878       68.88273936        1.44612582       -0.22505397        4.10000000        0.87801937
    52.52099046       68.95862238        1.44767015       -0.22905420        4.10000000        0.87548268
    52.54087900       69.03450540        1.44920982       -0.23307565        4.10000000        0.87295001
    52.56041117       69.11038842        1.45074481       -0.23711848        4.10000000        0.87042137
    52.57958372       69.18627144        1.45227510       -0.24118284        4.10000000        0.86789676
    52.59839336       69.26215446        1.45380069       -0.24526888        4.10000000        0.86537619
    52.61683676       69.33803748        1.45532155       -0.24937676        4.10000000        0.86285967
    52.63491055       69.41392050        1.45683769       -0.25350662        4.10000000        0.86034722
    52.65261131       69.48980352        1.45834908       -0.25765863        4.10000000        0.85783884
    52.66993560       69.56568654        1.45985572       -0.26183294        4.10000000        0.85533454
    52.68687992       69.64156956        1.46135758       -0.26602971        4.10000000        0.85283434
    52.70344073       69.71745258        1.46285467       -0.27024910        4.10000000        0.85033824
    52.71961447       69.79333559        1.46434696       -0.27449127        4.10000000        0.84784626
    52.73539751       69.86921861        1.46583445       -0.27875638        4.10000000        0.84535840
    52.75078619       69.94510163        1.46731712       -0.28304459        4.10000000        0.84287468
    52.76577680       70.02098465        1.46879496       -0.28735606        4.10000000        0.84039510
    52.78036560       70.09686767        1.47026796       -0.29169096        4.10000000        0.83791969
    52.79454879       70.17275069        1.47173610       -0.29604945        4.10000000        0.83544845
    52.80832253       70.24863371        1.47319937       -0.30043171        4.10000000        0.83298139
    52.82168292       70.32451673        1.47465777       -0.30483789        4.10000000        0.83051853
    52.83462604       70.40039975        1.47611127       -0.30926816        4.10000000        0.82805988
    52.84714791       70.47628277        1.47755987       -0.31372270        4.10000000        0.82560545
    52.85924448       70.55216579        1.47900355       -0.31820167        4.10000000        0.82315525
    52.87091168       70.62804881        1.48044230       -0.32270525        4.10000000        0.82070930
    52.88214539       70.70393183        1.48187611       -0.32723360        4.10000000        0.81826761
    52.89294141       70.77981485        1.48330497       -0.33178690        4.10000000        0.81583020
    52.90329553       70.85569787        1.48472886       -0.33636533        4.10000000        0.81339707
    52.91320345       70.93158089        1.48614777       -0.34096905        4.10000000        0.81096825
    52.92266083       71.00746391        1.48756169       -0.34559825        4.10000000        0.80854374
    52.93166330       71.08334693        1.48897061       -0.35025310        4.10000000        0.80612356
    52.94020639       71.15922994        1.49037451       -0.35493377        4.10000000        0.80370772
    52.94828563       71.23511296        1.49177338       -0.35964045        4.10000000        0.80129625
    52.95589645       71.31099598        1.49316721       -0.36437332        4.10000000        0.79888915
    52.96303423       71.38687900        1.49455599       -0.36913256        4.10000000        0.79648644
    52.96969432       71.46276202        1.49593970       -0.37391834        4.10000000        0.79408813
    52.97587198       71.53864504        1.49731834       -0.37873086        4.10000000        0.79169425
    52.98156242       71.61452806        1.49869188       -0.38357028        4.10000000        0.78930481
    52.98676082       71.69041108        1.50006032       -0.38843680        4.10000000        0.78691982
    52.99146224       71.76629410        1.50142365       -0.39333060        4.10000000        0.78453930
    52.99566174       71.84217712        1.50278184       -0.39825187        4.10000000        0.78216327
    52.99935427       71.91806014        1.50413490       -0.40320079        4.10000000        0.77979174
    53.00253474       71.99394316        1.50548280       -0.40817754        4.10000000        0.77742474
    53.00519800       72.06982618        1.50682554       -0.41318232        4.10000000        0.77506228
    53.00733882       72.14570920        1.50816310       -0.41821531        4.10000000        0.77270437
    53.00895191       72.22159222        1.50949546       -0.42327670        4.10000000        0.77035104
    53.01003191       72.29747524        1.51082263       -0.42836668        4.10000000        0.76800231
    53.01057341       72.37335826        1.51214457       -0.43348545        4.10000000        0.76565818
