#  Theta paroi en deg Angle Choc en deg       Kp           Inverse Mach       Mach amont       Mach aval
     0.00000000       46.88027517        0.00000000        0.27007299        1.37000000
     2.19051438       46.88156876        0.01033707        0.26487398        1.37000000        1.36996463
     2.54951895       46.88337872        0.01343050        0.26331410        1.37000000        1.36991513
     2.97046361       46.88673780        0.01745322        0.26128277        1.37000000        1.36982329
     3.44419335       46.89267874        0.02245881        0.25875054        1.37000000        1.36966087
     3.94323755       46.90223429        0.02824597        0.25581646        1.37000000        1.36939970
     4.45020063       46.91643718        0.03463366        0.25256966        1.37000000        1.36901165
     4.95672887       46.93632016        0.04150104        0.24906914        1.37000000        1.36846871
     5.45941087       46.96291598        0.04877332        0.24535073        1.37000000        1.36774298
     5.95725045       46.99725738        0.05640578        0.24143509        1.37000000        1.36680679
     6.45039413       47.04037711        0.06437301        0.23733301        1.37000000        1.36563270
     6.85595068       47.08349683        0.07121933        0.23379573        1.37000000        1.36446020
     7.20441996       47.12661656        0.07730882        0.23063967        1.37000000        1.36328926
     7.51234759       47.16973628        0.08284598        0.22776167        1.37000000        1.36211989
     7.78980190       47.21285601        0.08795873        0.22509719        1.37000000        1.36095208
     8.04340469       47.25597573        0.09273313        0.22260280        1.37000000        1.35978583
     8.27776311       47.29909546        0.09723023        0.22024768        1.37000000        1.35862112
     8.49622284       47.34221518        0.10149511        0.21800907        1.37000000        1.35745796
     8.70129659       47.38533491        0.10556212        0.21586963        1.37000000        1.35629634
     8.89492352       47.42845463        0.10945814        0.21381579        1.37000000        1.35513626
     9.07863410       47.47157436        0.11320462        0.21183670        1.37000000        1.35397771
     9.25365929       47.51469408        0.11681902        0.20992354        1.37000000        1.35282068
     9.42100508       47.55781381        0.12031575        0.20806905        1.37000000        1.35166517
     9.58150513       47.60093353        0.12370684        0.20626714        1.37000000        1.35051118
     9.73585862       47.64405326        0.12700248        0.20451265        1.37000000        1.34935870
     9.88465825       47.68717298        0.13021137        0.20280120        1.37000000        1.34820772
    10.02841111       47.73029271        0.13334103        0.20112898        1.37000000        1.34705825
    10.16755478       47.77341243        0.13639796        0.19949270        1.37000000        1.34591028
    10.30246966       47.81653216        0.13938788        0.19788947        1.37000000        1.34476379
    10.43348870       47.85965188        0.14231579        0.19631677        1.37000000        1.34361880
    10.56090513       47.90277161        0.14518616        0.19477233        1.37000000        1.34247529
    10.68497864       47.94589133        0.14800293        0.19325416        1.37000000        1.34133325
    10.80594041       47.98901106        0.15076966        0.19176046        1.37000000        1.34019270
    10.92399721       48.03213078        0.15348952        0.19028963        1.37000000        1.33905361
    11.03933479       48.07525051        0.15616541        0.18884019        1.37000000        1.33791598
    11.15212067       48.11837023        0.15879990        0.18741085        1.37000000        1.33677982
    11.26250652       48.16148995        0.16139539        0.18600039        1.37000000        1.33564511
    11.37063012       48.20460968        0.16395402        0.18460773        1.37000000        1.33451186
    11.47661705       48.24772940        0.16647776        0.18323186        1.37000000        1.33338005
    11.58058209       48.29084913        0.16896844        0.18187187        1.37000000        1.33224969
    11.68263048       48.33396885        0.17142772        0.18052691        1.37000000        1.33112077
    11.78285894       48.37708858        0.17385714        0.17919620        1.37000000        1.32999328
    11.88135661       48.42020830        0.17625812        0.17787902        1.37000000        1.32886722
    11.97820583       48.46332803        0.17863197        0.17657470        1.37000000        1.32774259
    12.07348281       48.50644775        0.18097991        0.17528263        1.37000000        1.32661938
    12.16725827       48.54956748        0.18330310        0.17400222        1.37000000        1.32549759
    12.25959788       48.59268720        0.18560258        0.17273294        1.37000000        1.32437721
    12.35056289       48.63580693        0.18787935        0.17147428        1.37000000        1.32325825
    12.44021037       48.67892665        0.19013433        0.17022578        1.37000000        1.32214068
    12.52859368       48.72204638        0.19236838        0.16898699        1.37000000        1.32102453
    12.61576276       48.76516610        0.19458233        0.16775750        1.37000000        1.31990976
    12.70176444       48.80828583        0.19677694        0.16653692        1.37000000        1.31879640
    12.78664266       48.85140555        0.19895293        0.16532488        1.37000000        1.31768442
    12.87043877       48.89452528        0.20111096        0.16412105        1.37000000        1.31657383
    12.95319167       48.93764500        0.20325170        0.16292508        1.37000000        1.31546462
    13.03493803       48.98076473        0.20537573        0.16173669        1.37000000        1.31435678
    13.11571248       49.02388445        0.20748362        0.16055556        1.37000000        1.31325033
    13.19554772       49.06700418        0.20957593        0.15938144        1.37000000        1.31214524
    13.27447468       49.11012390        0.21165316        0.15821405        1.37000000        1.31104152
    13.35252269       49.15324363        0.21371579        0.15705316        1.37000000        1.30993916
    13.42971952       49.19636335        0.21576429        0.15589852        1.37000000        1.30883816
    13.50609153       49.23948308        0.21779910        0.15474991        1.37000000        1.30773852
    13.58166375       49.28260280        0.21982063        0.15360711        1.37000000        1.30664022
    13.65646002       49.32572253        0.22182928        0.15246993        1.37000000        1.30554328
    13.73050298       49.36884225        0.22382542        0.15133816        1.37000000        1.30444768
    13.80381420       49.41196198        0.22580943        0.15021164        1.37000000        1.30335342
    13.87641428       49.45508170        0.22778164        0.14909017        1.37000000        1.30226050
    13.94832281       49.49820142        0.22974239        0.14797358        1.37000000        1.30116891
    14.01955855       49.54132115        0.23169198        0.14686173        1.37000000        1.30007865
    14.09013940       49.58444087        0.23363071        0.14575445        1.37000000        1.29898972
    14.16008248       49.62756060        0.23555889        0.14465159        1.37000000        1.29790211
    14.22940416       49.67068032        0.23747677        0.14355302        1.37000000        1.29681582
    14.29812014       49.71380005        0.23938463        0.14245859        1.37000000        1.29573084
    14.36624543       49.75691977        0.24128272        0.14136818        1.37000000        1.29464718
    14.43379444       49.80003950        0.24317128        0.14028166        1.37000000        1.29356482
    14.50078100       49.84315922        0.24505055        0.13919891        1.37000000        1.29248377
    14.56721837       49.88627895        0.24692074        0.13811981        1.37000000        1.29140403
    14.63311930       49.92939867        0.24878208        0.13704425        1.37000000        1.29032558
    14.69849602       49.97251840        0.25063478        0.13597213        1.37000000        1.28924843
    14.76336033       50.01563812        0.25247903        0.13490334        1.37000000        1.28817256
    14.82772353       50.05875785        0.25431502        0.13383778        1.37000000        1.28709799
    14.89159655       50.10187757        0.25614294        0.13277536        1.37000000        1.28602471
    14.95498988       50.14499730        0.25796297        0.13171597        1.37000000        1.28495270
    15.01791364       50.18811702        0.25977528        0.13065954        1.37000000        1.28388198
    15.08037758       50.23123675        0.26158003        0.12960598        1.37000000        1.28281253
    15.14239111       50.27435647        0.26337739        0.12855520        1.37000000        1.28174435
    15.20396331       50.31747620        0.26516751        0.12750712        1.37000000        1.28067744
    15.26510294       50.36059592        0.26695054        0.12646167        1.37000000        1.27961180
    15.32581845       50.40371565        0.26872662        0.12541876        1.37000000        1.27854742
    15.38611803       50.44683537        0.27049589        0.12437833        1.37000000        1.27748430
    15.44600957       50.48995510        0.27225849        0.12334031        1.37000000        1.27642244
    15.50550072       50.53307482        0.27401455        0.12230462        1.37000000        1.27536183
    15.56459885       50.57619455        0.27576419        0.12127120        1.37000000        1.27430248
    15.62331113       50.61931427        0.27750754        0.12023999        1.37000000        1.27324437
    15.68164447       50.66243400        0.27924470        0.11921092        1.37000000        1.27218750
    15.73960557       50.70555372        0.28097581        0.11818394        1.37000000        1.27113188
    15.79720094       50.74867344        0.28270096        0.11715898        1.37000000        1.27007750
    15.85443684       50.79179317        0.28442027        0.11613599        1.37000000        1.26902435
    15.91131939       50.83491289        0.28613384        0.11511491        1.37000000        1.26797244
    15.96785449       50.87803262        0.28784176        0.11409568        1.37000000        1.26692175
    16.02404788       50.92115234        0.28954415        0.11307827        1.37000000        1.26587229
    16.07990513       50.96427207        0.29124109        0.11206261        1.37000000        1.26482406
    16.13543163       51.00739179        0.29293267        0.11104866        1.37000000        1.26377705
    16.19063263       51.05051152        0.29461899        0.11003637        1.37000000        1.26273126
    16.24551322       51.09363124        0.29630013        0.10902569        1.37000000        1.26168668
    16.30007834       51.13675097        0.29797617        0.10801657        1.37000000        1.26064331
    16.35433281       51.17987069        0.29964720        0.10700898        1.37000000        1.25960116
    16.40828128       51.22299042        0.30131330        0.10600287        1.37000000        1.25856021
    16.46192830       51.26611014        0.30297455        0.10499820        1.37000000        1.25752047
    16.51527829       51.30922987        0.30463102        0.10399493        1.37000000        1.25648193
    16.56833555       51.35234959        0.30628278        0.10299301        1.37000000        1.25544459
    16.62110425       51.39546932        0.30792990        0.10199242        1.37000000        1.25440845
    16.67358845       51.43858904        0.30957246        0.10099310        1.37000000        1.25337350
    16.72579213       51.48170877        0.31121052        0.09999503        1.37000000        1.25233975
    16.77771913       51.52482849        0.31284415        0.09899817        1.37000000        1.25130718
    16.82937321       51.56794822        0.31447340        0.09800249        1.37000000        1.25027580
    16.88075802       51.61106794        0.31609836        0.09700794        1.37000000        1.24924560
    16.93187713       51.65418767        0.31771906        0.09601450        1.37000000        1.24821658
    16.98273400       51.69730739        0.31933558        0.09502214        1.37000000        1.24718874
    17.03333202       51.74042712        0.32094797        0.09403082        1.37000000        1.24616208
    17.08367450       51.78354684        0.32255629        0.09304051        1.37000000        1.24513659
    17.13376464       51.82666657        0.32416059        0.09205118        1.37000000        1.24411227
    17.18360559       51.86978629        0.32576092        0.09106281        1.37000000        1.24308912
    17.23320041       51.91290602        0.32735734        0.09007536        1.37000000        1.24206714
    17.28255207       51.95602574        0.32894990        0.08908880        1.37000000        1.24104632
    17.33166350       51.99914547        0.33053864        0.08810311        1.37000000        1.24002666
    17.38053755       52.04226519        0.33212362        0.08711827        1.37000000        1.23900816
    17.42917698       52.08538491        0.33370488        0.08613423        1.37000000        1.23799082
    17.47758450       52.12850464        0.33528247        0.08515099        1.37000000        1.23697463
    17.52576278       52.17162436        0.33685643        0.08416851        1.37000000        1.23595959
    17.57371439       52.21474409        0.33842681        0.08318677        1.37000000        1.23494570
    17.62144186       52.25786381        0.33999364        0.08220574        1.37000000        1.23393296
    17.66894765       52.30098354        0.34155698        0.08122540        1.37000000        1.23292137
    17.71623419       52.34410326        0.34311686        0.08024574        1.37000000        1.23191091
    17.76330382       52.38722299        0.34467332        0.07926671        1.37000000        1.23090160
    17.81015885       52.43034271        0.34622640        0.07828832        1.37000000        1.22989343
    17.85680154       52.47346244        0.34777614        0.07731052        1.37000000        1.22888639
    17.90323409       52.51658216        0.34932257        0.07633330        1.37000000        1.22788048
    17.94945865       52.55970189        0.35086574        0.07535665        1.37000000        1.22687571
    17.99547733       52.60282161        0.35240567        0.07438053        1.37000000        1.22587206
    18.04129219       52.64594134        0.35394240        0.07340493        1.37000000        1.22486954
    18.08690524       52.68906106        0.35547597        0.07242983        1.37000000        1.22386815
    18.13231847       52.73218079        0.35700641        0.07145521        1.37000000        1.22286788
    18.17753380       52.77530051        0.35853374        0.07048106        1.37000000        1.22186873
    18.22255313       52.81842024        0.36005801        0.06950734        1.37000000        1.22087070
    18.26737829       52.86153996        0.36157925        0.06853405        1.37000000        1.21987378
    18.31201112       52.90465969        0.36309747        0.06756117        1.37000000        1.21887798
    18.35645337       52.94777941        0.36461272        0.06658868        1.37000000        1.21788329
    18.40070678       52.99089914        0.36612502        0.06561656        1.37000000        1.21688971
    18.44477306       53.03401886        0.36763440        0.06464480        1.37000000        1.21589724
    18.48865388       53.07713859        0.36914089        0.06367338        1.37000000        1.21490588
    18.53235085       53.12025831        0.37064451        0.06270228        1.37000000        1.21391561
    18.57586560       53.16337804        0.37214530        0.06173149        1.37000000        1.21292646
    18.61919966       53.20649776        0.37364327        0.06076099        1.37000000        1.21193840
    18.66235460       53.24961749        0.37513846        0.05979077        1.37000000        1.21095144
    18.70533190       53.29273721        0.37663088        0.05882081        1.37000000        1.20996557
    18.74813304       53.33585693        0.37812056        0.05785110        1.37000000        1.20898081
    18.79075947       53.37897666        0.37960754        0.05688162        1.37000000        1.20799713
    18.83321261       53.42209638        0.38109182        0.05591236        1.37000000        1.20701454
    18.87549384       53.46521611        0.38257343        0.05494331        1.37000000        1.20603304
    18.91760453       53.50833583        0.38405240        0.05397444        1.37000000        1.20505263
    18.95954600       53.55145556        0.38552874        0.05300576        1.37000000        1.20407331
    19.00131958       53.59457528        0.38700248        0.05203723        1.37000000        1.20309506
    19.04292654       53.63769501        0.38847364        0.05106886        1.37000000        1.20211790
    19.08436814       53.68081473        0.38994225        0.05010063        1.37000000        1.20114182
    19.12564562       53.72393446        0.39140831        0.04913253        1.37000000        1.20016682
    19.16676020       53.76705418        0.39287185        0.04816454        1.37000000        1.19919289
    19.20771305       53.81017391        0.39433289        0.04719665        1.37000000        1.19822003
    19.24850535       53.85329363        0.39579144        0.04622885        1.37000000        1.19724825
    19.28913825       53.89641336        0.39724754        0.04526113        1.37000000        1.19627754
    19.32961286       53.93953308        0.39870119        0.04429347        1.37000000        1.19530790
    19.36993029       53.98265281        0.40015241        0.04332587        1.37000000        1.19433932
    19.41009162       54.02577253        0.40160122        0.04235832        1.37000000        1.19337181
    19.45009791       54.06889226        0.40304764        0.04139080        1.37000000        1.19240537
    19.48995020       54.11201198        0.40449168        0.04042330        1.37000000        1.19143998
    19.52964953       54.15513171        0.40593337        0.03945581        1.37000000        1.19047566
    19.56919689       54.19825143        0.40737271        0.03848833        1.37000000        1.18951239
    19.60859327       54.24137116        0.40880972        0.03752084        1.37000000        1.18855019
    19.64783963       54.28449088        0.41024443        0.03655333        1.37000000        1.18758903
    19.68693694       54.32761061        0.41167683        0.03558579        1.37000000        1.18662894
    19.72588611       54.37073033        0.41310696        0.03461821        1.37000000        1.18566989
    19.76468808       54.41385006        0.41453481        0.03365058        1.37000000        1.18471190
    19.80334374       54.45696978        0.41596042        0.03268290        1.37000000        1.18375495
    19.84185397       54.50008951        0.41738378        0.03171515        1.37000000        1.18279905
    19.88021965       54.54320923        0.41880493        0.03074733        1.37000000        1.18184420
    19.91844162       54.58632895        0.42022386        0.02977942        1.37000000        1.18089040
    19.95652073       54.62944868        0.42164059        0.02881141        1.37000000        1.17993763
    19.99445780       54.67256840        0.42305514        0.02784331        1.37000000        1.17898591
    20.03225364       54.71568813        0.42446751        0.02687509        1.37000000        1.17803523
    20.06990903       54.75880785        0.42587773        0.02590676        1.37000000        1.17708559
    20.10742477       54.80192758        0.42728579        0.02493830        1.37000000        1.17613698
    20.14480162       54.84504730        0.42869173        0.02396970        1.37000000        1.17518941
    20.18204033       54.88816703        0.43009553        0.02300096        1.37000000        1.17424287
    20.21914165       54.93128675        0.43149723        0.02203207        1.37000000        1.17329737
    20.25610630       54.97440648        0.43289683        0.02106301        1.37000000        1.17235290
    20.29293499       55.01752620        0.43429433        0.02009379        1.37000000        1.17140946
    20.32962843       55.06064593        0.43568976        0.01912440        1.37000000        1.17046704
    20.36618732       55.10376565        0.43708312        0.01815483        1.37000000        1.16952566
    20.40261233       55.14688538        0.43847442        0.01718506        1.37000000        1.16858530
    20.43890411       55.19000510        0.43986368        0.01621510        1.37000000        1.16764596
    20.47506334       55.23312483        0.44125090        0.01524493        1.37000000        1.16670765
    20.51109066       55.27624455        0.44263609        0.01427456        1.37000000        1.16577036
    20.54698669       55.31936428        0.44401926        0.01330396        1.37000000        1.16483409
    20.58275207       55.36248400        0.44540042        0.01233315        1.37000000        1.16389884
    20.61838740       55.40560373        0.44677959        0.01136210        1.37000000        1.16296461
    20.65389328       55.44872345        0.44815677        0.01039081        1.37000000        1.16203140
    20.68927031       55.49184318        0.44953196        0.00941928        1.37000000        1.16109920
    20.72451906       55.53496290        0.45090519        0.00844750        1.37000000        1.16016801
    20.75964011       55.57808263        0.45227645        0.00747546        1.37000000        1.15923784
    20.79463402       55.62120235        0.45364576        0.00650316        1.37000000        1.15830868
    20.82950134       55.66432208        0.45501312        0.00553060        1.37000000        1.15738053
    20.86424262       55.70744180        0.45637854        0.00455775        1.37000000        1.15645339
    20.89885838       55.75056153        0.45774203        0.00358463        1.37000000        1.15552726
    20.93334916       55.79368125        0.45910360        0.00261121        1.37000000        1.15460213
    20.96771545       55.83680098        0.46046326        0.00163751        1.37000000        1.15367801
    21.00195779       55.87992070        0.46182101        0.00066351        1.37000000        1.15275490
    21.03607665       55.92304042        0.46317686       -0.00031080        1.37000000        1.15183279
    21.07007254       55.96616015        0.46453081       -0.00128541        1.37000000        1.15091168
    21.10394594       56.00927987        0.46588288       -0.00226034        1.37000000        1.14999157
    21.13769730       56.05239960        0.46723308       -0.00323559        1.37000000        1.14907246
    21.17132711       56.09551932        0.46858140       -0.00421116        1.37000000        1.14815435
    21.20483582       56.13863905        0.46992785       -0.00518707        1.37000000        1.14723724
    21.23822387       56.18175877        0.47127245       -0.00616331        1.37000000        1.14632113
    21.27149172       56.22487850        0.47261520       -0.00713989        1.37000000        1.14540601
    21.30463979       56.26799822        0.47395610       -0.00811681        1.37000000        1.14449188
    21.33766852       56.31111795        0.47529516       -0.00909409        1.37000000        1.14357875
    21.37057831       56.35423767        0.47663239       -0.01007171        1.37000000        1.14266662
    21.40336959       56.39735740        0.47796779       -0.01104970        1.37000000        1.14175547
    21.43604277       56.44047712        0.47930137       -0.01202806        1.37000000        1.14084531
    21.46859823       56.48359685        0.48063313       -0.01300678        1.37000000        1.13993615
    21.50103638       56.52671657        0.48196308       -0.01398587        1.37000000        1.13902797
    21.53335760       56.56983630        0.48329123       -0.01496534        1.37000000        1.13812078
    21.56556226       56.61295602        0.48461758       -0.01594519        1.37000000        1.13721458
    21.59765074       56.65607575        0.48594213       -0.01692543        1.37000000        1.13630936
    21.62962341       56.69919547        0.48726490       -0.01790606        1.37000000        1.13540512
    21.66148062       56.74231520        0.48858588       -0.01888708        1.37000000        1.13450187
    21.69322273       56.78543492        0.48990508       -0.01986851        1.37000000        1.13359961
    21.72485009       56.82855465        0.49122251       -0.02085033        1.37000000        1.13269832
    21.75636303       56.87167437        0.49253816       -0.02183256        1.37000000        1.13179802
    21.78776189       56.91479410        0.49385206       -0.02281520        1.37000000        1.13089869
    21.81904701       56.95791382        0.49516419       -0.02379825        1.37000000        1.13000035
    21.85021871       57.00103355        0.49647456       -0.02478173        1.37000000        1.12910298
    21.88127730       57.04415327        0.49778319       -0.02576562        1.37000000        1.12820659
    21.91222310       57.08727300        0.49909007       -0.02674994        1.37000000        1.12731118
    21.94305642       57.13039272        0.50039520       -0.02773468        1.37000000        1.12641674
    21.97377755       57.17351244        0.50169860       -0.02871986        1.37000000        1.12552327
    22.00438679       57.21663217        0.50300026       -0.02970548        1.37000000        1.12463078
    22.03488444       57.25975189        0.50430018       -0.03069153        1.37000000        1.12373927
    22.06527079       57.30287162        0.50559839       -0.03167802        1.37000000        1.12284872
    22.09554611       57.34599134        0.50689486       -0.03266496        1.37000000        1.12195915
    22.12571067       57.38911107        0.50818962       -0.03365235        1.37000000        1.12107055
    22.15576475       57.43223079        0.50948266       -0.03464019        1.37000000        1.12018292
    22.18570862       57.47535052        0.51077399       -0.03562849        1.37000000        1.11929625
    22.21554254       57.51847024        0.51206361       -0.03661724        1.37000000        1.11841056
    22.24526677       57.56158997        0.51335152       -0.03760645        1.37000000        1.11752583
    22.27488154       57.60470969        0.51463773       -0.03859613        1.37000000        1.11664207
    22.30438713       57.64782942        0.51592224       -0.03958627        1.37000000        1.11575928
    22.33378376       57.69094914        0.51720505       -0.04057689        1.37000000        1.11487745
    22.36307167       57.73406887        0.51848617       -0.04156797        1.37000000        1.11399659
    22.39225110       57.77718859        0.51976560       -0.04255953        1.37000000        1.11311669
    22.42132228       57.82030832        0.52104333       -0.04355157        1.37000000        1.11223775
    22.45028544       57.86342804        0.52231939       -0.04454409        1.37000000        1.11135978
    22.47914080       57.90654777        0.52359376       -0.04553709        1.37000000        1.11048276
    22.50788856       57.94966749        0.52486645       -0.04653058        1.37000000        1.10960671
    22.53652894       57.99278722        0.52613747       -0.04752455        1.37000000        1.10873162
    22.56506216       58.03590694        0.52740681       -0.04851901        1.37000000        1.10785749
    22.59348842       58.07902667        0.52867448       -0.04951397        1.37000000        1.10698432
    22.62180792       58.12214639        0.52994048       -0.05050942        1.37000000        1.10611211
    22.65002084       58.16526612        0.53120481       -0.05150537        1.37000000        1.10524085
    22.67812740       58.20838584        0.53246747       -0.05250181        1.37000000        1.10437055
    22.70612777       58.25150557        0.53372848       -0.05349876        1.37000000        1.10350121
    22.73402215       58.29462529        0.53498782       -0.05449621        1.37000000        1.10263283
    22.76181070       58.33774502        0.53624550       -0.05549417        1.37000000        1.10176540
    22.78949362       58.38086474        0.53750153       -0.05649263        1.37000000        1.10089892
    22.81707107       58.42398446        0.53875590       -0.05749161        1.37000000        1.10003341
    22.84454322       58.46710419        0.54000862       -0.05849109        1.37000000        1.09916884
    22.87191025       58.51022391        0.54125969       -0.05949109        1.37000000        1.09830523
    22.89917231       58.55334364        0.54250911       -0.06049160        1.37000000        1.09744257
    22.92632957       58.59646336        0.54375689       -0.06149263        1.37000000        1.09658086
    22.95338217       58.63958309        0.54500301       -0.06249418        1.37000000        1.09572010
    22.98033029       58.68270281        0.54624750       -0.06349625        1.37000000        1.09486030
    23.00717405       58.72582254        0.54749034       -0.06449884        1.37000000        1.09400144
    23.03391362       58.76894226        0.54873154       -0.06550196        1.37000000        1.09314354
    23.06054913       58.81206199        0.54997110       -0.06650560        1.37000000        1.09228659
    23.08708072       58.85518171        0.55120902       -0.06750976        1.37000000        1.09143058
    23.11350854       58.89830144        0.55244531       -0.06851445        1.37000000        1.09057552
    23.13983270       58.94142116        0.55367996       -0.06951968        1.37000000        1.08972142
    23.16605336       58.98454089        0.55491298       -0.07052543        1.37000000        1.08886826
    23.19217062       59.02766061        0.55614437       -0.07153172        1.37000000        1.08801604
    23.21818462       59.07078034        0.55737412       -0.07253854        1.37000000        1.08716478
    23.24409547       59.11390006        0.55860224       -0.07354589        1.37000000        1.08631446
    23.26990330       59.15701979        0.55982874       -0.07455378        1.37000000        1.08546508
    23.29560823       59.20013951        0.56105361       -0.07556221        1.37000000        1.08461666
    23.32121035       59.24325924        0.56227685       -0.07657117        1.37000000        1.08376917
    23.34670979       59.28637896        0.56349846       -0.07758067        1.37000000        1.08292263
    23.37210665       59.32949869        0.56471845       -0.07859072        1.37000000        1.08207704
    23.39740103       59.37261841        0.56593681       -0.07960130        1.37000000        1.08123239
    23.42259303       59.41573814        0.56715356       -0.08061243        1.37000000        1.08038869
    23.44768276       59.45885786        0.56836867       -0.08162410        1.37000000        1.07954592
    23.47267031       59.50197759        0.56958217       -0.08263631        1.37000000        1.07870410
    23.49755577       59.54509731        0.57079405       -0.08364907        1.37000000        1.07786323
    23.52233923       59.58821704        0.57200430       -0.08466237        1.37000000        1.07702329
    23.54702078       59.63133676        0.57321294       -0.08567622        1.37000000        1.07618430
    23.57160051       59.67445649        0.57441995       -0.08669062        1.37000000        1.07534625
    23.59607849       59.71757621        0.57562535       -0.08770556        1.37000000        1.07450914
    23.62045481       59.76069593        0.57682913       -0.08872105        1.37000000        1.07367297
    23.64472954       59.80381566        0.57803129       -0.08973709        1.37000000        1.07283774
    23.66890276       59.84693538        0.57923184       -0.09075368        1.37000000        1.07200345
    23.69297454       59.89005511        0.58043076       -0.09177082        1.37000000        1.07117010
    23.71694495       59.93317483        0.58162808       -0.09278851        1.37000000        1.07033769
    23.74081407       59.97629456        0.58282377       -0.09380675        1.37000000        1.06950622
    23.76458194       60.01941428        0.58401785       -0.09482554        1.37000000        1.06867569
    23.78824864       60.06253401        0.58521031       -0.09584488        1.37000000        1.06784610
    23.81181422       60.10565373        0.58640116       -0.09686477        1.37000000        1.06701745
    23.83527875       60.14877346        0.58759039       -0.09788521        1.37000000        1.06618974
    23.85864228       60.19189318        0.58877801       -0.09890621        1.37000000        1.06536296
    23.88190486       60.23501291        0.58996402       -0.09992776        1.37000000        1.06453712
    23.90506655       60.27813263        0.59114840       -0.10094986        1.37000000        1.06371222
    23.92812739       60.32125236        0.59233118       -0.10197251        1.37000000        1.06288826
    23.95108743       60.36437208        0.59351234       -0.10299571        1.37000000        1.06206524
    23.97394671       60.40749181        0.59469188       -0.10401946        1.37000000        1.06124315
    23.99670527       60.45061153        0.59586981       -0.10504377        1.37000000        1.06042200
    24.01936317       60.49373126        0.59704612       -0.10606863        1.37000000        1.05960179
    24.04192042       60.53685098        0.59822082       -0.10709404        1.37000000        1.05878251
    24.06437708       60.57997071        0.59939391       -0.10812000        1.37000000        1.05796417
    24.08673317       60.62309043        0.60056538       -0.10914651        1.37000000        1.05714677
    24.10898872       60.66621016        0.60173523       -0.11017358        1.37000000        1.05633030
    24.13114377       60.70932988        0.60290347       -0.11120119        1.37000000        1.05551477
    24.15319834       60.75244961        0.60407009       -0.11222936        1.37000000        1.05470017
    24.17515245       60.79556933        0.60523509       -0.11325807        1.37000000        1.05388651
    24.19700614       60.83868906        0.60639848       -0.11428734        1.37000000        1.05307379
    24.21875941       60.88180878        0.60756025       -0.11531715        1.37000000        1.05226200
    24.24041230       60.92492851        0.60872041       -0.11634752        1.37000000        1.05145115
    24.26196481       60.96804823        0.60987895       -0.11737843        1.37000000        1.05064123
    24.28341697       61.01116795        0.61103587       -0.11840988        1.37000000        1.04983225
    24.30476878       61.05428768        0.61219117       -0.11944189        1.37000000        1.04902420
    24.32602027       61.09740740        0.61334485       -0.12047444        1.37000000        1.04821709
    24.34717143       61.14052713        0.61449691       -0.12150754        1.37000000        1.04741091
    24.36822227       61.18364685        0.61564735       -0.12254118        1.37000000        1.04660567
    24.38917281       61.22676658        0.61679617       -0.12357536        1.37000000        1.04580136
    24.41002305       61.26988630        0.61794337       -0.12461009        1.37000000        1.04499799
    24.43077298       61.31300603        0.61908895       -0.12564536        1.37000000        1.04419555
    24.45142261       61.35612575        0.62023290       -0.12668117        1.37000000        1.04339405
    24.47197194       61.39924548        0.62137523       -0.12771752        1.37000000        1.04259348
    24.49242096       61.44236520        0.62251594       -0.12875441        1.37000000        1.04179385
    24.51276968       61.48548493        0.62365503       -0.12979184        1.37000000        1.04099515
    24.53301807       61.52860465        0.62479248       -0.13082981        1.37000000        1.04019739
    24.55316614       61.57172438        0.62592832       -0.13186831        1.37000000        1.03940056
    24.57321387       61.61484410        0.62706252       -0.13290735        1.37000000        1.03860466
    24.59316126       61.65796383        0.62819510       -0.13394692        1.37000000        1.03780970
    24.61300828       61.70108355        0.62932605       -0.13498702        1.37000000        1.03701568
    24.63275493       61.74420328        0.63045537       -0.13602766        1.37000000        1.03622259
    24.65240118       61.78732300        0.63158306       -0.13706882        1.37000000        1.03543043
    24.67194702       61.83044273        0.63270911       -0.13811051        1.37000000        1.03463921
    24.69139243       61.87356245        0.63383354       -0.13915273        1.37000000        1.03384893
    24.71073738       61.91668218        0.63495633       -0.14019548        1.37000000        1.03305958
    24.72998186       61.95980190        0.63607749       -0.14123874        1.37000000        1.03227116
    24.74912583       62.00292163        0.63719702       -0.14228254        1.37000000        1.03148368
    24.76816927       62.04604135        0.63831490       -0.14332685        1.37000000        1.03069714
    24.78711215       62.08916108        0.63943115       -0.14437168        1.37000000        1.02991153
    24.80595445       62.13228080        0.64054577       -0.14541703        1.37000000        1.02912685
    24.82469613       62.17540053        0.64165874       -0.14646289        1.37000000        1.02834312
    24.84333714       62.21852025        0.64277007       -0.14750927        1.37000000        1.02756031
    24.86187748       62.26163998        0.64387976       -0.14855616        1.37000000        1.02677845
    24.88031709       62.30475970        0.64498781       -0.14960357        1.37000000        1.02599751
    24.89865593       62.34787942        0.64609422       -0.15065148        1.37000000        1.02521752
    24.91689398       62.39099915        0.64719898       -0.15169989        1.37000000        1.02443846
    24.93503118       62.43411887        0.64830209       -0.15274882        1.37000000        1.02366034
    24.95306750       62.47723860        0.64940356       -0.15379824        1.37000000        1.02288315
    24.97100289       62.52035832        0.65050337       -0.15484817        1.37000000        1.02210690
    24.98883731       62.56347805        0.65160154       -0.15589859        1.37000000        1.02133158
    25.00657071       62.60659777        0.65269806       -0.15694951        1.37000000        1.02055721
    25.02420304       62.64971750        0.65379292       -0.15800092        1.37000000        1.01978377
    25.04173425       62.69283722        0.65488613       -0.15905283        1.37000000        1.01901126
    25.05916430       62.73595695        0.65597769       -0.16010523        1.37000000        1.01823970
    25.07649312       62.77907667        0.65706759       -0.16115811        1.37000000        1.01746907
    25.09372067       62.82219640        0.65815583       -0.16221148        1.37000000        1.01669938
    25.11084688       62.86531612        0.65924241       -0.16326533        1.37000000        1.01593063
    25.12787172       62.90843585        0.66032733       -0.16431966        1.37000000        1.01516281
    25.14479510       62.95155557        0.66141059       -0.16537447        1.37000000        1.01439593
    25.16161698       62.99467530        0.66249218       -0.16642975        1.37000000        1.01363000
    25.17833730       63.03779502        0.66357211       -0.16748551        1.37000000        1.01286500
    25.19495598       63.08091475        0.66465038       -0.16854173        1.37000000        1.01210094
    25.21147298       63.12403447        0.66572697       -0.16959843        1.37000000        1.01133782
    25.22788822       63.16715420        0.66680190       -0.17065559        1.37000000        1.01057563
    25.24420164       63.21027392        0.66787515       -0.17171321        1.37000000        1.00981439
    25.26041317       63.25339365        0.66894674       -0.17277128        1.37000000        1.00905409
    25.27652274       63.29651337        0.67001664       -0.17382982        1.37000000        1.00829473
    25.29253028       63.33963310        0.67108488       -0.17488881        1.37000000        1.00753631
    25.30843572       63.38275282        0.67215143       -0.17594824        1.37000000        1.00677883
    25.32423899       63.42587255        0.67321631       -0.17700813        1.37000000        1.00602229
    25.33994001       63.46899227        0.67427950       -0.17806846        1.37000000        1.00526669
    25.35553871       63.51211200        0.67534101       -0.17912923        1.37000000        1.00451203
    25.37103500       63.55523172        0.67640084       -0.18019044        1.37000000        1.00375832
    25.38642882       63.59835144        0.67745898       -0.18125208        1.37000000        1.00300555
    25.40172009       63.64147117        0.67851544       -0.18231415        1.37000000        1.00225372
    25.41690871       63.68459089        0.67957020       -0.18337666        1.37000000        1.00150283
    25.43199462       63.72771062        0.68062328       -0.18443958        1.37000000        1.00075289
    25.44697772       63.77083034        0.68167466       -0.18550293        1.37000000        1.00000389
    25.46185794       63.81395007        0.68272435       -0.18656670        1.37000000        0.99925583
    25.47663519       63.85706979        0.68377234       -0.18763088        1.37000000        0.99850872
    25.49130938       63.90018952        0.68481863       -0.18869547        1.37000000        0.99776255
    25.50588042       63.94330924        0.68586323       -0.18976047        1.37000000        0.99701733
    25.52034823       63.98642897        0.68690612       -0.19082588        1.37000000        0.99627305
    25.53471271       64.02954869        0.68794731       -0.19189168        1.37000000        0.99552971
    25.54897378       64.07266842        0.68898679       -0.19295788        1.37000000        0.99478733
    25.56313133       64.11578814        0.69002457       -0.19402447        1.37000000        0.99404589
    25.57718529       64.15890787        0.69106063       -0.19509146        1.37000000        0.99330539
    25.59113554       64.20202759        0.69209499       -0.19615882        1.37000000        0.99256585
    25.60498200       64.24514732        0.69312763       -0.19722657        1.37000000        0.99182725
    25.61872457       64.28826704        0.69415855       -0.19829470        1.37000000        0.99108960
    25.63236314       64.33138677        0.69518776       -0.19936319        1.37000000        0.99035290
    25.64589763       64.37450649        0.69621526       -0.20043206        1.37000000        0.98961714
    25.65932793       64.41762622        0.69724103       -0.20150129        1.37000000        0.98888234
    25.67265393       64.46074594        0.69826507       -0.20257089        1.37000000        0.98814848
    25.68587554       64.50386567        0.69928739       -0.20364084        1.37000000        0.98741557
    25.69899264       64.54698539        0.70030799       -0.20471114        1.37000000        0.98668362
    25.71200515       64.59010512        0.70132686       -0.20578179        1.37000000        0.98595261
    25.72491294       64.63322484        0.70234399       -0.20685278        1.37000000        0.98522256
    25.73771591       64.67634457        0.70335939       -0.20792411        1.37000000        0.98449346
    25.75041395       64.71946429        0.70437306       -0.20899578        1.37000000        0.98376531
    25.76300696       64.76258402        0.70538499       -0.21006778        1.37000000        0.98303811
    25.77549481       64.80570374        0.70639518       -0.21114010        1.37000000        0.98231187
    25.78787740       64.84882346        0.70740363       -0.21221275        1.37000000        0.98158658
    25.80015463       64.89194319        0.70841033       -0.21328571        1.37000000        0.98086224
    25.81232636       64.93506291        0.70941529       -0.21435898        1.37000000        0.98013886
    25.82439249       64.97818264        0.71041850       -0.21543256        1.37000000        0.97941643
    25.83635290       65.02130236        0.71141996       -0.21650644        1.37000000        0.97869496
    25.84820748       65.06442209        0.71241967       -0.21758061        1.37000000        0.97797444
    25.85995610       65.10754181        0.71341762       -0.21865508        1.37000000        0.97725488
    25.87159864       65.15066154        0.71441382       -0.21972984        1.37000000        0.97653628
    25.88313499       65.19378126        0.71540825       -0.22080488        1.37000000        0.97581864
    25.89456502       65.23690099        0.71640093       -0.22188019        1.37000000        0.97510195
    25.90588862       65.28002071        0.71739184       -0.22295578        1.37000000        0.97438622
    25.91710564       65.32314044        0.71838099       -0.22403163        1.37000000        0.97367145
    25.92821599       65.36626016        0.71936837       -0.22510774        1.37000000        0.97295764
    25.93921952       65.40937989        0.72035397       -0.22618411        1.37000000        0.97224479
    25.95011611       65.45249961        0.72133781       -0.22726073        1.37000000        0.97153290
    25.96090564       65.49561934        0.72231987       -0.22833759        1.37000000        0.97082197
    25.97158796       65.53873906        0.72330015       -0.22941470        1.37000000        0.97011201
    25.98216297       65.58185879        0.72427865       -0.23049203        1.37000000        0.96940300
    25.99263051       65.62497851        0.72525537       -0.23156960        1.37000000        0.96869496
    26.00299046       65.66809824        0.72623030       -0.23264739        1.37000000        0.96798788
    26.01324270       65.71121796        0.72720345       -0.23372539        1.37000000        0.96728177
    26.02338708       65.75433769        0.72817481       -0.23480361        1.37000000        0.96657662
    26.03342347       65.79745741        0.72914437       -0.23588203        1.37000000        0.96587244
    26.04335174       65.84057714        0.73011215       -0.23696065        1.37000000        0.96516922
    26.05317174       65.88369686        0.73107812       -0.23803946        1.37000000        0.96446697
    26.06288334       65.92681659        0.73204230       -0.23911846        1.37000000        0.96376568
    26.07248641       65.96993631        0.73300467       -0.24019764        1.37000000        0.96306536
    26.08198079       66.01305604        0.73396524       -0.24127699        1.37000000        0.96236601
    26.09136637       66.05617576        0.73492400       -0.24235652        1.37000000        0.96166763
    26.10064298       66.09929549        0.73588095       -0.24343620        1.37000000        0.96097022
    26.10981048       66.14241521        0.73683610       -0.24451605        1.37000000        0.96027378
    26.11886874       66.18553493        0.73778942       -0.24559604        1.37000000        0.95957831
    26.12781761       66.22865466        0.73874093       -0.24667617        1.37000000        0.95888381
    26.13665695       66.27177438        0.73969062       -0.24775644        1.37000000        0.95819028
    26.14538660       66.31489411        0.74063849       -0.24883685        1.37000000        0.95749773
    26.15400642       66.35801383        0.74158454       -0.24991737        1.37000000        0.95680615
    26.16251627       66.40113356        0.74252875       -0.25099801        1.37000000        0.95611554
    26.17091599       66.44425328        0.74347114       -0.25207876        1.37000000        0.95542590
    26.17920543       66.48737301        0.74441169       -0.25315962        1.37000000        0.95473725
    26.18738445       66.53049273        0.74535041       -0.25424057        1.37000000        0.95404956
    26.19545289       66.57361246        0.74628729       -0.25532161        1.37000000        0.95336286
    26.20341060       66.61673218        0.74722233       -0.25640273        1.37000000        0.95267713
    26.21125742       66.65985191        0.74815553       -0.25748393        1.37000000        0.95199238
    26.21899320       66.70297163        0.74908688       -0.25856519        1.37000000        0.95130861
    26.22661779       66.74609136        0.75001638       -0.25964652        1.37000000        0.95062581
    26.23413102       66.78921108        0.75094403       -0.26072790        1.37000000        0.94994400
    26.24153275       66.83233081        0.75186983       -0.26180932        1.37000000        0.94926317
    26.24882281       66.87545053        0.75279377       -0.26289079        1.37000000        0.94858332
    26.25600104       66.91857026        0.75371585       -0.26397228        1.37000000        0.94790445
    26.26306729       66.96168998        0.75463607       -0.26505380        1.37000000        0.94722656
    26.27002138       67.00480971        0.75555442       -0.26613534        1.37000000        0.94654966
    26.27686317       67.04792943        0.75647091       -0.26721688        1.37000000        0.94587374
    26.28359250       67.09104916        0.75738552       -0.26829842        1.37000000        0.94519881
    26.29020918       67.13416888        0.75829826       -0.26937996        1.37000000        0.94452486
    26.29671307       67.17728861        0.75920913       -0.27046148        1.37000000        0.94385190
    26.30310399       67.22040833        0.76011811       -0.27154298        1.37000000        0.94317992
    26.30938178       67.26352806        0.76102521       -0.27262445        1.37000000        0.94250894
    26.31554627       67.30664778        0.76193043       -0.27370588        1.37000000        0.94183894
    26.32159731       67.34976751        0.76283376       -0.27478726        1.37000000        0.94116993
    26.32753470       67.39288723        0.76373520       -0.27586859        1.37000000        0.94050191
    26.33335830       67.43600695        0.76463475       -0.27694985        1.37000000        0.93983488
    26.33906791       67.47912668        0.76553239       -0.27803104        1.37000000        0.93916885
    26.34466339       67.52224640        0.76642814       -0.27911216        1.37000000        0.93850381
    26.35014455       67.56536613        0.76732199       -0.28019318        1.37000000        0.93783976
    26.35551122       67.60848585        0.76821393       -0.28127410        1.37000000        0.93717670
    26.36076323       67.65160558        0.76910396       -0.28235492        1.37000000        0.93651464
    26.36590040       67.69472530        0.76999208       -0.28343562        1.37000000        0.93585357
    26.37092255       67.73784503        0.77087829       -0.28451620        1.37000000        0.93519351
    26.37582952       67.78096475        0.77176257       -0.28559665        1.37000000        0.93453443
    26.38062112       67.82408448        0.77264494       -0.28667696        1.37000000        0.93387636
    26.38529718       67.86720420        0.77352538       -0.28775711        1.37000000        0.93321929
    26.38985752       67.91032393        0.77440390       -0.28883711        1.37000000        0.93256321
    26.39430195       67.95344365        0.77528049       -0.28991694        1.37000000        0.93190814
    26.39863030       67.99656338        0.77615514       -0.29099659        1.37000000        0.93125406
    26.40284238       68.03968310        0.77702786       -0.29207605        1.37000000        0.93060099
    26.40693802       68.08280283        0.77789864       -0.29315532        1.37000000        0.92994892
    26.41091703       68.12592255        0.77876748       -0.29423438        1.37000000        0.92929786
    26.41477924       68.16904228        0.77963437       -0.29531323        1.37000000        0.92864780
    26.41852444       68.21216200        0.78049931       -0.29639185        1.37000000        0.92799875
    26.42215247       68.25528173        0.78136230       -0.29747024        1.37000000        0.92735070
    26.42566312       68.29840145        0.78222334       -0.29854838        1.37000000        0.92670366
    26.42905623       68.34152118        0.78308242       -0.29962627        1.37000000        0.92605763
    26.43233159       68.38464090        0.78393953       -0.30070390        1.37000000        0.92541260
    26.43548902       68.42776063        0.78479469       -0.30178125        1.37000000        0.92476859
    26.43852833       68.47088035        0.78564787       -0.30285831        1.37000000        0.92412558
    26.44144934       68.51400008        0.78649909       -0.30393509        1.37000000        0.92348359
    26.44425184       68.55711980        0.78734833       -0.30501156        1.37000000        0.92284261
    26.44693566       68.60023953        0.78819559       -0.30608771        1.37000000        0.92220265
    26.44950059       68.64335925        0.78904087       -0.30716354        1.37000000        0.92156370
    26.45194645       68.68647897        0.78988417       -0.30823904        1.37000000        0.92092576
    26.45427303       68.72959870        0.79072548       -0.30931419        1.37000000        0.92028884
    26.45648015       68.77271842        0.79156479       -0.31038898        1.37000000        0.91965293
    26.45856762       68.81583815        0.79240212       -0.31146341        1.37000000        0.91901805
    26.46053522       68.85895787        0.79323745       -0.31253746        1.37000000        0.91838418
    26.46238278       68.90207760        0.79407077       -0.31361112        1.37000000        0.91775133
    26.46411008       68.94519732        0.79490210       -0.31468438        1.37000000        0.91711950
    26.46571694       68.98831705        0.79573141       -0.31575723        1.37000000        0.91648869
    26.46720315       69.03143677        0.79655871       -0.31682966        1.37000000        0.91585891
    26.46856851       69.07455650        0.79738400       -0.31790166        1.37000000        0.91523015
    26.46981283       69.11767622        0.79820727       -0.31897321        1.37000000        0.91460241
    26.47093590       69.16079595        0.79902852       -0.32004431        1.37000000        0.91397570
    26.47193751       69.20391567        0.79984775       -0.32111494        1.37000000        0.91335001
    26.47281748       69.24703540        0.80066495       -0.32218510        1.37000000        0.91272535
    26.47357558       69.29015512        0.80148011       -0.32325476        1.37000000        0.91210172
    26.47421162       69.33327485        0.80229324       -0.32432393        1.37000000        0.91147912
    26.47472540       69.37639457        0.80310433       -0.32539258        1.37000000        0.91085755
    26.47511671       69.41951430        0.80391338       -0.32646071        1.37000000        0.91023700
    26.47538533       69.46263402        0.80472038       -0.32752830        1.37000000        0.90961749
    26.47553107       69.50575375        0.80552533       -0.32859535        1.37000000        0.90899902
    26.47555372       69.54887347        0.80632823       -0.32966183        1.37000000        0.90838157
