#  Theta paroi en deg Angle Choc en deg       Kp           Inverse Mach       Mach amont       Mach aval
     0.00000000       19.33712290        0.00000000        0.66887417        3.02000000
     1.59642188       19.33924279        0.00432639        0.66686841        3.02000000        3.01983569
     1.92796381       19.34220888        0.00592789        0.66613442        3.02000000        3.01960584
     2.28375436       19.34771361        0.00784732        0.66526059        3.02000000        3.01917941
     2.66725464       19.35744938        0.01013111        0.66422904        3.02000000        3.01842567
     3.06349460       19.37310862        0.01270907        0.66307500        3.02000000        3.01721457
     3.46376535       19.39638375        0.01552546        0.66182649        3.02000000        3.01541723
     3.86495633       19.42896719        0.01855195        0.66049870        3.02000000        3.01290663
     4.26687847       19.47255136        0.02178026        0.65909769        3.02000000        3.00955844
     4.67068292       19.52882867        0.02521515        0.65762381        3.02000000        3.00525193
     5.07809456       19.59949155        0.02887017        0.65607381        3.02000000        2.99987100
     5.41981432       19.67015442        0.03207966        0.65472778        3.02000000        2.99451897
     5.71892473       19.74081730        0.03499510        0.65351681        3.02000000        2.98919533
     5.98788296       19.81148018        0.03770039        0.65240280        3.02000000        2.98389956
     6.23424078       19.88214305        0.04024743        0.65136221        3.02000000        2.97863117
     6.46295019       19.95280593        0.04267079        0.65037935        3.02000000        2.97338968
     6.67744830       20.02346881        0.04499478        0.64944320        3.02000000        2.96817460
     6.88022602       20.09413168        0.04723721        0.64854567        3.02000000        2.96298549
     7.07315084       20.16479456        0.04941154        0.64768066        3.02000000        2.95782188
     7.25766171       20.23545744        0.05152825        0.64684340        3.02000000        2.95268333
     7.43489283       20.30612032        0.05359562        0.64603013        3.02000000        2.94756942
     7.60575520       20.37678319        0.05562037        0.64523780        3.02000000        2.94247971
     7.77099259       20.44744607        0.05760799        0.64446390        3.02000000        2.93741379
     7.93122056       20.51810895        0.05956306        0.64370633        3.02000000        2.93237126
     8.08695501       20.58877182        0.06148941        0.64296336        3.02000000        2.92735173
     8.23863275       20.65943470        0.06339031        0.64223347        3.02000000        2.92235480
     8.38662724       20.73009758        0.06526856        0.64151538        3.02000000        2.91738009
     8.53126043       20.80076046        0.06712656        0.64080798        3.02000000        2.91242724
     8.67281201       20.87142333        0.06896643        0.64011030        3.02000000        2.90749588
     8.81152658       20.94208621        0.07079001        0.63942150        3.02000000        2.90258566
     8.94761940       21.01274909        0.07259890        0.63874081        3.02000000        2.89769623
     9.08128100       21.08341196        0.07439455        0.63806756        3.02000000        2.89282724
     9.21268087       21.15407484        0.07617822        0.63740117        3.02000000        2.88797838
     9.34197047       21.22473772        0.07795107        0.63674109        3.02000000        2.88314930
     9.46928581       21.29540060        0.07971412        0.63608685        3.02000000        2.87833970
     9.59474949       21.36606347        0.08146827        0.63543801        3.02000000        2.87354925
     9.71847242       21.43672635        0.08321438        0.63479416        3.02000000        2.86877767
     9.84055529       21.50738923        0.08495318        0.63415496        3.02000000        2.86402463
     9.96108985       21.57805210        0.08668537        0.63352008        3.02000000        2.85928986
    10.08015992       21.64871498        0.08841157        0.63288920        3.02000000        2.85457306
    10.19784228       21.71937786        0.09013235        0.63226206        3.02000000        2.84987396
    10.31420748       21.79004074        0.09184825        0.63163840        3.02000000        2.84519227
    10.42932054       21.86070361        0.09355973        0.63101798        3.02000000        2.84052774
    10.54324142       21.93136649        0.09526724        0.63040059        3.02000000        2.83588009
    10.65602567       22.00202937        0.09697120        0.62978602        3.02000000        2.83124906
    10.76772476       22.07269224        0.09867197        0.62917408        3.02000000        2.82663442
    10.87838653       22.14335512        0.10036991        0.62856459        3.02000000        2.82203589
    10.98805550       22.21401800        0.10206534        0.62795741        3.02000000        2.81745325
    11.09677321       22.28468088        0.10375857        0.62735236        3.02000000        2.81288626
    11.20457845       22.35534375        0.10544987        0.62674931        3.02000000        2.80833467
    11.31150752       22.42600663        0.10713950        0.62614811        3.02000000        2.80379827
    11.41759444       22.49666951        0.10882771        0.62554866        3.02000000        2.79927682
    11.52287117       22.56733238        0.11051472        0.62495082        3.02000000        2.79477012
    11.62736769       22.63799526        0.11220075        0.62435448        3.02000000        2.79027794
    11.73111228       22.70865814        0.11388600        0.62375954        3.02000000        2.78580007
    11.83413154       22.77932101        0.11557064        0.62316589        3.02000000        2.78133631
    11.93645063       22.84998389        0.11725487        0.62257345        3.02000000        2.77688645
    12.03809325       22.92064677        0.11893883        0.62198211        3.02000000        2.77245030
    12.13908188       22.99130965        0.12062269        0.62139181        3.02000000        2.76802765
    12.23943776       23.06197252        0.12230659        0.62080244        3.02000000        2.76361833
    12.33918106       23.13263540        0.12399066        0.62021395        3.02000000        2.75922214
    12.43833087       23.20329828        0.12567504        0.61962624        3.02000000        2.75483890
    12.53690539       23.27396115        0.12735984        0.61903926        3.02000000        2.75046843
    12.63492187       23.34462403        0.12904518        0.61845294        3.02000000        2.74611055
    12.73239672       23.41528691        0.13073117        0.61786721        3.02000000        2.74176509
    12.82934563       23.48594979        0.13241791        0.61728201        3.02000000        2.73743189
    12.92578347       23.55661266        0.13410549        0.61669729        3.02000000        2.73311077
    13.02172451       23.62727554        0.13579402        0.61611298        3.02000000        2.72880156
    13.11718231       23.69793842        0.13748356        0.61552904        3.02000000        2.72450413
    13.21216987       23.76860129        0.13917421        0.61494541        3.02000000        2.72021829
    13.30669960       23.83926417        0.14086604        0.61436205        3.02000000        2.71594391
    13.40078337       23.90992705        0.14255913        0.61377890        3.02000000        2.71168083
    13.49443257       23.98058993        0.14425354        0.61319593        3.02000000        2.70742889
    13.58765810       24.05125280        0.14594934        0.61261308        3.02000000        2.70318797
    13.68047040       24.12191568        0.14764659        0.61203031        3.02000000        2.69895791
    13.77287950       24.19257856        0.14934535        0.61144760        3.02000000        2.69473858
    13.86489504       24.26324143        0.15104568        0.61086489        3.02000000        2.69052983
    13.95652627       24.33390431        0.15274763        0.61028214        3.02000000        2.68633154
    14.04778206       24.40456719        0.15445125        0.60969933        3.02000000        2.68214357
    14.13867099       24.47523007        0.15615658        0.60911642        3.02000000        2.67796579
    14.22920126       24.54589294        0.15786369        0.60853337        3.02000000        2.67379807
    14.31938081       24.61655582        0.15957260        0.60795015        3.02000000        2.66964030
    14.40921726       24.68721870        0.16128335        0.60736672        3.02000000        2.66549234
    14.49871798       24.75788157        0.16299600        0.60678307        3.02000000        2.66135408
    14.58789006       24.82854445        0.16471057        0.60619915        3.02000000        2.65722540
    14.67674033       24.89920733        0.16642709        0.60561495        3.02000000        2.65310619
    14.76527539       24.96987020        0.16814561        0.60503042        3.02000000        2.64899633
    14.85350163       25.04053308        0.16986615        0.60444555        3.02000000        2.64489571
    14.94142521       25.11119596        0.17158875        0.60386031        3.02000000        2.64080422
    15.02905208       25.18185884        0.17331343        0.60327467        3.02000000        2.63672175
    15.11638799       25.25252171        0.17504022        0.60268861        3.02000000        2.63264820
    15.20343853       25.32318459        0.17676914        0.60210210        3.02000000        2.62858346
    15.29020906       25.39384747        0.17850023        0.60151512        3.02000000        2.62452744
    15.37670480       25.46451034        0.18023349        0.60092765        3.02000000        2.62048003
    15.46293082       25.53517322        0.18196896        0.60033966        3.02000000        2.61644114
    15.54889199       25.60583610        0.18370665        0.59975114        3.02000000        2.61241067
    15.63459308       25.67649898        0.18544659        0.59916206        3.02000000        2.60838852
    15.72003866       25.74716185        0.18718879        0.59857240        3.02000000        2.60437461
    15.80523320       25.81782473        0.18893327        0.59798214        3.02000000        2.60036884
    15.89018102       25.88848761        0.19068004        0.59739127        3.02000000        2.59637112
    15.97488633       25.95915048        0.19242913        0.59679975        3.02000000        2.59238136
    16.05935319       26.02981336        0.19418055        0.59620759        3.02000000        2.58839949
    16.14358556       26.10047624        0.19593430        0.59561475        3.02000000        2.58442541
    16.22758729       26.17113912        0.19769041        0.59502122        3.02000000        2.58045905
    16.31136211       26.24180199        0.19944889        0.59442698        3.02000000        2.57650031
    16.39491365       26.31246487        0.20120974        0.59383201        3.02000000        2.57254913
    16.47824544       26.38312775        0.20297298        0.59323630        3.02000000        2.56860541
    16.56136091       26.45379062        0.20473861        0.59263984        3.02000000        2.56466909
    16.64426340       26.52445350        0.20650666        0.59204260        3.02000000        2.56074010
    16.72695616       26.59511638        0.20827712        0.59144457        3.02000000        2.55681834
    16.80944235       26.66577926        0.21005000        0.59084573        3.02000000        2.55290376
    16.89172505       26.73644213        0.21182532        0.59024608        3.02000000        2.54899628
    16.97380725       26.80710501        0.21360307        0.58964559        3.02000000        2.54509583
    17.05569188       26.87776789        0.21538327        0.58904425        3.02000000        2.54120233
    17.13738178       26.94843076        0.21716592        0.58844205        3.02000000        2.53731573
    17.21887972       27.01909364        0.21895102        0.58783897        3.02000000        2.53343596
    17.30018841       27.08975652        0.22073859        0.58723500        3.02000000        2.52956294
    17.38131047       27.16041939        0.22252862        0.58663013        3.02000000        2.52569662
    17.46224849       27.23108227        0.22432112        0.58602434        3.02000000        2.52183693
    17.54300496       27.30174515        0.22611609        0.58541762        3.02000000        2.51798382
    17.62358233       27.37240803        0.22791353        0.58480996        3.02000000        2.51413721
    17.70398298       27.44307090        0.22971346        0.58420134        3.02000000        2.51029704
    17.78420925       27.51373378        0.23151586        0.58359176        3.02000000        2.50646327
    17.86426339       27.58439666        0.23332075        0.58298120        3.02000000        2.50263583
    17.94414765       27.65505953        0.23512812        0.58236965        3.02000000        2.49881466
    18.02386418       27.72572241        0.23693798        0.58175709        3.02000000        2.49499971
    18.10341509       27.79638529        0.23875032        0.58114352        3.02000000        2.49119093
    18.18280247       27.86704817        0.24056514        0.58052893        3.02000000        2.48738825
    18.26202833       27.93771104        0.24238245        0.57991330        3.02000000        2.48359163
    18.34109463       28.00837392        0.24420225        0.57929662        3.02000000        2.47980101
    18.42000332       28.07903680        0.24602453        0.57867889        3.02000000        2.47601635
    18.49875628       28.14969967        0.24784930        0.57806009        3.02000000        2.47223759
    18.57735536       28.22036255        0.24967655        0.57744020        3.02000000        2.46846468
    18.65580237       28.29102543        0.25150628        0.57681923        3.02000000        2.46469757
    18.73409906       28.36168831        0.25333849        0.57619716        3.02000000        2.46093622
    18.81224717       28.43235118        0.25517317        0.57557398        3.02000000        2.45718058
    18.89024838       28.50301406        0.25701034        0.57494968        3.02000000        2.45343060
    18.96810435       28.57367694        0.25884997        0.57432425        3.02000000        2.44968624
    19.04581670       28.64433981        0.26069208        0.57369768        3.02000000        2.44594745
    19.12338701       28.71500269        0.26253666        0.57306997        3.02000000        2.44221419
    19.20081683       28.78566557        0.26438370        0.57244109        3.02000000        2.43848641
    19.27810768       28.85632845        0.26623320        0.57181105        3.02000000        2.43476408
    19.35526106       28.92699132        0.26808516        0.57117983        3.02000000        2.43104715
    19.43227841       28.99765420        0.26993957        0.57054742        3.02000000        2.42733558
    19.50916116       29.06831708        0.27179643        0.56991382        3.02000000        2.42362933
    19.58591071       29.13897995        0.27365574        0.56927902        3.02000000        2.41992836
    19.66252843       29.20964283        0.27551749        0.56864300        3.02000000        2.41623263
    19.73901568       29.28030571        0.27738168        0.56800576        3.02000000        2.41254210
    19.81537374       29.35096859        0.27924830        0.56736729        3.02000000        2.40885674
    19.89160393       29.42163146        0.28111734        0.56672759        3.02000000        2.40517651
    19.96770750       29.49229434        0.28298881        0.56608663        3.02000000        2.40150136
    20.04368569       29.56295722        0.28486270        0.56544442        3.02000000        2.39783128
    20.11953971       29.63362009        0.28673900        0.56480094        3.02000000        2.39416621
    20.19527077       29.70428297        0.28861770        0.56415620        3.02000000        2.39050614
    20.27088002       29.77494585        0.29049880        0.56351017        3.02000000        2.38685101
    20.34636862       29.84560872        0.29238230        0.56286285        3.02000000        2.38320080
    20.42173769       29.91627160        0.29426819        0.56221424        3.02000000        2.37955548
    20.49698832       29.98693448        0.29615646        0.56156432        3.02000000        2.37591501
    20.57212161       30.05759736        0.29804711        0.56091309        3.02000000        2.37227936
    20.64713862       30.12826023        0.29994012        0.56026054        3.02000000        2.36864851
    20.72204038       30.19892311        0.30183550        0.55960665        3.02000000        2.36502241
    20.79682792       30.26958599        0.30373324        0.55895144        3.02000000        2.36140104
    20.87150224       30.34024886        0.30563333        0.55829488        3.02000000        2.35778437
    20.94606434       30.41091174        0.30753576        0.55763696        3.02000000        2.35417238
    21.02051516       30.48157462        0.30944052        0.55697769        3.02000000        2.35056502
    21.09485568       30.55223750        0.31134762        0.55631705        3.02000000        2.34696228
    21.16908681       30.62290037        0.31325704        0.55565504        3.02000000        2.34336412
    21.24320948       30.69356325        0.31516877        0.55499164        3.02000000        2.33977052
    21.31722457       30.76422613        0.31708281        0.55432685        3.02000000        2.33618145
    21.39113299       30.83488900        0.31899915        0.55366067        3.02000000        2.33259688
    21.46493558       30.90555188        0.32091778        0.55299308        3.02000000        2.32901679
    21.53863321       30.97621476        0.32283869        0.55232409        3.02000000        2.32544116
    21.61222671       31.04687764        0.32476188        0.55165367        3.02000000        2.32186995
    21.68571690       31.11754051        0.32668734        0.55098183        3.02000000        2.31830314
    21.75910458       31.18820339        0.32861506        0.55030855        3.02000000        2.31474071
    21.83239057       31.25886627        0.33054503        0.54963383        3.02000000        2.31118264
    21.90557562       31.32952914        0.33247725        0.54895767        3.02000000        2.30762890
    21.97866051       31.40019202        0.33441170        0.54828005        3.02000000        2.30407946
    22.05164599       31.47085490        0.33634838        0.54760097        3.02000000        2.30053431
    22.12453280       31.54151778        0.33828728        0.54692042        3.02000000        2.29699341
    22.19732167       31.61218065        0.34022839        0.54623840        3.02000000        2.29345676
    22.27001330       31.68284353        0.34217170        0.54555489        3.02000000        2.28992433
    22.34260841       31.75350641        0.34411720        0.54486989        3.02000000        2.28639609
    22.41510768       31.82416928        0.34606489        0.54418340        3.02000000        2.28287202
    22.48751180       31.89483216        0.34801475        0.54349540        3.02000000        2.27935211
    22.55982142       31.96549504        0.34996678        0.54280589        3.02000000        2.27583634
    22.63203720       32.03615791        0.35192097        0.54211486        3.02000000        2.27232467
    22.70415979       32.10682079        0.35387730        0.54142231        3.02000000        2.26881710
    22.77618982       32.17748367        0.35583578        0.54072823        3.02000000        2.26531361
    22.84812791       32.24814655        0.35779638        0.54003261        3.02000000        2.26181417
    22.91997468       32.31880942        0.35975911        0.53933545        3.02000000        2.25831876
    22.99173073       32.38947230        0.36172394        0.53863673        3.02000000        2.25482737
    23.06339666       32.46013518        0.36369088        0.53793646        3.02000000        2.25133998
    23.13497303       32.53079805        0.36565991        0.53723462        3.02000000        2.24785658
    23.20646043       32.60146093        0.36763103        0.53653121        3.02000000        2.24437713
    23.27785942       32.67212381        0.36960422        0.53582622        3.02000000        2.24090163
    23.34917055       32.74278669        0.37157947        0.53511965        3.02000000        2.23743006
    23.42039437       32.81344956        0.37355678        0.53441148        3.02000000        2.23396240
    23.49153141       32.88411244        0.37553613        0.53370172        3.02000000        2.23049864
    23.56258221       32.95477532        0.37751751        0.53299035        3.02000000        2.22703875
    23.63354727       33.02543819        0.37950092        0.53227737        3.02000000        2.22358273
    23.70442711       33.09610107        0.38148635        0.53156277        3.02000000        2.22013055
    23.77522223       33.16676395        0.38347378        0.53084654        3.02000000        2.21668220
    23.84593312       33.23742683        0.38546321        0.53012868        3.02000000        2.21323767
    23.91656026       33.30808970        0.38745462        0.52940919        3.02000000        2.20979693
    23.98710415       33.37875258        0.38944800        0.52868804        3.02000000        2.20635999
    24.05756523       33.44941546        0.39144335        0.52796525        3.02000000        2.20292681
    24.12794398       33.52007833        0.39344066        0.52724080        3.02000000        2.19949739
    24.19824085       33.59074121        0.39543990        0.52651468        3.02000000        2.19607171
    24.26845628       33.66140409        0.39744109        0.52578689        3.02000000        2.19264975
    24.33859073       33.73206697        0.39944419        0.52505742        3.02000000        2.18923151
    24.40864460       33.80272984        0.40144921        0.52432627        3.02000000        2.18581697
    24.47861834       33.87339272        0.40345613        0.52359342        3.02000000        2.18240612
    24.54851236       33.94405560        0.40546495        0.52285888        3.02000000        2.17899893
    24.61832707       34.01471847        0.40747564        0.52212263        3.02000000        2.17559541
    24.68806287       34.08538135        0.40948821        0.52138467        3.02000000        2.17219554
    24.75772017       34.15604423        0.41150263        0.52064499        3.02000000        2.16879929
    24.82729936       34.22670710        0.41351891        0.51990359        3.02000000        2.16540667
    24.89680081       34.29736998        0.41553702        0.51916045        3.02000000        2.16201766
    24.96622491       34.36803286        0.41755697        0.51841558        3.02000000        2.15863225
    25.03557204       34.43869574        0.41957873        0.51766896        3.02000000        2.15525042
    25.10484255       34.50935861        0.42160230        0.51692059        3.02000000        2.15187217
    25.17403681       34.58002149        0.42362766        0.51617046        3.02000000        2.14849747
    25.24315517       34.65068437        0.42565481        0.51541857        3.02000000        2.14512633
    25.31219798       34.72134724        0.42768374        0.51466490        3.02000000        2.14175873
    25.38116559       34.79201012        0.42971442        0.51390946        3.02000000        2.13839465
    25.45005832       34.86267300        0.43174686        0.51315223        3.02000000        2.13503409
    25.51887652       34.93333588        0.43378104        0.51239321        3.02000000        2.13167704
    25.58762051       35.00399875        0.43581695        0.51163239        3.02000000        2.12832348
    25.65629060       35.07466163        0.43785459        0.51086977        3.02000000        2.12497340
    25.72488712       35.14532451        0.43989392        0.51010533        3.02000000        2.12162681
    25.79341037       35.21598738        0.44193496        0.50933907        3.02000000        2.11828367
    25.86186066       35.28665026        0.44397768        0.50857099        3.02000000        2.11494399
    25.93023829       35.35731314        0.44602207        0.50780108        3.02000000        2.11160775
    25.99854355       35.42797602        0.44806813        0.50702933        3.02000000        2.10827495
    26.06677673       35.49863889        0.45011584        0.50625573        3.02000000        2.10494557
    26.13493813       35.56930177        0.45216520        0.50548028        3.02000000        2.10161961
    26.20302800       35.63996465        0.45421618        0.50470297        3.02000000        2.09829705
    26.27104664       35.71062752        0.45626878        0.50392380        3.02000000        2.09497789
    26.33899431       35.78129040        0.45832298        0.50314275        3.02000000        2.09166212
    26.40687128       35.85195328        0.46037878        0.50235982        3.02000000        2.08834972
    26.47467780       35.92261616        0.46243617        0.50157500        3.02000000        2.08504070
    26.54241415       35.99327903        0.46449513        0.50078829        3.02000000        2.08173503
    26.61008056       36.06394191        0.46655564        0.49999968        3.02000000        2.07843272
    26.67767728       36.13460479        0.46861771        0.49920916        3.02000000        2.07513375
    26.74520456       36.20526766        0.47068132        0.49841673        3.02000000        2.07183812
    26.81266264       36.27593054        0.47274645        0.49762237        3.02000000        2.06854581
    26.88005175       36.34659342        0.47481310        0.49682609        3.02000000        2.06525682
    26.94737212       36.41725630        0.47688124        0.49602787        3.02000000        2.06197114
    27.01462398       36.48791917        0.47895089        0.49522771        3.02000000        2.05868876
    27.08180755       36.55858205        0.48102201        0.49442560        3.02000000        2.05540968
    27.14892305       36.62924493        0.48309460        0.49362153        3.02000000        2.05213388
    27.21597069       36.69990780        0.48516864        0.49281550        3.02000000        2.04886136
    27.28295069       36.77057068        0.48724413        0.49200750        3.02000000        2.04559211
    27.34986325       36.84123356        0.48932105        0.49119752        3.02000000        2.04232613
    27.41670856       36.91189643        0.49139940        0.49038556        3.02000000        2.03906340
    27.48348684       36.98255931        0.49347915        0.48957160        3.02000000        2.03580393
    27.55019827       37.05322219        0.49556030        0.48875564        3.02000000        2.03254769
    27.61684305       37.12388507        0.49764284        0.48793768        3.02000000        2.02929469
    27.68342136       37.19454794        0.49972675        0.48711770        3.02000000        2.02604491
    27.74993339       37.26521082        0.50181202        0.48629571        3.02000000        2.02279836
    27.81637932       37.33587370        0.50389864        0.48547168        3.02000000        2.01955502
    27.88275933       37.40653657        0.50598660        0.48464562        3.02000000        2.01631489
    27.94907358       37.47719945        0.50807589        0.48381751        3.02000000        2.01307795
    28.01532225       37.54786233        0.51016649        0.48298736        3.02000000        2.00984421
    28.08150549       37.61852521        0.51225839        0.48215515        3.02000000        2.00661366
    28.14762350       37.68918808        0.51435158        0.48132087        3.02000000        2.00338629
    28.21367640       37.75985096        0.51644605        0.48048452        3.02000000        2.00016209
    28.27966436       37.83051384        0.51854179        0.47964609        3.02000000        1.99694106
    28.34558754       37.90117671        0.52063878        0.47880557        3.02000000        1.99372319
    28.41144609       37.97183959        0.52273701        0.47796296        3.02000000        1.99050848
    28.47724014       38.04250247        0.52483647        0.47711824        3.02000000        1.98729691
    28.54296984       38.11316535        0.52693715        0.47627142        3.02000000        1.98408849
    28.60863534       38.18382822        0.52903904        0.47542247        3.02000000        1.98088321
    28.67423677       38.25449110        0.53114212        0.47457141        3.02000000        1.97768105
    28.73977427       38.32515398        0.53324638        0.47371821        3.02000000        1.97448202
    28.80524795       38.39581685        0.53535181        0.47286287        3.02000000        1.97128612
    28.87065796       38.46647973        0.53745839        0.47200538        3.02000000        1.96809332
    28.93600441       38.53714261        0.53956612        0.47114573        3.02000000        1.96490364
    29.00128743       38.60780549        0.54167499        0.47028392        3.02000000        1.96171706
    29.06650713       38.67846836        0.54378497        0.46941994        3.02000000        1.95853357
    29.13166364       38.74913124        0.54589606        0.46855378        3.02000000        1.95535318
    29.19675705       38.81979412        0.54800825        0.46768544        3.02000000        1.95217587
    29.26178749       38.89045699        0.55012152        0.46681490        3.02000000        1.94900164
    29.32675506       38.96111987        0.55223586        0.46594215        3.02000000        1.94583049
    29.39165986       39.03178275        0.55435126        0.46506720        3.02000000        1.94266241
    29.45650200       39.10244562        0.55646771        0.46419002        3.02000000        1.93949740
    29.52128157       39.17310850        0.55858519        0.46331062        3.02000000        1.93633545
    29.58599867       39.24377138        0.56070369        0.46242899        3.02000000        1.93317655
    29.65065339       39.31443426        0.56282320        0.46154511        3.02000000        1.93002070
    29.71524582       39.38509713        0.56494371        0.46065898        3.02000000        1.92686789
    29.77977605       39.45576001        0.56706520        0.45977059        3.02000000        1.92371813
    29.84424417       39.52642289        0.56918767        0.45887993        3.02000000        1.92057140
    29.90865025       39.59708576        0.57131109        0.45798700        3.02000000        1.91742771
    29.97299437       39.66774864        0.57343546        0.45709179        3.02000000        1.91428703
    30.03727662       39.73841152        0.57556077        0.45619428        3.02000000        1.91114938
    30.10149706       39.80907440        0.57768700        0.45529447        3.02000000        1.90801475
    30.16565577       39.87973727        0.57981414        0.45439236        3.02000000        1.90488313
    30.22975281       39.95040015        0.58194217        0.45348792        3.02000000        1.90175451
    30.29378826       40.02106303        0.58407109        0.45258116        3.02000000        1.89862890
    30.35776217       40.09172590        0.58620088        0.45167207        3.02000000        1.89550629
    30.42167462       40.16238878        0.58833154        0.45076064        3.02000000        1.89238667
    30.48552565       40.23305166        0.59046304        0.44984685        3.02000000        1.88927004
    30.54931532       40.30371454        0.59259537        0.44893070        3.02000000        1.88615639
    30.61304369       40.37437741        0.59472853        0.44801219        3.02000000        1.88304572
    30.67671081       40.44504029        0.59686249        0.44709130        3.02000000        1.87993803
    30.74031673       40.51570317        0.59899726        0.44616802        3.02000000        1.87683332
    30.80386149       40.58636604        0.60113280        0.44524235        3.02000000        1.87373157
    30.86734514       40.65702892        0.60326912        0.44431428        3.02000000        1.87063278
    30.93076772       40.72769180        0.60540620        0.44338379        3.02000000        1.86753695
    30.99412927       40.79835468        0.60754402        0.44245088        3.02000000        1.86444408
    31.05742984       40.86901755        0.60968258        0.44151555        3.02000000        1.86135416
    31.12066944       40.93968043        0.61182186        0.44057777        3.02000000        1.85826719
    31.18384812       41.01034331        0.61396185        0.43963755        3.02000000        1.85518316
    31.24696590       41.08100618        0.61610253        0.43869487        3.02000000        1.85210207
    31.31002282       41.15166906        0.61824390        0.43774973        3.02000000        1.84902392
    31.37301889       41.22233194        0.62038594        0.43680211        3.02000000        1.84594869
    31.43595415       41.29299482        0.62252863        0.43585200        3.02000000        1.84287640
    31.49882861       41.36365769        0.62467197        0.43489941        3.02000000        1.83980703
    31.56164229       41.43432057        0.62681594        0.43394431        3.02000000        1.83674057
    31.62439521       41.50498345        0.62896053        0.43298670        3.02000000        1.83367704
    31.68708739       41.57564632        0.63110573        0.43202657        3.02000000        1.83061641
    31.74971883       41.64630920        0.63325153        0.43106391        3.02000000        1.82755870
    31.81228954       41.71697208        0.63539790        0.43009871        3.02000000        1.82450389
    31.87479954       41.78763495        0.63754484        0.42913096        3.02000000        1.82145198
    31.93724882       41.85829783        0.63969234        0.42816065        3.02000000        1.81840297
    31.99963740       41.92896071        0.64184038        0.42718777        3.02000000        1.81535685
    32.06196527       41.99962359        0.64398896        0.42621232        3.02000000        1.81231362
    32.12423243       42.07028646        0.64613805        0.42523427        3.02000000        1.80927328
    32.18643889       42.14094934        0.64828764        0.42425363        3.02000000        1.80623582
    32.24858462       42.21161222        0.65043773        0.42327039        3.02000000        1.80320124
    32.31066963       42.28227509        0.65258829        0.42228452        3.02000000        1.80016954
    32.37269391       42.35293797        0.65473933        0.42129604        3.02000000        1.79714072
    32.43465744       42.42360085        0.65689081        0.42030491        3.02000000        1.79411476
    32.49656022       42.49426373        0.65904274        0.41931114        3.02000000        1.79109166
    32.55840222       42.56492660        0.66119509        0.41831471        3.02000000        1.78807143
    32.62018342       42.63558948        0.66334786        0.41731561        3.02000000        1.78505406
    32.68190382       42.70625236        0.66550103        0.41631384        3.02000000        1.78203955
    32.74356337       42.77691523        0.66765459        0.41530939        3.02000000        1.77902789
    32.80516207       42.84757811        0.66980853        0.41430223        3.02000000        1.77601907
    32.86669989       42.91824099        0.67196283        0.41329237        3.02000000        1.77301311
    32.92817679       42.98890387        0.67411748        0.41227979        3.02000000        1.77000998
    32.98959274       43.05956674        0.67627247        0.41126449        3.02000000        1.76700970
    33.05094773       43.13022962        0.67842779        0.41024644        3.02000000        1.76401225
    33.11224170       43.20089250        0.68058341        0.40922565        3.02000000        1.76101763
    33.17347462       43.27155537        0.68273934        0.40820210        3.02000000        1.75802585
    33.23464645       43.34221825        0.68489555        0.40717578        3.02000000        1.75503689
    33.29575716       43.41288113        0.68705203        0.40614667        3.02000000        1.75205076
    33.35680670       43.48354401        0.68920878        0.40511478        3.02000000        1.74906744
    33.41779502       43.55420688        0.69136577        0.40408009        3.02000000        1.74608695
    33.47872209       43.62486976        0.69352300        0.40304258        3.02000000        1.74310927
    33.53958784       43.69553264        0.69568045        0.40200225        3.02000000        1.74013440
    33.60039224       43.76619551        0.69783811        0.40095909        3.02000000        1.73716234
    33.66113522       43.83685839        0.69999596        0.39991308        3.02000000        1.73419308
    33.72181673       43.90752127        0.70215400        0.39886422        3.02000000        1.73122663
    33.78243672       43.97818414        0.70431220        0.39781248        3.02000000        1.72826297
    33.84299512       44.04884702        0.70647057        0.39675787        3.02000000        1.72530212
    33.90349188       44.11950990        0.70862907        0.39570038        3.02000000        1.72234405
    33.96392694       44.19017278        0.71078771        0.39463998        3.02000000        1.71938878
    34.02430022       44.26083565        0.71294647        0.39357666        3.02000000        1.71643629
    34.08461167       44.33149853        0.71510533        0.39251043        3.02000000        1.71348659
    34.14486120       44.40216141        0.71726428        0.39144126        3.02000000        1.71053968
    34.20504876       44.47282428        0.71942332        0.39036914        3.02000000        1.70759554
    34.26517427       44.54348716        0.72158242        0.38929407        3.02000000        1.70465417
    34.32523766       44.61415004        0.72374157        0.38821603        3.02000000        1.70171559
    34.38523884       44.68481292        0.72590076        0.38713500        3.02000000        1.69877977
    34.44517774       44.75547579        0.72805998        0.38605099        3.02000000        1.69584672
    34.50505428       44.82613867        0.73021922        0.38496397        3.02000000        1.69291643
    34.56486838       44.89680155        0.73237845        0.38387393        3.02000000        1.68998891
    34.62461995       44.96746442        0.73453768        0.38278087        3.02000000        1.68706414
    34.68430890       45.03812730        0.73669688        0.38168476        3.02000000        1.68414214
    34.74393516       45.10879018        0.73885604        0.38058560        3.02000000        1.68122288
    34.80349861       45.17945306        0.74101515        0.37948338        3.02000000        1.67830638
    34.86299918       45.25011593        0.74317420        0.37837808        3.02000000        1.67539263
    34.92243678       45.32077881        0.74533317        0.37726969        3.02000000        1.67248163
    34.98181129       45.39144169        0.74749205        0.37615821        3.02000000        1.66957336
    35.04112262       45.46210456        0.74965083        0.37504360        3.02000000        1.66666784
    35.10037069       45.53276744        0.75180949        0.37392588        3.02000000        1.66376506
    35.15955537       45.60343032        0.75396802        0.37280501        3.02000000        1.66086501
    35.21867657       45.67409320        0.75612642        0.37168099        3.02000000        1.65796770
    35.27773418       45.74475607        0.75828465        0.37055381        3.02000000        1.65507311
    35.33672809       45.81541895        0.76044272        0.36942345        3.02000000        1.65218125
    35.39565820       45.88608183        0.76260061        0.36828991        3.02000000        1.64929212
    35.45452438       45.95674470        0.76475831        0.36715316        3.02000000        1.64640571
    35.51332653       46.02740758        0.76691580        0.36601320        3.02000000        1.64352203
    35.57206453       46.09807046        0.76907306        0.36487001        3.02000000        1.64064105
    35.63073826       46.16873333        0.77123010        0.36372357        3.02000000        1.63776280
    35.68934760       46.23939621        0.77338689        0.36257389        3.02000000        1.63488726
    35.74789243       46.31005909        0.77554342        0.36142093        3.02000000        1.63201442
    35.80637262       46.38072197        0.77769968        0.36026470        3.02000000        1.62914430
    35.86478805       46.45138484        0.77985565        0.35910517        3.02000000        1.62627688
    35.92313858       46.52204772        0.78201133        0.35794234        3.02000000        1.62341216
    35.98142410       46.59271060        0.78416670        0.35677618        3.02000000        1.62055015
    36.03964446       46.66337347        0.78632174        0.35560669        3.02000000        1.61769083
    36.09779953       46.73403635        0.78847644        0.35443385        3.02000000        1.61483420
    36.15588918       46.80469923        0.79063079        0.35325765        3.02000000        1.61198027
    36.21391326       46.87536211        0.79278479        0.35207807        3.02000000        1.60912903
    36.27187164       46.94602498        0.79493840        0.35089511        3.02000000        1.60628048
    36.32976418       47.01668786        0.79709163        0.34970874        3.02000000        1.60343462
    36.38759072       47.08735074        0.79924445        0.34851895        3.02000000        1.60059144
    36.44535113       47.15801361        0.80139686        0.34732573        3.02000000        1.59775094
    36.50304525       47.22867649        0.80354884        0.34612907        3.02000000        1.59491312
    36.56067293       47.29933937        0.80570038        0.34492894        3.02000000        1.59207797
    36.61823402       47.37000225        0.80785146        0.34372534        3.02000000        1.58924550
    36.67572836       47.44066512        0.81000208        0.34251826        3.02000000        1.58641571
    36.73315581       47.51132800        0.81215221        0.34130766        3.02000000        1.58358858
    36.79051620       47.58199088        0.81430186        0.34009355        3.02000000        1.58076412
    36.84780936       47.65265375        0.81645099        0.33887591        3.02000000        1.57794233
    36.90503513       47.72331663        0.81859961        0.33765472        3.02000000        1.57512319
    36.96219336       47.79397951        0.82074770        0.33642997        3.02000000        1.57230672
    37.01928387       47.86464239        0.82289523        0.33520164        3.02000000        1.56949291
    37.07630648       47.93530526        0.82504222        0.33396972        3.02000000        1.56668176
    37.13326104       48.00596814        0.82718863        0.33273419        3.02000000        1.56387326
    37.19014737       48.07663102        0.82933445        0.33149503        3.02000000        1.56106741
    37.24696529       48.14729389        0.83147968        0.33025224        3.02000000        1.55826421
    37.30371462       48.21795677        0.83362429        0.32900580        3.02000000        1.55546366
    37.36039518       48.28861965        0.83576829        0.32775568        3.02000000        1.55266575
    37.41700679       48.35928253        0.83791165        0.32650189        3.02000000        1.54987049
    37.47354927       48.42994540        0.84005435        0.32524439        3.02000000        1.54707787
    37.53002243       48.50060828        0.84219640        0.32398318        3.02000000        1.54428789
    37.58642607       48.57127116        0.84433777        0.32271823        3.02000000        1.54150055
    37.64276002       48.64193403        0.84647845        0.32144954        3.02000000        1.53871584
    37.69902407       48.71259691        0.84861843        0.32017708        3.02000000        1.53593376
    37.75521803       48.78325979        0.85075769        0.31890085        3.02000000        1.53315432
    37.81134171       48.85392266        0.85289623        0.31762082        3.02000000        1.53037750
    37.86739489       48.92458554        0.85503402        0.31633697        3.02000000        1.52760331
    37.92337739       48.99524842        0.85717107        0.31504930        3.02000000        1.52483175
    37.97928899       49.06591130        0.85930734        0.31375778        3.02000000        1.52206281
    38.03512950       49.13657417        0.86144284        0.31246241        3.02000000        1.51929649
    38.09089869       49.20723705        0.86357755        0.31116315        3.02000000        1.51653278
    38.14659636       49.27789993        0.86571144        0.30986000        3.02000000        1.51377170
    38.20222230       49.34856280        0.86784453        0.30855294        3.02000000        1.51101323
    38.25777629       49.41922568        0.86997677        0.30724194        3.02000000        1.50825737
    38.31325811       49.48988856        0.87210818        0.30592701        3.02000000        1.50550413
    38.36866754       49.56055144        0.87423873        0.30460811        3.02000000        1.50275349
    38.42400436       49.63121431        0.87636840        0.30328523        3.02000000        1.50000546
    38.47926835       49.70187719        0.87849720        0.30195835        3.02000000        1.49726004
    38.53445927       49.77254007        0.88062510        0.30062746        3.02000000        1.49451721
    38.58957690       49.84320294        0.88275209        0.29929253        3.02000000        1.49177699
    38.64462101       49.91386582        0.88487815        0.29795356        3.02000000        1.48903937
    38.69959136       49.98452870        0.88700328        0.29661051        3.02000000        1.48630435
    38.75448771       50.05519158        0.88912747        0.29526338        3.02000000        1.48357193
    38.80930983       50.12585445        0.89125069        0.29391215        3.02000000        1.48084209
    38.86405747       50.19651733        0.89337294        0.29255680        3.02000000        1.47811485
    38.91873039       50.26718021        0.89549420        0.29119730        3.02000000        1.47539020
    38.97332834       50.33784308        0.89761446        0.28983365        3.02000000        1.47266814
    39.02785108       50.40850596        0.89973371        0.28846582        3.02000000        1.46994867
    39.08229834       50.47916884        0.90185194        0.28709380        3.02000000        1.46723178
    39.13666989       50.54983172        0.90396913        0.28571756        3.02000000        1.46451748
    39.19096547       50.62049459        0.90608526        0.28433709        3.02000000        1.46180575
    39.24518480       50.69115747        0.90820033        0.28295236        3.02000000        1.45909661
    39.29932764       50.76182035        0.91031432        0.28156337        3.02000000        1.45639004
    39.35339372       50.83248322        0.91242723        0.28017009        3.02000000        1.45368605
    39.40738277       50.90314610        0.91453903        0.27877250        3.02000000        1.45098464
    39.46129452       50.97380898        0.91664971        0.27737058        3.02000000        1.44828580
    39.51512871       51.04447185        0.91875927        0.27596431        3.02000000        1.44558953
    39.56888505       51.11513473        0.92086768        0.27455368        3.02000000        1.44289583
    39.62256328       51.18579761        0.92297494        0.27313866        3.02000000        1.44020469
    39.67616310       51.25646049        0.92508104        0.27171924        3.02000000        1.43751613
    39.72968425       51.32712336        0.92718595        0.27029539        3.02000000        1.43483013
    39.78312644       51.39778624        0.92928967        0.26886709        3.02000000        1.43214669
    39.83648937       51.46844912        0.93139218        0.26743433        3.02000000        1.42946581
    39.88977276       51.53911199        0.93349348        0.26599708        3.02000000        1.42678750
    39.94297631       51.60977487        0.93559354        0.26455532        3.02000000        1.42411174
    39.99609974       51.68043775        0.93769236        0.26310904        3.02000000        1.42143854
    40.04914274       51.75110063        0.93978993        0.26165821        3.02000000        1.41876790
    40.10210502       51.82176350        0.94188622        0.26020281        3.02000000        1.41609981
    40.15498626       51.89242638        0.94398123        0.25874282        3.02000000        1.41343427
    40.20778616       51.96308926        0.94607494        0.25727822        3.02000000        1.41077129
    40.26050442       52.03375213        0.94816735        0.25580899        3.02000000        1.40811085
    40.31314072       52.10441501        0.95025843        0.25433511        3.02000000        1.40545296
    40.36569474       52.17507789        0.95234819        0.25285656        3.02000000        1.40279762
    40.41816618       52.24574077        0.95443659        0.25137330        3.02000000        1.40014482
    40.47055470       52.31640364        0.95652363        0.24988534        3.02000000        1.39749457
    40.52285999       52.38706652        0.95860931        0.24839263        3.02000000        1.39484686
    40.57508172       52.45772940        0.96069360        0.24689516        3.02000000        1.39220169
    40.62721956       52.52839227        0.96277648        0.24539291        3.02000000        1.38955906
    40.67927317       52.59905515        0.96485796        0.24388586        3.02000000        1.38691897
    40.73124224       52.66971803        0.96693802        0.24237397        3.02000000        1.38428142
    40.78312640       52.74038091        0.96901664        0.24085724        3.02000000        1.38164640
    40.83492533       52.81104378        0.97109381        0.23933564        3.02000000        1.37901392
    40.88663869       52.88170666        0.97316952        0.23780914        3.02000000        1.37638397
    40.93826611       52.95236954        0.97524376        0.23627773        3.02000000        1.37375655
    40.98980726       53.02303241        0.97731651        0.23474137        3.02000000        1.37113166
    41.04126179       53.09369529        0.97938776        0.23320005        3.02000000        1.36850930
    41.09262932       53.16435817        0.98145749        0.23165375        3.02000000        1.36588947
    41.14390951       53.23502104        0.98352570        0.23010243        3.02000000        1.36327217
    41.19510200       53.30568392        0.98559238        0.22854608        3.02000000        1.36065739
    41.24620641       53.37634680        0.98765750        0.22698468        3.02000000        1.35804514
    41.29722238       53.44700968        0.98972106        0.22541819        3.02000000        1.35543541
    41.34814953       53.51767255        0.99178305        0.22384660        3.02000000        1.35282821
    41.39898750       53.58833543        0.99384345        0.22226988        3.02000000        1.35022352
    41.44973590       53.65899831        0.99590224        0.22068800        3.02000000        1.34762136
    41.50039435       53.72966118        0.99795943        0.21910095        3.02000000        1.34502172
    41.55096247       53.80032406        1.00001498        0.21750870        3.02000000        1.34242459
    41.60143986       53.87098694        1.00206890        0.21591122        3.02000000        1.33982998
    41.65182614       53.94164982        1.00412117        0.21430849        3.02000000        1.33723789
    41.70212091       54.01231269        1.00617177        0.21270048        3.02000000        1.33464831
    41.75232377       54.08297557        1.00822069        0.21108717        3.02000000        1.33206124
    41.80243433       54.15363845        1.01026793        0.20946853        3.02000000        1.32947669
    41.85245216       54.22430132        1.01231347        0.20784454        3.02000000        1.32689465
    41.90237688       54.29496420        1.01435729        0.20621517        3.02000000        1.32431512
    41.95220806       54.36562708        1.01639938        0.20458040        3.02000000        1.32173811
    42.00194529       54.43628996        1.01843973        0.20294019        3.02000000        1.31916360
    42.05158814       54.50695283        1.02047834        0.20129453        3.02000000        1.31659160
    42.10113621       54.57761571        1.02251517        0.19964339        3.02000000        1.31402211
    42.15058905       54.64827859        1.02455024        0.19798674        3.02000000        1.31145512
    42.19994624       54.71894146        1.02658351        0.19632456        3.02000000        1.30889064
    42.24920734       54.78960434        1.02861498        0.19465681        3.02000000        1.30632867
    42.29837193       54.86026722        1.03064463        0.19298348        3.02000000        1.30376920
    42.34743955       54.93093010        1.03267246        0.19130453        3.02000000        1.30121223
    42.39640976       55.00159297        1.03469844        0.18961993        3.02000000        1.29865777
    42.44528212       55.07225585        1.03672258        0.18792967        3.02000000        1.29610581
    42.49405617       55.14291873        1.03874485        0.18623371        3.02000000        1.29355635
    42.54273145       55.21358160        1.04076525        0.18453202        3.02000000        1.29100940
    42.59130750       55.28424448        1.04278375        0.18282457        3.02000000        1.28846494
    42.63978387       55.35490736        1.04480035        0.18111135        3.02000000        1.28592298
    42.68816008       55.42557024        1.04681504        0.17939231        3.02000000        1.28338352
    42.73643565       55.49623311        1.04882780        0.17766744        3.02000000        1.28084656
    42.78461013       55.56689599        1.05083863        0.17593670        3.02000000        1.27831210
    42.83268301       55.63755887        1.05284750        0.17420006        3.02000000        1.27578014
    42.88065383       55.70822174        1.05485440        0.17245750        3.02000000        1.27325067
    42.92852209       55.77888462        1.05685934        0.17070899        3.02000000        1.27072370
    42.97628730       55.84954750        1.05886228        0.16895449        3.02000000        1.26819922
    43.02394896       55.92021037        1.06086322        0.16719397        3.02000000        1.26567724
    43.07150658       55.99087325        1.06286215        0.16542742        3.02000000        1.26315776
    43.11895965       56.06153613        1.06485905        0.16365479        3.02000000        1.26064077
    43.16630765       56.13219901        1.06685391        0.16187606        3.02000000        1.25812627
    43.21355008       56.20286188        1.06884673        0.16009120        3.02000000        1.25561427
    43.26068642       56.27352476        1.07083748        0.15830017        3.02000000        1.25310476
    43.30771616       56.34418764        1.07282615        0.15650295        3.02000000        1.25059775
    43.35463874       56.41485051        1.07481274        0.15469950        3.02000000        1.24809323
    43.40145366       56.48551339        1.07679723        0.15288980        3.02000000        1.24559120
    43.44816038       56.55617627        1.07877961        0.15107381        3.02000000        1.24309166
    43.49475835       56.62683915        1.08075986        0.14925151        3.02000000        1.24059461
    43.54124704       56.69750202        1.08273798        0.14742285        3.02000000        1.23810006
    43.58762589       56.76816490        1.08471394        0.14558781        3.02000000        1.23560800
    43.63389434       56.83882778        1.08668775        0.14374635        3.02000000        1.23311843
    43.68005185       56.90949065        1.08865938        0.14189845        3.02000000        1.23063136
    43.72609785       56.98015353        1.09062883        0.14004408        3.02000000        1.22814677
    43.77203177       57.05081641        1.09259608        0.13818319        3.02000000        1.22566468
    43.81785304       57.12147929        1.09456112        0.13631575        3.02000000        1.22318508
    43.86356108       57.19214216        1.09652394        0.13444174        3.02000000        1.22070797
    43.90915532       57.26280504        1.09848453        0.13256112        3.02000000        1.21823335
    43.95463515       57.33346792        1.10044286        0.13067385        3.02000000        1.21576122
    44.00000001       57.40413079        1.10239894        0.12877991        3.02000000        1.21329159
    44.04524928       57.47479367        1.10435275        0.12687926        3.02000000        1.21082444
    44.09038236       57.54545655        1.10630428        0.12497186        3.02000000        1.20835979
    44.13539865       57.61611943        1.10825351        0.12305768        3.02000000        1.20589764
    44.18029754       57.68678230        1.11020044        0.12113668        3.02000000        1.20343797
    44.22507841       57.75744518        1.11214504        0.11920884        3.02000000        1.20098079
    44.26974064       57.82810806        1.11408732        0.11727411        3.02000000        1.19852611
    44.31428359       57.89877093        1.11602725        0.11533247        3.02000000        1.19607393
    44.35870665       57.96943381        1.11796483        0.11338387        3.02000000        1.19362423
    44.40300916       58.04009669        1.11990003        0.11142828        3.02000000        1.19117703
    44.44719050       58.11075956        1.12183286        0.10946566        3.02000000        1.18873233
    44.49125000       58.18142244        1.12376330        0.10749598        3.02000000        1.18629011
    44.53518702       58.25208532        1.12569134        0.10551920        3.02000000        1.18385040
    44.57900089       58.32274820        1.12761696        0.10353529        3.02000000        1.18141318
    44.62269095       58.39341107        1.12954015        0.10154421        3.02000000        1.17897845
    44.66625653       58.46407395        1.13146090        0.09954592        3.02000000        1.17654622
    44.70969695       58.53473683        1.13337920        0.09754038        3.02000000        1.17411649
    44.75301153       58.60539970        1.13529504        0.09552756        3.02000000        1.17168926
    44.79619958       58.67606258        1.13720840        0.09350742        3.02000000        1.16926452
    44.83926042       58.74672546        1.13911927        0.09147992        3.02000000        1.16684228
    44.88219333       58.81738834        1.14102765        0.08944502        3.02000000        1.16442255
    44.92499761       58.88805121        1.14293351        0.08740269        3.02000000        1.16200531
    44.96767256       58.95871409        1.14483685        0.08535288        3.02000000        1.15959057
    45.01021745       59.02937697        1.14673766        0.08329556        3.02000000        1.15717834
    45.05263156       59.10003984        1.14863592        0.08123069        3.02000000        1.15476861
    45.09491416       59.17070272        1.15053162        0.07915823        3.02000000        1.15236138
    45.13706452       59.24136560        1.15242475        0.07707813        3.02000000        1.14995666
    45.17908189       59.31202848        1.15431530        0.07499037        3.02000000        1.14755444
    45.22096552       59.38269135        1.15620325        0.07289489        3.02000000        1.14515473
    45.26271466       59.45335423        1.15808860        0.07079167        3.02000000        1.14275752
    45.30432855       59.52401711        1.15997133        0.06868065        3.02000000        1.14036283
    45.34580642       59.59467998        1.16185143        0.06656179        3.02000000        1.13797064
    45.38714750       59.66534286        1.16372889        0.06443507        3.02000000        1.13558097
    45.42835100       59.73600574        1.16560369        0.06230043        3.02000000        1.13319380
    45.46941614       59.80666862        1.16747583        0.06015783        3.02000000        1.13080915
    45.51034211       59.87733149        1.16934529        0.05800723        3.02000000        1.12842701
    45.55112813       59.94799437        1.17121207        0.05584859        3.02000000        1.12604739
    45.59177339       60.01865725        1.17307614        0.05368187        3.02000000        1.12367028
    45.63227706       60.08932012        1.17493750        0.05150702        3.02000000        1.12129570
    45.67263833       60.15998300        1.17679614        0.04932400        3.02000000        1.11892363
    45.71285636       60.23064588        1.17865204        0.04713277        3.02000000        1.11655408
    45.75293033       60.30130876        1.18050520        0.04493328        3.02000000        1.11418705
    45.79285938       60.37197163        1.18235559        0.04272550        3.02000000        1.11182255
    45.83264267       60.44263451        1.18420322        0.04050937        3.02000000        1.10946057
    45.87227934       60.51329739        1.18604806        0.03828485        3.02000000        1.10710112
    45.91176853       60.58396026        1.18789011        0.03605190        3.02000000        1.10474420
    45.95110936       60.65462314        1.18972936        0.03381047        3.02000000        1.10238981
    45.99030094       60.72528602        1.19156578        0.03156051        3.02000000        1.10003794
    46.02934240       60.79594889        1.19339938        0.02930199        3.02000000        1.09768862
    46.06823284       60.86661177        1.19523014        0.02703486        3.02000000        1.09534182
    46.10697135       60.93727465        1.19705805        0.02475906        3.02000000        1.09299757
    46.14555703       61.00793753        1.19888309        0.02247456        3.02000000        1.09065585
    46.18398895       61.07860040        1.20070526        0.02018130        3.02000000        1.08831667
    46.22226618       61.14926328        1.20252454        0.01787925        3.02000000        1.08598004
    46.26038780       61.21992616        1.20434092        0.01556834        3.02000000        1.08364595
    46.29835285       61.29058903        1.20615440        0.01324855        3.02000000        1.08131441
    46.33616039       61.36125191        1.20796495        0.01091981        3.02000000        1.07898541
    46.37380946       61.43191479        1.20977257        0.00858208        3.02000000        1.07665897
    46.41129909       61.50257767        1.21157725        0.00623531        3.02000000        1.07433508
    46.44862830       61.57324054        1.21337897        0.00387945        3.02000000        1.07201374
    46.48579611       61.64390342        1.21517772        0.00151446        3.02000000        1.06969496
    46.52280152       61.71456630        1.21697350       -0.00085972        3.02000000        1.06737874
    46.55964354       61.78522917        1.21876628       -0.00324314        3.02000000        1.06506508
    46.59632114       61.85589205        1.22055606       -0.00563584        3.02000000        1.06275399
    46.63283331       61.92655493        1.22234283       -0.00803787        3.02000000        1.06044546
    46.66917902       61.99721781        1.22412658       -0.01044930        3.02000000        1.05813951
    46.70535724       62.06788068        1.22590729       -0.01287015        3.02000000        1.05583612
    46.74136691       62.13854356        1.22768496       -0.01530050        3.02000000        1.05353531
    46.77720697       62.20920644        1.22945956       -0.01774039        3.02000000        1.05123708
    46.81287638       62.27986931        1.23123110       -0.02018986        3.02000000        1.04894142
    46.84837403       62.35053219        1.23299955       -0.02264898        3.02000000        1.04664835
    46.88369886       62.42119507        1.23476492       -0.02511780        3.02000000        1.04435786
    46.91884977       62.49185795        1.23652718       -0.02759636        3.02000000        1.04206997
    46.95382565       62.56252082        1.23828632       -0.03008472        3.02000000        1.03978466
    46.98862539       62.63318370        1.24004234       -0.03258294        3.02000000        1.03750194
    47.02324787       62.70384658        1.24179522       -0.03509107        3.02000000        1.03522183
    47.05769195       62.77450945        1.24354495       -0.03760916        3.02000000        1.03294431
    47.09195648       62.84517233        1.24529152       -0.04013726        3.02000000        1.03066939
    47.12604032       62.91583521        1.24703492       -0.04267544        3.02000000        1.02839709
    47.15994230       62.98649808        1.24877514       -0.04522374        3.02000000        1.02612739
    47.19366124       63.05716096        1.25051216       -0.04778222        3.02000000        1.02386030
    47.22719596       63.12782384        1.25224598       -0.05035094        3.02000000        1.02159583
    47.26054527       63.19848672        1.25397658       -0.05292996        3.02000000        1.01933398
    47.29370795       63.26914959        1.25570396       -0.05551932        3.02000000        1.01707475
    47.32668278       63.33981247        1.25742809       -0.05811909        3.02000000        1.01481815
    47.35946855       63.41047535        1.25914898       -0.06072932        3.02000000        1.01256417
    47.39206400       63.48113822        1.26086660       -0.06335006        3.02000000        1.01031283
    47.42446790       63.55180110        1.26258096       -0.06598139        3.02000000        1.00806413
    47.45667896       63.62246398        1.26429203       -0.06862335        3.02000000        1.00581807
    47.48869594       63.69312686        1.26599980       -0.07127601        3.02000000        1.00357465
    47.52051753       63.76378973        1.26770427       -0.07393942        3.02000000        1.00133388
    47.55214244       63.83445261        1.26940542       -0.07661364        3.02000000        0.99909576
    47.58356936       63.90511549        1.27110325       -0.07929873        3.02000000        0.99686030
    47.61479697       63.97577836        1.27279774       -0.08199475        3.02000000        0.99462749
    47.64582394       64.04644124        1.27448887       -0.08470175        3.02000000        0.99239736
    47.67664893       64.11710412        1.27617665       -0.08741982        3.02000000        0.99016989
    47.70727058       64.18776700        1.27786105       -0.09014899        3.02000000        0.98794509
    47.73768751       64.25842987        1.27954207       -0.09288933        3.02000000        0.98572297
    47.76789834       64.32909275        1.28121970       -0.09564091        3.02000000        0.98350353
    47.79790169       64.39975563        1.28289392       -0.09840378        3.02000000        0.98128677
    47.82769615       64.47041850        1.28456472       -0.10117801        3.02000000        0.97907271
    47.85728029       64.54108138        1.28623210       -0.10396366        3.02000000        0.97686134
    47.88665267       64.61174426        1.28789604       -0.10676079        3.02000000        0.97465266
    47.91581187       64.68240714        1.28955653       -0.10956947        3.02000000        0.97244670
    47.94475640       64.75307001        1.29121356       -0.11238976        3.02000000        0.97024344
    47.97348481       64.82373289        1.29286712       -0.11522172        3.02000000        0.96804289
    48.00199560       64.89439577        1.29451720       -0.11806541        3.02000000        0.96584506
    48.03028728       64.96505864        1.29616379       -0.12092091        3.02000000        0.96364995
    48.05835832       65.03572152        1.29780687       -0.12378828        3.02000000        0.96145757
    48.08620721       65.10638440        1.29944643       -0.12666757        3.02000000        0.95926793
    48.11383239       65.17704727        1.30108247       -0.12955887        3.02000000        0.95708102
    48.14123231       65.24771015        1.30271498       -0.13246223        3.02000000        0.95489685
    48.16840540       65.31837303        1.30434393       -0.13537771        3.02000000        0.95271544
    48.19535007       65.38903591        1.30596933       -0.13830540        3.02000000        0.95053677
    48.22206472       65.45969878        1.30759116       -0.14124534        3.02000000        0.94836087
    48.24854774       65.53036166        1.30920941       -0.14419762        3.02000000        0.94618773
    48.27479748       65.60102454        1.31082406       -0.14716229        3.02000000        0.94401736
    48.30081232       65.67168741        1.31243512       -0.15013943        3.02000000        0.94184976
    48.32659058       65.74235029        1.31404256       -0.15312911        3.02000000        0.93968495
    48.35213058       65.81301317        1.31564638       -0.15613139        3.02000000        0.93752293
    48.37743064       65.88367605        1.31724657       -0.15914634        3.02000000        0.93536369
    48.40248904       65.95433892        1.31884311       -0.16217403        3.02000000        0.93320726
    48.42730406       66.02500180        1.32043599       -0.16521454        3.02000000        0.93105363
    48.45187395       66.09566468        1.32202521       -0.16826792        3.02000000        0.92890282
    48.47619696       66.16632755        1.32361074       -0.17133426        3.02000000        0.92675482
    48.50027131       66.23699043        1.32519259       -0.17441363        3.02000000        0.92460964
    48.52409521       66.30765331        1.32677075       -0.17750608        3.02000000        0.92246729
    48.54766685       66.37831619        1.32834519       -0.18061170        3.02000000        0.92032778
    48.57098441       66.44897906        1.32991591       -0.18373056        3.02000000        0.91819112
    48.59404603       66.51964194        1.33148290       -0.18686273        3.02000000        0.91605730
    48.61684987       66.59030482        1.33304614       -0.19000828        3.02000000        0.91392634
    48.63939403       66.66096769        1.33460564       -0.19316729        3.02000000        0.91179824
    48.66167663       66.73163057        1.33616137       -0.19633983        3.02000000        0.90967301
    48.68369575       66.80229345        1.33771332       -0.19952596        3.02000000        0.90755065
    48.70544945       66.87295633        1.33926149       -0.20272578        3.02000000        0.90543118
    48.72693578       66.94361920        1.34080586       -0.20593934        3.02000000        0.90331460
    48.74815277       67.01428208        1.34234643       -0.20916672        3.02000000        0.90120092
    48.76909843       67.08494496        1.34388318       -0.21240801        3.02000000        0.89909015
    48.78977076       67.15560783        1.34541610       -0.21566327        3.02000000        0.89698228
    48.81016771       67.22627071        1.34694518       -0.21893258        3.02000000        0.89487734
    48.83028726       67.29693359        1.34847042       -0.22221602        3.02000000        0.89277532
    48.85012731       67.36759647        1.34999179       -0.22551366        3.02000000        0.89067624
    48.86968580       67.43825934        1.35150929       -0.22882557        3.02000000        0.88858010
    48.88896060       67.50892222        1.35302291       -0.23215184        3.02000000        0.88648691
    48.90794960       67.57958510        1.35453264       -0.23549255        3.02000000        0.88439668
    48.92665064       67.65024797        1.35603846       -0.23884776        3.02000000        0.88230942
    48.94506155       67.72091085        1.35754037       -0.24221756        3.02000000        0.88022512
    48.96318013       67.79157373        1.35903836       -0.24560202        3.02000000        0.87814382
    48.98100419       67.86223660        1.36053241       -0.24900123        3.02000000        0.87606550
    48.99853147       67.93289948        1.36202251       -0.25241525        3.02000000        0.87399018
    49.01575972       68.00356236        1.36350866       -0.25584418        3.02000000        0.87191787
    49.03268667       68.07422524        1.36499084       -0.25928809        3.02000000        0.86984858
    49.04931002       68.14488811        1.36646904       -0.26274705        3.02000000        0.86778231
    49.06562743       68.21555099        1.36794326       -0.26622115        3.02000000        0.86571908
    49.08163656       68.28621387        1.36941347       -0.26971047        3.02000000        0.86365889
    49.09733505       68.35687674        1.37087968       -0.27321509        3.02000000        0.86160175
    49.11272049       68.42753962        1.37234186       -0.27673508        3.02000000        0.85954767
    49.12779047       68.49820250        1.37380001       -0.28027054        3.02000000        0.85749666
    49.14254256       68.56886538        1.37525412       -0.28382153        3.02000000        0.85544873
    49.15697427       68.63952825        1.37670418       -0.28738814        3.02000000        0.85340388
    49.17108314       68.71019113        1.37815018       -0.29097045        3.02000000        0.85136214
    49.18486663       68.78085401        1.37959210       -0.29456855        3.02000000        0.84932350
    49.19832221       68.85151688        1.38102993       -0.29818250        3.02000000        0.84728798
    49.21144732       68.92217976        1.38246367       -0.30181241        3.02000000        0.84525559
    49.22423936       68.99284264        1.38389331       -0.30545834        3.02000000        0.84322634
    49.23669571       69.06350552        1.38531882       -0.30912038        3.02000000        0.84120023
    49.24881375       69.13416839        1.38674021       -0.31279861        3.02000000        0.83917728
    49.26059079       69.20483127        1.38815746       -0.31649312        3.02000000        0.83715750
    49.27202414       69.27549415        1.38957057       -0.32020398        3.02000000        0.83514089
    49.28311107       69.34615702        1.39097951       -0.32393128        3.02000000        0.83312748
    49.29384884       69.41681990        1.39238428       -0.32767511        3.02000000        0.83111726
    49.30423467       69.48748278        1.39378487       -0.33143554        3.02000000        0.82911025
    49.31426576       69.55814566        1.39518127       -0.33521265        3.02000000        0.82710647
    49.32393926       69.62880853        1.39657346       -0.33900654        3.02000000        0.82510591
    49.33325231       69.69947141        1.39796145       -0.34281728        3.02000000        0.82310860
    49.34220203       69.77013429        1.39934520       -0.34664496        3.02000000        0.82111454
    49.35078549       69.84079716        1.40072473       -0.35048966        3.02000000        0.81912375
    49.35899974       69.91146004        1.40210000       -0.35435147        3.02000000        0.81713623
    49.36684180       69.98212292        1.40347102       -0.35823046        3.02000000        0.81515201
    49.37430866       70.05278579        1.40483777       -0.36212672        3.02000000        0.81317108
    49.38139727       70.12344867        1.40620025       -0.36604034        3.02000000        0.81119346
    49.38810457       70.19411155        1.40755843       -0.36997139        3.02000000        0.80921917
    49.39442744       70.26477443        1.40891232       -0.37391996        3.02000000        0.80724821
    49.40036276       70.33543730        1.41026189       -0.37788614        3.02000000        0.80528061
    49.40590736       70.40610018        1.41160714       -0.38187000        3.02000000        0.80331636
    49.41105803       70.47676306        1.41294806       -0.38587163        3.02000000        0.80135548
    49.41581155       70.54742593        1.41428464       -0.38989112        3.02000000        0.79939799
    49.42016464       70.61808881        1.41561686       -0.39392854        3.02000000        0.79744390
    49.42411400       70.68875169        1.41694471       -0.39798398        3.02000000        0.79549322
    49.42765631       70.75941457        1.41826819       -0.40205752        3.02000000        0.79354597
    49.43078820       70.83007744        1.41958728       -0.40614924        3.02000000        0.79160215
    49.43350625       70.90074032        1.42090197       -0.41025922        3.02000000        0.78966178
    49.43580704       70.97140320        1.42221226       -0.41438756        3.02000000        0.78772488
    49.43768709       71.04206607        1.42351812       -0.41853432        3.02000000        0.78579145
    49.43914290       71.11272895        1.42481955       -0.42269959        3.02000000        0.78386151
    49.44017091       71.18339183        1.42611654       -0.42688345        3.02000000        0.78193508
    49.44076754       71.25405471        1.42740907       -0.43108599        3.02000000        0.78001217
    49.44092918       71.32471758        1.42869714       -0.43530727        3.02000000        0.77809279
