#  Theta paroi en deg Angle Choc en deg       Kp           Inverse Mach       Mach amont       Mach aval
     0.00000000       18.20995686        0.00000000        0.68750000        3.20000000
     1.53963134       18.21211057        0.00398674        0.68561860        3.20000000        3.19981863
     1.86039515       18.21512397        0.00546557        0.68492931        3.20000000        3.19956491
     2.20415094       18.22071651        0.00723546        0.68411028        3.20000000        3.19909421
     2.57452941       18.23060758        0.00934025        0.68314451        3.20000000        3.19826228
     2.95728524       18.24651661        0.01171652        0.68206465        3.20000000        3.19692565
     3.34418254       18.27016301        0.01431436        0.68089645        3.20000000        3.19494228
     3.73235811       18.30326619        0.01710929        0.67965362        3.20000000        3.19217236
     4.12174635       18.34754558        0.02009531        0.67834132        3.20000000        3.18847928
     4.51356142       18.40472059        0.02327857        0.67695937        3.20000000        3.18373074
     4.90956242       18.47651064        0.02667337        0.67550422        3.20000000        3.17779994
     5.24228082       18.54830068        0.02966108        0.67423890        3.20000000        3.17190363
     5.53395519       18.62009072        0.03238059        0.67309918        3.20000000        3.16604114
     5.79658612       18.69188076        0.03490879        0.67204955        3.20000000        3.16021182
     6.03744819       18.76367081        0.03729322        0.67106809        3.20000000        3.15441504
     6.26131142       18.83546085        0.03956553        0.67014019        3.20000000        3.14865017
     6.47148651       18.90725089        0.04174795        0.66925559        3.20000000        3.14291660
     6.67037265       18.97904094        0.04385678        0.66840678        3.20000000        3.13721376
     6.85976851       19.05083098        0.04590434        0.66758807        3.20000000        3.13154105
     7.04106008       19.12262102        0.04790018        0.66679503        3.20000000        3.12589792
     7.21533963       19.19441107        0.04985188        0.66602418        3.20000000        3.12028382
     7.38348461       19.26620111        0.05176556        0.66527265        3.20000000        3.11469820
     7.54621122       19.33799115        0.05364624        0.66453814        3.20000000        3.10914055
     7.70411238       19.40978120        0.05549810        0.66381869        3.20000000        3.10361036
     7.85768482       19.48157124        0.05732462        0.66311267        3.20000000        3.09810712
     8.00734922       19.55336128        0.05912879        0.66241870        3.20000000        3.09263034
     8.15346524       19.62515133        0.06091316        0.66173558        3.20000000        3.08717956
     8.29634288       19.69694137        0.06267991        0.66106227        3.20000000        3.08175430
     8.43625145       19.76873141        0.06443097        0.66039789        3.20000000        3.07635411
     8.57342648       19.84052146        0.06616800        0.65974162        3.20000000        3.07097854
     8.70807529       19.91231150        0.06789248        0.65909279        3.20000000        3.06562717
     8.84038129       19.98410154        0.06960571        0.65845076        3.20000000        3.06029956
     8.97050768       20.05589158        0.07130884        0.65781498        3.20000000        3.05499530
     9.09860031       20.12768163        0.07300292        0.65718495        3.20000000        3.04971399
     9.22479015       20.19947167        0.07468887        0.65656023        3.20000000        3.04445524
     9.34919522       20.27126171        0.07636751        0.65594042        3.20000000        3.03921864
     9.47192232       20.34305176        0.07803962        0.65532513        3.20000000        3.03400384
     9.59306842       20.41484180        0.07970586        0.65471405        3.20000000        3.02881045
     9.71272183       20.48663184        0.08136687        0.65410687        3.20000000        3.02363811
     9.83096326       20.55842189        0.08302319        0.65350329        3.20000000        3.01848648
     9.94786665       20.63021193        0.08467536        0.65290308        3.20000000        3.01335521
    10.06349993       20.70200197        0.08632385        0.65230598        3.20000000        3.00824395
    10.17792568       20.77379202        0.08796908        0.65171179        3.20000000        3.00315238
    10.29120170       20.84558206        0.08961146        0.65112029        3.20000000        2.99808017
    10.40338140       20.91737210        0.09125135        0.65053130        3.20000000        2.99302702
    10.51451440       20.98916215        0.09288910        0.64994465        3.20000000        2.98799260
    10.62464674       21.06095219        0.09452502        0.64936016        3.20000000        2.98297662
    10.73382130       21.13274223        0.09615940        0.64877770        3.20000000        2.97797878
    10.84207809       21.20453227        0.09779251        0.64819711        3.20000000        2.97299880
    10.94945444       21.27632232        0.09942460        0.64761826        3.20000000        2.96803638
    11.05598535       21.34811236        0.10105591        0.64704103        3.20000000        2.96309126
    11.16170357       21.41990240        0.10268665        0.64646530        3.20000000        2.95816315
    11.26663986       21.49169245        0.10431703        0.64589096        3.20000000        2.95325180
    11.37082314       21.56348249        0.10594724        0.64531790        3.20000000        2.94835695
    11.47428060       21.63527253        0.10757745        0.64474603        3.20000000        2.94347834
    11.57703792       21.70706258        0.10920783        0.64417525        3.20000000        2.93861572
    11.67911930       21.77885262        0.11083854        0.64360547        3.20000000        2.93376885
    11.78054758       21.85064266        0.11246972        0.64303661        3.20000000        2.92893749
    11.88134442       21.92243271        0.11410150        0.64246859        3.20000000        2.92412141
    11.98153030       21.99422275        0.11573403        0.64190134        3.20000000        2.91932038
    12.08112463       22.06601279        0.11736742        0.64133478        3.20000000        2.91453418
    12.18014584       22.13780284        0.11900177        0.64076884        3.20000000        2.90976259
    12.27861143       22.20959288        0.12063721        0.64020346        3.20000000        2.90500539
    12.37653805       22.28138292        0.12227383        0.63963858        3.20000000        2.90026237
    12.47394154       22.35317296        0.12391173        0.63907414        3.20000000        2.89553333
    12.57083696       22.42496301        0.12555099        0.63851008        3.20000000        2.89081807
    12.66723872       22.49675305        0.12719170        0.63794634        3.20000000        2.88611639
    12.76316052       22.56854309        0.12883394        0.63738288        3.20000000        2.88142809
    12.85861547       22.64033314        0.13047779        0.63681964        3.20000000        2.87675300
    12.95361609       22.71212318        0.13212332        0.63625659        3.20000000        2.87209091
    13.04817435       22.78391322        0.13377060        0.63569366        3.20000000        2.86744166
    13.14230170       22.85570327        0.13541968        0.63513082        3.20000000        2.86280507
    13.23600913       22.92749331        0.13707063        0.63456803        3.20000000        2.85818095
    13.32930713       22.99928335        0.13872351        0.63400524        3.20000000        2.85356915
    13.42220581       23.07107340        0.14037838        0.63344242        3.20000000        2.84896948
    13.51471484       23.14286344        0.14203527        0.63287953        3.20000000        2.84438180
    13.60684350       23.21465348        0.14369425        0.63231652        3.20000000        2.83980594
    13.69860072       23.28644353        0.14535535        0.63175338        3.20000000        2.83524174
    13.78999509       23.35823357        0.14701862        0.63119005        3.20000000        2.83068905
    13.88103485       23.43002361        0.14868411        0.63062652        3.20000000        2.82614771
    13.97172796       23.50181366        0.15035184        0.63006275        3.20000000        2.82161759
    14.06208206       23.57360370        0.15202186        0.62949870        3.20000000        2.81709853
    14.15210451       23.64539374        0.15369421        0.62893435        3.20000000        2.81259040
    14.24180242       23.71718378        0.15536891        0.62836968        3.20000000        2.80809304
    14.33118263       23.78897383        0.15704599        0.62780464        3.20000000        2.80360634
    14.42025177       23.86076387        0.15872550        0.62723922        3.20000000        2.79913016
    14.50901620       23.93255391        0.16040744        0.62667339        3.20000000        2.79466435
    14.59748208       24.00434396        0.16209186        0.62610712        3.20000000        2.79020880
    14.68565538       24.07613400        0.16377878        0.62554040        3.20000000        2.78576338
    14.77354184       24.14792404        0.16546821        0.62497319        3.20000000        2.78132797
    14.86114702       24.21971409        0.16716019        0.62440547        3.20000000        2.77690245
    14.94847630       24.29150413        0.16885473        0.62383722        3.20000000        2.77248669
    15.03553490       24.36329417        0.17055186        0.62326843        3.20000000        2.76808058
    15.12232786       24.43508422        0.17225158        0.62269906        3.20000000        2.76368400
    15.20886005       24.50687426        0.17395393        0.62212909        3.20000000        2.75929686
    15.29513623       24.57866430        0.17565892        0.62155852        3.20000000        2.75491903
    15.38116095       24.65045435        0.17736655        0.62098731        3.20000000        2.75055040
    15.46693868       24.72224439        0.17907686        0.62041544        3.20000000        2.74619088
    15.55247373       24.79403443        0.18078984        0.61984291        3.20000000        2.74184036
    15.63777026       24.86582447        0.18250552        0.61926969        3.20000000        2.73749874
    15.72283237       24.93761452        0.18422391        0.61869576        3.20000000        2.73316592
    15.80766399       25.00940456        0.18594502        0.61812111        3.20000000        2.72884180
    15.89226893       25.08119460        0.18766885        0.61754572        3.20000000        2.72452629
    15.97665093       25.15298465        0.18939542        0.61696957        3.20000000        2.72021929
    16.06081359       25.22477469        0.19112474        0.61639265        3.20000000        2.71592071
    16.14476044       25.29656473        0.19285681        0.61581494        3.20000000        2.71163046
    16.22849489       25.36835478        0.19459165        0.61523642        3.20000000        2.70734845
    16.31202026       25.44014482        0.19632926        0.61465708        3.20000000        2.70307460
    16.39533979       25.51193486        0.19806965        0.61407691        3.20000000        2.69880882
    16.47845661       25.58372491        0.19981282        0.61349590        3.20000000        2.69455103
    16.56137380       25.65551495        0.20155879        0.61291401        3.20000000        2.69030114
    16.64409435       25.72730499        0.20330754        0.61233125        3.20000000        2.68605908
    16.72662114       25.79909504        0.20505910        0.61174760        3.20000000        2.68182476
    16.80895701       25.87088508        0.20681345        0.61116305        3.20000000        2.67759811
    16.89110472       25.94267512        0.20857062        0.61057758        3.20000000        2.67337906
    16.97306696       26.01446516        0.21033059        0.60999118        3.20000000        2.66916753
    17.05484633       26.08625521        0.21209338        0.60940384        3.20000000        2.66496344
    17.13644541       26.15804525        0.21385898        0.60881554        3.20000000        2.66076673
    17.21786667       26.22983529        0.21562739        0.60822628        3.20000000        2.65657732
    17.29911255       26.30162534        0.21739862        0.60763603        3.20000000        2.65239514
    17.38018542       26.37341538        0.21917267        0.60704480        3.20000000        2.64822014
    17.46108759       26.44520542        0.22094954        0.60645256        3.20000000        2.64405223
    17.54182133       26.51699547        0.22272923        0.60585931        3.20000000        2.63989136
    17.62238883       26.58878551        0.22451174        0.60526504        3.20000000        2.63573747
    17.70279224       26.66057555        0.22629707        0.60466973        3.20000000        2.63159048
    17.78303369       26.73236560        0.22808521        0.60407337        3.20000000        2.62745034
    17.86311520       26.80415564        0.22987617        0.60347596        3.20000000        2.62331699
    17.94303880       26.87594568        0.23166995        0.60287748        3.20000000        2.61919037
    18.02280644       26.94773573        0.23346654        0.60227792        3.20000000        2.61507041
    18.10242004       27.01952577        0.23526594        0.60167727        3.20000000        2.61095707
    18.18188149       27.09131581        0.23706816        0.60107553        3.20000000        2.60685029
    18.26119259       27.16310585        0.23887318        0.60047268        3.20000000        2.60275000
    18.34035517       27.23489590        0.24068100        0.59986870        3.20000000        2.59865617
    18.41937095       27.30668594        0.24249163        0.59926361        3.20000000        2.59456873
    18.49824166       27.37847598        0.24430505        0.59865737        3.20000000        2.59048763
    18.57696898       27.45026603        0.24612127        0.59804999        3.20000000        2.58641283
    18.65555454       27.52205607        0.24794028        0.59744146        3.20000000        2.58234426
    18.73399995       27.59384611        0.24976208        0.59683176        3.20000000        2.57828189
    18.81230679       27.66563616        0.25158666        0.59622088        3.20000000        2.57422566
    18.89047660       27.73742620        0.25341402        0.59560883        3.20000000        2.57017553
    18.96851088       27.80921624        0.25524416        0.59499558        3.20000000        2.56613144
    19.04641111       27.88100629        0.25707706        0.59438113        3.20000000        2.56209336
    19.12417873       27.95279633        0.25891274        0.59376548        3.20000000        2.55806124
    19.20181516       28.02458637        0.26075117        0.59314860        3.20000000        2.55403503
    19.27932178       28.09637642        0.26259235        0.59253050        3.20000000        2.55001470
    19.35669997       28.16816646        0.26443628        0.59191117        3.20000000        2.54600019
    19.43395104       28.23995650        0.26628296        0.59129060        3.20000000        2.54199147
    19.51107631       28.31174655        0.26813238        0.59066877        3.20000000        2.53798849
    19.58807705       28.38353659        0.26998453        0.59004569        3.20000000        2.53399123
    19.66495451       28.45532663        0.27183940        0.58942134        3.20000000        2.52999962
    19.74170993       28.52711667        0.27369699        0.58879572        3.20000000        2.52601365
    19.81834451       28.59890672        0.27555730        0.58816881        3.20000000        2.52203326
    19.89485944       28.67069676        0.27742031        0.58754062        3.20000000        2.51805842
    19.97125586       28.74248680        0.27928603        0.58691113        3.20000000        2.51408910
    20.04753493       28.81427685        0.28115444        0.58628033        3.20000000        2.51012526
    20.12369775       28.88606689        0.28302553        0.58564822        3.20000000        2.50616685
    20.19974541       28.95785693        0.28489930        0.58501479        3.20000000        2.50221386
    20.27567900       29.02964698        0.28677575        0.58438003        3.20000000        2.49826624
    20.35149957       29.10143702        0.28865486        0.58374394        3.20000000        2.49432396
    20.42720814       29.17322706        0.29053663        0.58310650        3.20000000        2.49038699
    20.50280573       29.24501711        0.29242105        0.58246771        3.20000000        2.48645529
    20.57829335       29.31680715        0.29430811        0.58182757        3.20000000        2.48252883
    20.65367195       29.38859719        0.29619780        0.58118606        3.20000000        2.47860758
    20.72894251       29.46038724        0.29809012        0.58054318        3.20000000        2.47469152
    20.80410597       29.53217728        0.29998507        0.57989893        3.20000000        2.47078060
    20.87916324       29.60396732        0.30188262        0.57925328        3.20000000        2.46687480
    20.95411525       29.67575736        0.30378277        0.57860625        3.20000000        2.46297409
    21.02896287       29.74754741        0.30568552        0.57795781        3.20000000        2.45907845
    21.10370699       29.81933745        0.30759085        0.57730797        3.20000000        2.45518784
    21.17834846       29.89112749        0.30949877        0.57665672        3.20000000        2.45130223
    21.25288813       29.96291754        0.31140925        0.57600404        3.20000000        2.44742160
    21.32732683       30.03470758        0.31332229        0.57534994        3.20000000        2.44354593
    21.40166537       30.10649762        0.31523788        0.57469440        3.20000000        2.43967518
    21.47590456       30.17828767        0.31715602        0.57403742        3.20000000        2.43580933
    21.55004517       30.25007771        0.31907668        0.57337900        3.20000000        2.43194835
    21.62408799       30.32186775        0.32099988        0.57271912        3.20000000        2.42809222
    21.69803377       30.39365780        0.32292559        0.57205778        3.20000000        2.42424092
    21.77188326       30.46544784        0.32485380        0.57139497        3.20000000        2.42039441
    21.84563719       30.53723788        0.32678452        0.57073069        3.20000000        2.41655268
    21.91929628       30.60902793        0.32871772        0.57006493        3.20000000        2.41271571
    21.99286124       30.68081797        0.33065340        0.56939768        3.20000000        2.40888346
    22.06633277       30.75260801        0.33259155        0.56872894        3.20000000        2.40505593
    22.13971155       30.82439805        0.33453216        0.56805870        3.20000000        2.40123307
    22.21299825       30.89618810        0.33647522        0.56738695        3.20000000        2.39741488
    22.28619353       30.96797814        0.33842072        0.56671368        3.20000000        2.39360133
    22.35929805       31.03976818        0.34036865        0.56603890        3.20000000        2.38979241
    22.43231244       31.11155823        0.34231900        0.56536259        3.20000000        2.38598808
    22.50523733       31.18334827        0.34427176        0.56468475        3.20000000        2.38218833
    22.57807335       31.25513831        0.34622692        0.56400537        3.20000000        2.37839314
    22.65082109       31.32692836        0.34818448        0.56332445        3.20000000        2.37460249
    22.72348115       31.39871840        0.35014441        0.56264197        3.20000000        2.37081637
    22.79605413       31.47050844        0.35210672        0.56195793        3.20000000        2.36703474
    22.86854059       31.54229849        0.35407139        0.56127233        3.20000000        2.36325759
    22.94094111       31.61408853        0.35603841        0.56058516        3.20000000        2.35948491
    23.01325624       31.68587857        0.35800776        0.55989641        3.20000000        2.35571667
    23.08548654       31.75766862        0.35997945        0.55920608        3.20000000        2.35195287
    23.15763254       31.82945866        0.36195346        0.55851416        3.20000000        2.34819347
    23.22969478       31.90124870        0.36392978        0.55782064        3.20000000        2.34443846
    23.30167377       31.97303875        0.36590840        0.55712552        3.20000000        2.34068783
    23.37357004       32.04482879        0.36788930        0.55642879        3.20000000        2.33694156
    23.44538408       32.11661883        0.36987249        0.55573044        3.20000000        2.33319963
    23.51711640       32.18840887        0.37185793        0.55503048        3.20000000        2.32946203
    23.58876749       32.26019892        0.37384564        0.55432888        3.20000000        2.32572873
    23.66033781       32.33198896        0.37583559        0.55362566        3.20000000        2.32199973
    23.73182786       32.40377900        0.37782778        0.55292079        3.20000000        2.31827502
    23.80323809       32.47556905        0.37982219        0.55221428        3.20000000        2.31455456
    23.87456896       32.54735909        0.38181881        0.55150611        3.20000000        2.31083835
    23.94582092       32.61914913        0.38381764        0.55079628        3.20000000        2.30712638
    24.01699441       32.69093918        0.38581866        0.55008479        3.20000000        2.30341862
    24.08808988       32.76272922        0.38782186        0.54937163        3.20000000        2.29971508
    24.15910775       32.83451926        0.38982722        0.54865679        3.20000000        2.29601572
    24.23004844       32.90630931        0.39183475        0.54794026        3.20000000        2.29232054
    24.30091236       32.97809935        0.39384442        0.54722205        3.20000000        2.28862952
    24.37169993       33.04988939        0.39585623        0.54650214        3.20000000        2.28494265
    24.44241154       33.12167944        0.39787016        0.54578052        3.20000000        2.28125992
    24.51304759       33.19346948        0.39988621        0.54505720        3.20000000        2.27758131
    24.58360847       33.26525952        0.40190436        0.54433216        3.20000000        2.27390681
    24.65409456       33.33704956        0.40392460        0.54360540        3.20000000        2.27023641
    24.72450624       33.40883961        0.40594691        0.54287691        3.20000000        2.26657010
    24.79484388       33.48062965        0.40797130        0.54214669        3.20000000        2.26290786
    24.86510783       33.55241969        0.40999775        0.54141472        3.20000000        2.25924968
    24.93529846       33.62420974        0.41202623        0.54068101        3.20000000        2.25559555
    25.00541613       33.69599978        0.41405676        0.53994555        3.20000000        2.25194546
    25.07546116       33.76778982        0.41608930        0.53920832        3.20000000        2.24829939
    25.14543392       33.83957987        0.41812386        0.53846933        3.20000000        2.24465734
    25.21533472       33.91136991        0.42016041        0.53772857        3.20000000        2.24101929
    25.28516390       33.98315995        0.42219895        0.53698603        3.20000000        2.23738524
    25.35492179       34.05495000        0.42423947        0.53624170        3.20000000        2.23375516
    25.42460870       34.12674004        0.42628195        0.53549559        3.20000000        2.23012906
    25.49422495       34.19853008        0.42832638        0.53474767        3.20000000        2.22650691
    25.56377084       34.27032013        0.43037276        0.53399795        3.20000000        2.22288872
    25.63324668       34.34211017        0.43242106        0.53324642        3.20000000        2.21927446
    25.70265276       34.41390021        0.43447128        0.53249307        3.20000000        2.21566413
    25.77198938       34.48569025        0.43652341        0.53173790        3.20000000        2.21205772
    25.84125682       34.55748030        0.43857742        0.53098090        3.20000000        2.20845522
    25.91045537       34.62927034        0.44063332        0.53022206        3.20000000        2.20485662
    25.97958530       34.70106038        0.44269109        0.52946138        3.20000000        2.20126191
    26.04864690       34.77285043        0.44475072        0.52869884        3.20000000        2.19767108
    26.11764042       34.84464047        0.44681219        0.52793446        3.20000000        2.19408411
    26.18656613       34.91643051        0.44887549        0.52716821        3.20000000        2.19050101
    26.25542430       34.98822056        0.45094062        0.52640009        3.20000000        2.18692177
    26.32421517       35.06001060        0.45300755        0.52563009        3.20000000        2.18334636
    26.39293900       35.13180064        0.45507629        0.52485821        3.20000000        2.17977479
    26.46159604       35.20359069        0.45714680        0.52408445        3.20000000        2.17620704
    26.53018652       35.27538073        0.45921909        0.52330878        3.20000000        2.17264312
    26.59871069       35.34717077        0.46129315        0.52253122        3.20000000        2.16908299
    26.66716877       35.41896082        0.46336894        0.52175175        3.20000000        2.16552667
    26.73556100       35.49075086        0.46544648        0.52097036        3.20000000        2.16197414
    26.80388760       35.56254090        0.46752574        0.52018705        3.20000000        2.15842540
    26.87214880       35.63433094        0.46960671        0.51940181        3.20000000        2.15488043
    26.94034481       35.70612099        0.47168938        0.51861463        3.20000000        2.15133922
    27.00847584       35.77791103        0.47377374        0.51782551        3.20000000        2.14780178
    27.07654211       35.84970107        0.47585977        0.51703444        3.20000000        2.14426809
    27.14454381       35.92149112        0.47794747        0.51624142        3.20000000        2.14073814
    27.21248117       35.99328116        0.48003681        0.51544643        3.20000000        2.13721192
    27.28035436       36.06507120        0.48212779        0.51464948        3.20000000        2.13368944
    27.34816358       36.13686125        0.48422040        0.51385054        3.20000000        2.13017067
    27.41590903       36.20865129        0.48631462        0.51304963        3.20000000        2.12665562
    27.48359089       36.28044133        0.48841044        0.51224672        3.20000000        2.12314427
    27.55120935       36.35223138        0.49050785        0.51144181        3.20000000        2.11963663
    27.61876459       36.42402142        0.49260684        0.51063490        3.20000000        2.11613267
    27.68625677       36.49581146        0.49470738        0.50982598        3.20000000        2.11263240
    27.75368608       36.56760151        0.49680948        0.50901504        3.20000000        2.10913581
    27.82105269       36.63939155        0.49891311        0.50820208        3.20000000        2.10564289
    27.88835676       36.71118159        0.50101827        0.50738708        3.20000000        2.10215363
    27.95559845       36.78297164        0.50312495        0.50657005        3.20000000        2.09866803
    28.02277792       36.85476168        0.50523312        0.50575096        3.20000000        2.09518609
    28.08989534       36.92655172        0.50734278        0.50492983        3.20000000        2.09170778
    28.15695084       36.99834176        0.50945391        0.50410663        3.20000000        2.08823311
    28.22394459       37.07013181        0.51156650        0.50328136        3.20000000        2.08476208
    28.29087673       37.14192185        0.51368055        0.50245402        3.20000000        2.08129467
    28.35774739       37.21371189        0.51579603        0.50162459        3.20000000        2.07783087
    28.42455674       37.28550194        0.51791293        0.50079308        3.20000000        2.07437069
    28.49130489       37.35729198        0.52003125        0.49995947        3.20000000        2.07091412
    28.55799198       37.42908202        0.52215096        0.49912375        3.20000000        2.06746115
    28.62461815       37.50087207        0.52427206        0.49828592        3.20000000        2.06401176
    28.69118352       37.57266211        0.52639453        0.49744597        3.20000000        2.06056597
    28.75768822       37.64445215        0.52851836        0.49660389        3.20000000        2.05712376
    28.82413237       37.71624220        0.53064354        0.49575968        3.20000000        2.05368513
    28.89051609       37.78803224        0.53277005        0.49491333        3.20000000        2.05025006
    28.95683949       37.85982228        0.53489788        0.49406483        3.20000000        2.04681856
    29.02310269       37.93161233        0.53702702        0.49321417        3.20000000        2.04339062
    29.08930580       38.00340237        0.53915745        0.49236135        3.20000000        2.03996623
    29.15544893       38.07519241        0.54128917        0.49150635        3.20000000        2.03654539
    29.22153218       38.14698245        0.54342216        0.49064918        3.20000000        2.03312809
    29.28755566       38.21877250        0.54555640        0.48978982        3.20000000        2.02971432
    29.35351945       38.29056254        0.54769189        0.48892826        3.20000000        2.02630409
    29.41942367       38.36235258        0.54982861        0.48806450        3.20000000        2.02289738
    29.48526841       38.43414263        0.55196654        0.48719853        3.20000000        2.01949419
    29.55105375       38.50593267        0.55410568        0.48633033        3.20000000        2.01609452
    29.61677978       38.57772271        0.55624602        0.48545992        3.20000000        2.01269836
    29.68244660       38.64951276        0.55838753        0.48458727        3.20000000        2.00930570
    29.74805428       38.72130280        0.56053020        0.48371237        3.20000000        2.00591654
    29.81360290       38.79309284        0.56267403        0.48283523        3.20000000        2.00253087
    29.87909255       38.86488289        0.56481900        0.48195582        3.20000000        1.99914869
    29.94452330       38.93667293        0.56696509        0.48107415        3.20000000        1.99577000
    30.00989522       39.00846297        0.56911230        0.48019021        3.20000000        1.99239478
    30.07520838       39.08025302        0.57126060        0.47930398        3.20000000        1.98902304
    30.14046286       39.15204306        0.57341000        0.47841547        3.20000000        1.98565476
    30.20565872       39.22383310        0.57556047        0.47752465        3.20000000        1.98228995
    30.27079601       39.29562314        0.57771199        0.47663153        3.20000000        1.97892860
    30.33587481       39.36741319        0.57986457        0.47573609        3.20000000        1.97557070
    30.40089516       39.43920323        0.58201818        0.47483833        3.20000000        1.97221625
    30.46585714       39.51099327        0.58417281        0.47393823        3.20000000        1.96886524
    30.53076078       39.58278332        0.58632845        0.47303580        3.20000000        1.96551768
    30.59560614       39.65457336        0.58848508        0.47213101        3.20000000        1.96217355
    30.66039327       39.72636340        0.59064270        0.47122387        3.20000000        1.95883285
    30.72512222       39.79815345        0.59280128        0.47031436        3.20000000        1.95549557
    30.78979303       39.86994349        0.59496082        0.46940248        3.20000000        1.95216172
    30.85440575       39.94173353        0.59712130        0.46848821        3.20000000        1.94883128
    30.91896041       40.01352358        0.59928271        0.46757156        3.20000000        1.94550425
    30.98345704       40.08531362        0.60144503        0.46665250        3.20000000        1.94218064
    31.04789569       40.15710366        0.60360826        0.46573103        3.20000000        1.93886042
    31.11227639       40.22889371        0.60577237        0.46480715        3.20000000        1.93554360
    31.17659916       40.30068375        0.60793736        0.46388084        3.20000000        1.93223018
    31.24086405       40.37247379        0.61010322        0.46295209        3.20000000        1.92892014
    31.30507106       40.44426384        0.61226992        0.46202090        3.20000000        1.92561349
    31.36922023       40.51605388        0.61443745        0.46108726        3.20000000        1.92231022
    31.43331158       40.58784392        0.61660581        0.46015115        3.20000000        1.91901033
    31.49734513       40.65963396        0.61877498        0.45921257        3.20000000        1.91571381
    31.56132089       40.73142401        0.62094494        0.45827151        3.20000000        1.91242066
    31.62523888       40.80321405        0.62311568        0.45732796        3.20000000        1.90913087
    31.68909911       40.87500409        0.62528720        0.45638192        3.20000000        1.90584444
    31.75290160       40.94679414        0.62745947        0.45543336        3.20000000        1.90256136
    31.81664635       41.01858418        0.62963248        0.45448229        3.20000000        1.89928164
    31.88033337       41.09037422        0.63180621        0.45352869        3.20000000        1.89600526
    31.94396267       41.16216427        0.63398067        0.45257256        3.20000000        1.89273222
    32.00753424       41.23395431        0.63615582        0.45161388        3.20000000        1.88946253
    32.07104809       41.30574435        0.63833167        0.45065264        3.20000000        1.88619616
    32.13450421       41.37753440        0.64050818        0.44968884        3.20000000        1.88293313
    32.19790260       41.44932444        0.64268536        0.44872247        3.20000000        1.87967342
    32.26124325       41.52111448        0.64486319        0.44775351        3.20000000        1.87641704
    32.32452617       41.59290453        0.64704165        0.44678197        3.20000000        1.87316397
    32.38775133       41.66469457        0.64922073        0.44580781        3.20000000        1.86991422
    32.45091872       41.73648461        0.65140042        0.44483105        3.20000000        1.86666778
    32.51402834       41.80827465        0.65358071        0.44385166        3.20000000        1.86342464
    32.57708015       41.88006470        0.65576157        0.44286964        3.20000000        1.86018481
    32.64007416       41.95185474        0.65794300        0.44188498        3.20000000        1.85694827
    32.70301033       42.02364478        0.66012499        0.44089767        3.20000000        1.85371503
    32.76588864       42.09543483        0.66230751        0.43990770        3.20000000        1.85048508
    32.82870907       42.16722487        0.66449056        0.43891505        3.20000000        1.84725841
    32.89147159       42.23901491        0.66667413        0.43791972        3.20000000        1.84403503
    32.95417618       42.31080496        0.66885819        0.43692170        3.20000000        1.84081493
    33.01682280       42.38259500        0.67104274        0.43592098        3.20000000        1.83759810
    33.07941142       42.45438504        0.67322776        0.43491754        3.20000000        1.83438454
    33.14194202       42.52617509        0.67541324        0.43391138        3.20000000        1.83117425
    33.20441454       42.59796513        0.67759917        0.43290249        3.20000000        1.82796723
    33.26682895       42.66975517        0.67978553        0.43189085        3.20000000        1.82476346
    33.32918522       42.74154522        0.68197230        0.43087646        3.20000000        1.82156295
    33.39148330       42.81333526        0.68415948        0.42985930        3.20000000        1.81836569
    33.45372315       42.88512530        0.68634706        0.42883937        3.20000000        1.81517168
    33.51590471       42.95691534        0.68853500        0.42781665        3.20000000        1.81198092
    33.57802795       43.02870539        0.69072332        0.42679113        3.20000000        1.80879339
    33.64009281       43.10049543        0.69291198        0.42576281        3.20000000        1.80560911
    33.70209924       43.17228547        0.69510098        0.42473167        3.20000000        1.80242805
    33.76404719       43.24407552        0.69729030        0.42369770        3.20000000        1.79925023
    33.82593660       43.31586556        0.69947994        0.42266088        3.20000000        1.79607563
    33.88776741       43.38765560        0.70166986        0.42162122        3.20000000        1.79290426
    33.94953957       43.45944565        0.70386007        0.42057869        3.20000000        1.78973611
    34.01125300       43.53123569        0.70605055        0.41953329        3.20000000        1.78657117
    34.07290766       43.60302573        0.70824129        0.41848501        3.20000000        1.78340944
    34.13450347       43.67481578        0.71043226        0.41743383        3.20000000        1.78025092
    34.19604037       43.74660582        0.71262347        0.41637974        3.20000000        1.77709561
    34.25751828       43.81839586        0.71481488        0.41532273        3.20000000        1.77394350
    34.31893714       43.89018591        0.71700650        0.41426279        3.20000000        1.77079458
    34.38029687       43.96197595        0.71919831        0.41319991        3.20000000        1.76764886
    34.44159739       44.03376599        0.72139028        0.41213408        3.20000000        1.76450634
    34.50283864       44.10555604        0.72358242        0.41106528        3.20000000        1.76136699
    34.56402053       44.17734608        0.72577471        0.40999350        3.20000000        1.75823083
    34.62514298       44.24913612        0.72796712        0.40891874        3.20000000        1.75509786
    34.68620590       44.32092616        0.73015966        0.40784097        3.20000000        1.75196805
    34.74720922       44.39271621        0.73235230        0.40676020        3.20000000        1.74884143
    34.80815285       44.46450625        0.73454503        0.40567639        3.20000000        1.74571797
    34.86903669       44.53629629        0.73673784        0.40458956        3.20000000        1.74259767
    34.92986066       44.60808634        0.73893071        0.40349967        3.20000000        1.73948054
    34.99062467       44.67987638        0.74112363        0.40240672        3.20000000        1.73636657
    35.05132861       44.75166642        0.74331659        0.40131070        3.20000000        1.73325576
    35.11197240       44.82345647        0.74550957        0.40021160        3.20000000        1.73014810
    35.17255594       44.89524651        0.74770256        0.39910939        3.20000000        1.72704359
    35.23307912       44.96703655        0.74989555        0.39800408        3.20000000        1.72394222
    35.29354186       45.03882660        0.75208852        0.39689565        3.20000000        1.72084399
    35.35394403       45.11061664        0.75428146        0.39578407        3.20000000        1.71774891
    35.41428553       45.18240668        0.75647435        0.39466936        3.20000000        1.71465696
    35.47456626       45.25419673        0.75866718        0.39355148        3.20000000        1.71156814
    35.53478611       45.32598677        0.76085994        0.39243042        3.20000000        1.70848245
    35.59494496       45.39777681        0.76305262        0.39130619        3.20000000        1.70539989
    35.65504271       45.46956685        0.76524519        0.39017875        3.20000000        1.70232045
    35.71507924       45.54135690        0.76743765        0.38904810        3.20000000        1.69924413
    35.77505442       45.61314694        0.76962998        0.38791422        3.20000000        1.69617093
    35.83496814       45.68493698        0.77182218        0.38677711        3.20000000        1.69310083
    35.89482029       45.75672703        0.77401421        0.38563674        3.20000000        1.69003385
    35.95461073       45.82851707        0.77620608        0.38449311        3.20000000        1.68696997
    36.01433934       45.90030711        0.77839776        0.38334620        3.20000000        1.68390920
    36.07400599       45.97209716        0.78058925        0.38219600        3.20000000        1.68085152
    36.13361056       46.04388720        0.78278053        0.38104249        3.20000000        1.67779694
    36.19315291       46.11567724        0.78497159        0.37988567        3.20000000        1.67474545
    36.25263290       46.18746729        0.78716241        0.37872551        3.20000000        1.67169705
    36.31205042       46.25925733        0.78935298        0.37756200        3.20000000        1.66865174
    36.37140531       46.33104737        0.79154328        0.37639514        3.20000000        1.66560952
    36.43069744       46.40283742        0.79373330        0.37522489        3.20000000        1.66257037
    36.48992667       46.47462746        0.79592304        0.37405126        3.20000000        1.65953430
    36.54909285       46.54641750        0.79811247        0.37287423        3.20000000        1.65650130
    36.60819584       46.61820754        0.80030157        0.37169378        3.20000000        1.65347137
    36.66723550       46.68999759        0.80249035        0.37050990        3.20000000        1.65044451
    36.72621167       46.76178763        0.80467878        0.36932258        3.20000000        1.64742072
    36.78512421       46.83357767        0.80686685        0.36813179        3.20000000        1.64439998
    36.84397295       46.90536772        0.80905454        0.36693753        3.20000000        1.64138231
    36.90275775       46.97715776        0.81124185        0.36573978        3.20000000        1.63836769
    36.96147845       47.04894780        0.81342875        0.36453853        3.20000000        1.63535612
    37.02013488       47.12073785        0.81561524        0.36333376        3.20000000        1.63234759
    37.07872689       47.19252789        0.81780130        0.36212545        3.20000000        1.62934212
    37.13725432       47.26431793        0.81998692        0.36091360        3.20000000        1.62633968
    37.19571700       47.33610798        0.82217208        0.35969818        3.20000000        1.62334029
    37.25411476       47.40789802        0.82435678        0.35847918        3.20000000        1.62034393
    37.31244743       47.47968806        0.82654098        0.35725659        3.20000000        1.61735060
    37.37071484       47.55147811        0.82872469        0.35603039        3.20000000        1.61436031
    37.42891682       47.62326815        0.83090789        0.35480057        3.20000000        1.61137304
    37.48705319       47.69505819        0.83309057        0.35356710        3.20000000        1.60838880
    37.54512378       47.76684823        0.83527271        0.35232998        3.20000000        1.60540757
    37.60312840       47.83863828        0.83745429        0.35108919        3.20000000        1.60242937
    37.66106687       47.91042832        0.83963531        0.34984471        3.20000000        1.59945418
    37.71893901       47.98221836        0.84181575        0.34859653        3.20000000        1.59648200
    37.77674464       48.05400841        0.84399560        0.34734463        3.20000000        1.59351283
    37.83448356       48.12579845        0.84617484        0.34608900        3.20000000        1.59054666
    37.89215558       48.19758849        0.84835346        0.34482961        3.20000000        1.58758350
    37.94976051       48.26937854        0.85053144        0.34356645        3.20000000        1.58462334
    38.00729816       48.34116858        0.85270878        0.34229952        3.20000000        1.58166618
    38.06476833       48.41295862        0.85488545        0.34102878        3.20000000        1.57871201
    38.12217082       48.48474867        0.85706146        0.33975422        3.20000000        1.57576083
    38.17950542       48.55653871        0.85923677        0.33847583        3.20000000        1.57281264
    38.23677195       48.62832875        0.86141138        0.33719359        3.20000000        1.56986743
    38.29397018       48.70011880        0.86358527        0.33590749        3.20000000        1.56692521
    38.35109991       48.77190884        0.86575843        0.33461750        3.20000000        1.56398597
    38.40816094       48.84369888        0.86793086        0.33332361        3.20000000        1.56104970
    38.46515304       48.91548893        0.87010252        0.33202580        3.20000000        1.55811641
    38.52207601       48.98727897        0.87227341        0.33072405        3.20000000        1.55518609
    38.57892963       49.05906901        0.87444352        0.32941835        3.20000000        1.55225873
    38.63571367       49.13085905        0.87661283        0.32810868        3.20000000        1.54933434
    38.69242793       49.20264910        0.87878133        0.32679503        3.20000000        1.54641292
    38.74907216       49.27443914        0.88094900        0.32547737        3.20000000        1.54349445
    38.80564615       49.34622918        0.88311584        0.32415568        3.20000000        1.54057894
    38.86214967       49.41801923        0.88528182        0.32282995        3.20000000        1.53766639
    38.91858249       49.48980927        0.88744694        0.32150017        3.20000000        1.53475678
    38.97494438       49.56159931        0.88961117        0.32016630        3.20000000        1.53185013
    39.03123509       49.63338936        0.89177452        0.31882835        3.20000000        1.52894642
    39.08745440       49.70517940        0.89393695        0.31748627        3.20000000        1.52604565
    39.14360205       49.77696944        0.89609847        0.31614007        3.20000000        1.52314783
    39.19967782       49.84875949        0.89825905        0.31478971        3.20000000        1.52025294
    39.25568145       49.92054953        0.90041868        0.31343519        3.20000000        1.51736098
    39.31161270       49.99233957        0.90257736        0.31207648        3.20000000        1.51447196
    39.36747131       50.06412962        0.90473505        0.31071356        3.20000000        1.51158587
    39.42325704       50.13591966        0.90689176        0.30934641        3.20000000        1.50870270
    39.47896963       50.20770970        0.90904747        0.30797502        3.20000000        1.50582246
    39.53460882       50.27949974        0.91120216        0.30659936        3.20000000        1.50294514
    39.59017436       50.35128979        0.91335583        0.30521942        3.20000000        1.50007074
    39.64566598       50.42307983        0.91550845        0.30383518        3.20000000        1.49719925
    39.70108341       50.49486987        0.91766001        0.30244661        3.20000000        1.49433068
    39.75642639       50.56665992        0.91981050        0.30105370        3.20000000        1.49146502
    39.81169466       50.63844996        0.92195992        0.29965643        3.20000000        1.48860227
    39.86688793       50.71024000        0.92410823        0.29825477        3.20000000        1.48574242
    39.92200593       50.78203005        0.92625543        0.29684872        3.20000000        1.48288548
    39.97704840       50.85382009        0.92840151        0.29543824        3.20000000        1.48003143
    40.03201503       50.92561013        0.93054645        0.29402331        3.20000000        1.47718029
    40.08690556       50.99740018        0.93269024        0.29260393        3.20000000        1.47433204
    40.14171970       51.06919022        0.93483287        0.29118006        3.20000000        1.47148668
    40.19645715       51.14098026        0.93697432        0.28975168        3.20000000        1.46864421
    40.25111764       51.21277031        0.93911458        0.28831878        3.20000000        1.46580464
    40.30570086       51.28456035        0.94125363        0.28688133        3.20000000        1.46296794
    40.36020652       51.35635039        0.94339146        0.28543932        3.20000000        1.46013413
    40.41463433       51.42814043        0.94552806        0.28399271        3.20000000        1.45730320
    40.46898397       51.49993048        0.94766342        0.28254150        3.20000000        1.45447515
    40.52325516       51.57172052        0.94979752        0.28108565        3.20000000        1.45164998
    40.57744756       51.64351056        0.95193034        0.27962515        3.20000000        1.44882768
    40.63156090       51.71530061        0.95406188        0.27815998        3.20000000        1.44600825
    40.68559483       51.78709065        0.95619212        0.27669010        3.20000000        1.44319168
    40.73954906       51.85888069        0.95832105        0.27521551        3.20000000        1.44037799
    40.79342326       51.93067074        0.96044865        0.27373618        3.20000000        1.43756716
    40.84721712       52.00246078        0.96257491        0.27225208        3.20000000        1.43475919
    40.90093030       52.07425082        0.96469981        0.27076320        3.20000000        1.43195408
    40.95456249       52.14604087        0.96682336        0.26926951        3.20000000        1.42915182
    41.00811335       52.21783091        0.96894552        0.26777099        3.20000000        1.42635242
    41.06158255       52.28962095        0.97106629        0.26626761        3.20000000        1.42355588
    41.11496975       52.36141100        0.97318565        0.26475936        3.20000000        1.42076218
    41.16827462       52.43320104        0.97530359        0.26324620        3.20000000        1.41797133
    41.22149682       52.50499108        0.97742010        0.26172812        3.20000000        1.41518333
    41.27463599       52.57678113        0.97953516        0.26020510        3.20000000        1.41239817
    41.32769180       52.64857117        0.98164876        0.25867710        3.20000000        1.40961585
    41.38066389       52.72036121        0.98376089        0.25714411        3.20000000        1.40683637
    41.43355190       52.79215125        0.98587153        0.25560610        3.20000000        1.40405973
    41.48635549       52.86394130        0.98798067        0.25406305        3.20000000        1.40128592
    41.53907429       52.93573134        0.99008829        0.25251493        3.20000000        1.39851494
    41.59170793       53.00752138        0.99219439        0.25096172        3.20000000        1.39574680
    41.64425606       53.07931143        0.99429895        0.24940340        3.20000000        1.39298148
    41.69671830       53.15110147        0.99640196        0.24783993        3.20000000        1.39021899
    41.74909428       53.22289151        0.99850340        0.24627130        3.20000000        1.38745933
    41.80138362       53.29468156        1.00060326        0.24469748        3.20000000        1.38470249
    41.85358595       53.36647160        1.00270152        0.24311844        3.20000000        1.38194846
    41.90570088       53.43826164        1.00479818        0.24153417        3.20000000        1.37919726
    41.95772802       53.51005169        1.00689322        0.23994462        3.20000000        1.37644887
    42.00966700       53.58184173        1.00898663        0.23834979        3.20000000        1.37370330
    42.06151740       53.65363177        1.01107839        0.23674964        3.20000000        1.37096054
    42.11327885       53.72542182        1.01316849        0.23514414        3.20000000        1.36822059
    42.16495093       53.79721186        1.01525691        0.23353328        3.20000000        1.36548344
    42.21653326       53.86900190        1.01734365        0.23191702        3.20000000        1.36274911
    42.26802541       53.94079194        1.01942869        0.23029534        3.20000000        1.36001758
    42.31942698       54.01258199        1.02151202        0.22866821        3.20000000        1.35728885
    42.37073756       54.08437203        1.02359362        0.22703560        3.20000000        1.35456292
    42.42195674       54.15616207        1.02567348        0.22539749        3.20000000        1.35183980
    42.47308408       54.22795212        1.02775160        0.22375385        3.20000000        1.34911947
    42.52411917       54.29974216        1.02982794        0.22210465        3.20000000        1.34640193
    42.57506158       54.37153220        1.03190251        0.22044987        3.20000000        1.34368719
    42.62591088       54.44332225        1.03397528        0.21878948        3.20000000        1.34097524
    42.67666663       54.51511229        1.03604625        0.21712345        3.20000000        1.33826609
    42.72732839       54.58690233        1.03811540        0.21545175        3.20000000        1.33555972
    42.77789573       54.65869238        1.04018272        0.21377435        3.20000000        1.33285614
    42.82836819       54.73048242        1.04224820        0.21209123        3.20000000        1.33015534
    42.87874533       54.80227246        1.04431182        0.21040235        3.20000000        1.32745733
    42.92902669       54.87406251        1.04637357        0.20870770        3.20000000        1.32476210
    42.97921182       54.94585255        1.04843343        0.20700723        3.20000000        1.32206965
    43.02930025       55.01764259        1.05049140        0.20530092        3.20000000        1.31937999
    43.07929152       55.08943263        1.05254746        0.20358875        3.20000000        1.31669309
    43.12918515       55.16122268        1.05460159        0.20187067        3.20000000        1.31400898
    43.17898068       55.23301272        1.05665379        0.20014667        3.20000000        1.31132764
    43.22867763       55.30480276        1.05870404        0.19841670        3.20000000        1.30864907
    43.27827552       55.37659281        1.06075233        0.19668075        3.20000000        1.30597328
    43.32777386       55.44838285        1.06279865        0.19493878        3.20000000        1.30330025
    43.37717216       55.52017289        1.06484297        0.19319076        3.20000000        1.30062999
    43.42646992       55.59196294        1.06688530        0.19143667        3.20000000        1.29796251
    43.47566666       55.66375298        1.06892561        0.18967646        3.20000000        1.29529778
    43.52476186       55.73554302        1.07096389        0.18791010        3.20000000        1.29263583
    43.57375503       55.80733307        1.07300013        0.18613758        3.20000000        1.28997663
    43.62264564       55.87912311        1.07503432        0.18435885        3.20000000        1.28732020
    43.67143319       55.95091315        1.07706645        0.18257389        3.20000000        1.28466653
    43.72011715       56.02270320        1.07909649        0.18078265        3.20000000        1.28201562
    43.76869701       56.09449324        1.08112445        0.17898512        3.20000000        1.27936747
    43.81717223       56.16628328        1.08315030        0.17718125        3.20000000        1.27672207
    43.86554228       56.23807332        1.08517403        0.17537102        3.20000000        1.27407943
    43.91380662       56.30986337        1.08719563        0.17355440        3.20000000        1.27143955
    43.96196472       56.38165341        1.08921509        0.17173134        3.20000000        1.26880242
    44.01001602       56.45344345        1.09123239        0.16990181        3.20000000        1.26616804
    44.05795997       56.52523350        1.09324752        0.16806579        3.20000000        1.26353642
    44.10579602       56.59702354        1.09526047        0.16622324        3.20000000        1.26090755
    44.15352361       56.66881358        1.09727122        0.16437413        3.20000000        1.25828142
    44.20114217       56.74060363        1.09927977        0.16251841        3.20000000        1.25565805
    44.24865113       56.81239367        1.10128610        0.16065606        3.20000000        1.25303742
    44.29604991       56.88418371        1.10329019        0.15878705        3.20000000        1.25041955
    44.34333795       56.95597376        1.10529204        0.15691133        3.20000000        1.24780441
    44.39051465       57.02776380        1.10729163        0.15502888        3.20000000        1.24519203
    44.43757942       57.09955384        1.10928895        0.15313965        3.20000000        1.24258238
    44.48453167       57.17134389        1.11128398        0.15124362        3.20000000        1.23997549
    44.53137080       57.24313393        1.11327671        0.14934074        3.20000000        1.23737133
    44.57809620       57.31492397        1.11526714        0.14743099        3.20000000        1.23476992
    44.62470727       57.38671402        1.11725524        0.14551432        3.20000000        1.23217125
    44.67120338       57.45850406        1.11924101        0.14359069        3.20000000        1.22957532
    44.71758392       57.53029410        1.12122443        0.14166008        3.20000000        1.22698213
    44.76384827       57.60208414        1.12320549        0.13972245        3.20000000        1.22439168
    44.80999578       57.67387419        1.12518417        0.13777775        3.20000000        1.22180396
    44.85602583       57.74566423        1.12716047        0.13582595        3.20000000        1.21921899
    44.90193777       57.81745427        1.12913437        0.13386702        3.20000000        1.21663676
    44.94773096       57.88924432        1.13110586        0.13190091        3.20000000        1.21405726
    44.99340474       57.96103436        1.13307493        0.12992759        3.20000000        1.21148050
    45.03895846       58.03282440        1.13504155        0.12794701        3.20000000        1.20890648
    45.08439144       58.10461445        1.13700573        0.12595915        3.20000000        1.20633519
    45.12970303       58.17640449        1.13896745        0.12396396        3.20000000        1.20376664
    45.17489254       58.24819453        1.14092669        0.12196140        3.20000000        1.20120083
    45.21995929       58.31998458        1.14288345        0.11995144        3.20000000        1.19863775
    45.26490260       58.39177462        1.14483770        0.11793403        3.20000000        1.19607740
    45.30972177       58.46356466        1.14678945        0.11590913        3.20000000        1.19351979
    45.35441611       58.53535471        1.14873866        0.11387670        3.20000000        1.19096492
    45.39898491       58.60714475        1.15068535        0.11183671        3.20000000        1.18841278
    45.44342745       58.67893479        1.15262948        0.10978911        3.20000000        1.18586337
    45.48774302       58.75072483        1.15457105        0.10773387        3.20000000        1.18331670
    45.53193091       58.82251488        1.15651004        0.10567093        3.20000000        1.18077277
    45.57599037       58.89430492        1.15844645        0.10360026        3.20000000        1.17823156
    45.61992067       58.96609496        1.16038026        0.10152182        3.20000000        1.17569309
    45.66372107       59.03788501        1.16231145        0.09943557        3.20000000        1.17315736
    45.70739083       59.10967505        1.16424002        0.09734145        3.20000000        1.17062436
    45.75092918       59.18146509        1.16616596        0.09523944        3.20000000        1.16809410
    45.79433536       59.25325514        1.16808924        0.09312949        3.20000000        1.16556657
    45.83760861       59.32504518        1.17000986        0.09101155        3.20000000        1.16304177
    45.88074815       59.39683522        1.17192781        0.08888558        3.20000000        1.16051971
    45.92375320       59.46862527        1.17384307        0.08675153        3.20000000        1.15800039
    45.96662297       59.54041531        1.17575563        0.08460937        3.20000000        1.15548380
    46.00935667       59.61220535        1.17766549        0.08245905        3.20000000        1.15296995
    46.05195349       59.68399540        1.17957261        0.08030053        3.20000000        1.15045883
    46.09441263       59.75578544        1.18147701        0.07813375        3.20000000        1.14795046
    46.13673327       59.82757548        1.18337865        0.07595867        3.20000000        1.14544481
    46.17891458       59.89936552        1.18527753        0.07377526        3.20000000        1.14294191
    46.22095573       59.97115557        1.18717364        0.07158346        3.20000000        1.14044175
    46.26285589       60.04294561        1.18906697        0.06938322        3.20000000        1.13794432
    46.30461422       60.11473565        1.19095750        0.06717451        3.20000000        1.13544964
    46.34622985       60.18652570        1.19284521        0.06495726        3.20000000        1.13295770
    46.38770193       60.25831574        1.19473011        0.06273145        3.20000000        1.13046849
    46.42902959       60.33010578        1.19661217        0.06049701        3.20000000        1.12798203
    46.47021196       60.40189583        1.19849139        0.05825391        3.20000000        1.12549832
    46.51124816       60.47368587        1.20036774        0.05600209        3.20000000        1.12301734
    46.55213728       60.54547591        1.20224123        0.05374150        3.20000000        1.12053911
    46.59287845       60.61726596        1.20411184        0.05147210        3.20000000        1.11806363
    46.63347073       60.68905600        1.20597954        0.04919384        3.20000000        1.11559090
    46.67391324       60.76084604        1.20784435        0.04690666        3.20000000        1.11312091
    46.71420503       60.83263609        1.20970623        0.04461053        3.20000000        1.11065367
    46.75434519       60.90442613        1.21156518        0.04230538        3.20000000        1.10818918
    46.79433276       60.97621617        1.21342119        0.03999117        3.20000000        1.10572744
    46.83416682       61.04800622        1.21527424        0.03766785        3.20000000        1.10326845
    46.87384639       61.11979626        1.21712432        0.03533537        3.20000000        1.10081222
    46.91337051       61.19158630        1.21897143        0.03299368        3.20000000        1.09835874
    46.95273822       61.26337634        1.22081554        0.03064271        3.20000000        1.09590802
    46.99194853       61.33516639        1.22265665        0.02828243        3.20000000        1.09346006
    47.03100045       61.40695643        1.22449475        0.02591278        3.20000000        1.09101486
    47.06989298       61.47874647        1.22632981        0.02353371        3.20000000        1.08857241
    47.10862512       61.55053652        1.22816184        0.02114516        3.20000000        1.08613273
    47.14719584       61.62232656        1.22999081        0.01874708        3.20000000        1.08369581
    47.18560413       61.69411660        1.23181672        0.01633942        3.20000000        1.08126166
    47.22384894       61.76590665        1.23363956        0.01392212        3.20000000        1.07883028
    47.26192923       61.83769669        1.23545930        0.01149514        3.20000000        1.07640166
    47.29984395       61.90948673        1.23727595        0.00905840        3.20000000        1.07397582
    47.33759203       61.98127678        1.23908949        0.00661187        3.20000000        1.07155275
    47.37517241       62.05306682        1.24089990        0.00415548        3.20000000        1.06913245
    47.41258399       62.12485686        1.24270718        0.00168917        3.20000000        1.06671493
    47.44982569       62.19664691        1.24451131       -0.00078710        3.20000000        1.06430019
    47.48689640       62.26843695        1.24631228       -0.00327340        3.20000000        1.06188823
    47.52379502       62.34022699        1.24811008       -0.00576978        3.20000000        1.05947905
    47.56052041       62.41201703        1.24990470       -0.00827629        3.20000000        1.05707266
    47.59707145       62.48380708        1.25169612       -0.01079301        3.20000000        1.05466906
    47.63344699       62.55559712        1.25348434       -0.01331998        3.20000000        1.05226824
    47.66964588       62.62738716        1.25526934       -0.01585726        3.20000000        1.04987022
    47.70566696       62.69917721        1.25705111       -0.01840492        3.20000000        1.04747499
    47.74150905       62.77096725        1.25882964       -0.02096301        3.20000000        1.04508256
    47.77717097       62.84275729        1.26060491       -0.02353159        3.20000000        1.04269292
    47.81265151       62.91454734        1.26237692       -0.02611072        3.20000000        1.04030609
    47.84794948       62.98633738        1.26414565       -0.02870046        3.20000000        1.03792207
    47.88306365       63.05812742        1.26591110       -0.03130087        3.20000000        1.03554085
    47.91799280       63.12991747        1.26767324       -0.03391202        3.20000000        1.03316244
    47.95273569       63.20170751        1.26943207       -0.03653396        3.20000000        1.03078685
    47.98729105       63.27349755        1.27118758       -0.03916676        3.20000000        1.02841407
    48.02165764       63.34528760        1.27293975       -0.04181048        3.20000000        1.02604411
    48.05583417       63.41707764        1.27468858       -0.04446518        3.20000000        1.02367697
    48.08981935       63.48886768        1.27643405       -0.04713092        3.20000000        1.02131266
    48.12361189       63.56065772        1.27817614       -0.04980778        3.20000000        1.01895117
    48.15721048       63.63244777        1.27991486       -0.05249580        3.20000000        1.01659252
    48.19061379       63.70423781        1.28165018       -0.05519507        3.20000000        1.01423670
    48.22382049       63.77602785        1.28338210       -0.05790563        3.20000000        1.01188372
    48.25682923       63.84781790        1.28511060       -0.06062757        3.20000000        1.00953358
    48.28963864       63.91960794        1.28683567       -0.06336093        3.20000000        1.00718629
    48.32224736       63.99139798        1.28855730       -0.06610580        3.20000000        1.00484184
    48.35465400       64.06318803        1.29027548       -0.06886223        3.20000000        1.00250025
    48.38685715       64.13497807        1.29199020       -0.07163029        3.20000000        1.00016151
    48.41885542       64.20676811        1.29370144       -0.07441005        3.20000000        0.99782563
    48.45064736       64.27855816        1.29540920       -0.07720158        3.20000000        0.99549261
    48.48223155       64.35034820        1.29711346       -0.08000494        3.20000000        0.99316246
    48.51360652       64.42213824        1.29881421       -0.08282021        3.20000000        0.99083519
    48.54477082       64.49392829        1.30051144       -0.08564745        3.20000000        0.98851078
    48.57572295       64.56571833        1.30220514       -0.08848673        3.20000000        0.98618926
    48.60646144       64.63750837        1.30389530       -0.09133812        3.20000000        0.98387062
    48.63698477       64.70929841        1.30558190       -0.09420170        3.20000000        0.98155487
    48.66729141       64.78108846        1.30726493       -0.09707752        3.20000000        0.97924201
    48.69737983       64.85287850        1.30894439       -0.09996568        3.20000000        0.97693204
    48.72724848       64.92466854        1.31062026       -0.10286622        3.20000000        0.97462498
    48.75689578       64.99645859        1.31229253       -0.10577924        3.20000000        0.97232082
    48.78632017       65.06824863        1.31396119       -0.10870480        3.20000000        0.97001957
    48.81552004       65.14003867        1.31562622       -0.11164297        3.20000000        0.96772124
    48.84449378       65.21182872        1.31728762       -0.11459382        3.20000000        0.96542582
    48.87323975       65.28361876        1.31894538       -0.11755744        3.20000000        0.96313333
    48.90175633       65.35540880        1.32059948       -0.12053389        3.20000000        0.96084377
    48.93004185       65.42719885        1.32224990       -0.12352325        3.20000000        0.95855714
    48.95809463       65.49898889        1.32389665       -0.12652559        3.20000000        0.95627345
    48.98591298       65.57077893        1.32553971       -0.12954099        3.20000000        0.95399271
    49.01349520       65.64256898        1.32717907       -0.13256953        3.20000000        0.95171491
    49.04083956       65.71435902        1.32881471       -0.13561128        3.20000000        0.94944008
    49.06794432       65.78614906        1.33044663       -0.13866632        3.20000000        0.94716820
    49.09480772       65.85793911        1.33207481       -0.14173473        3.20000000        0.94489928
    49.12142799       65.92972915        1.33369925       -0.14481657        3.20000000        0.94263334
    49.14780333       66.00151919        1.33531993       -0.14791195        3.20000000        0.94037038
    49.17393194       66.07330923        1.33693683       -0.15102092        3.20000000        0.93811039
    49.19981199       66.14509928        1.33854996       -0.15414357        3.20000000        0.93585340
    49.22544163       66.21688932        1.34015929       -0.15727999        3.20000000        0.93359940
    49.25081900       66.28867936        1.34176482       -0.16043024        3.20000000        0.93134840
    49.27594222       66.36046941        1.34336654       -0.16359441        3.20000000        0.92910041
    49.30080939       66.43225945        1.34496443       -0.16677259        3.20000000        0.92685543
    49.32541858       66.50404949        1.34655848       -0.16996484        3.20000000        0.92461347
    49.34976787       66.57583954        1.34814869       -0.17317126        3.20000000        0.92237454
    49.37385529       66.64762958        1.34973503       -0.17639193        3.20000000        0.92013864
    49.39767887       66.71941962        1.35131751       -0.17962693        3.20000000        0.91790578
    49.42123661       66.79120967        1.35289610       -0.18287634        3.20000000        0.91567596
    49.44452650       66.86299971        1.35447080       -0.18614024        3.20000000        0.91344919
    49.46754650       66.93478975        1.35604160       -0.18941873        3.20000000        0.91122548
    49.49029456       67.00657980        1.35760848       -0.19271188        3.20000000        0.90900484
    49.51276860       67.07836984        1.35917144       -0.19601978        3.20000000        0.90678727
    49.53496651       67.15015988        1.36073046       -0.19934251        3.20000000        0.90457278
    49.55688620       67.22194992        1.36228553       -0.20268017        3.20000000        0.90236138
    49.57852550       67.29373997        1.36383664       -0.20603283        3.20000000        0.90015308
    49.59988228       67.36553001        1.36538378       -0.20940058        3.20000000        0.89794787
    49.62095433       67.43732005        1.36692694       -0.21278352        3.20000000        0.89574577
    49.64173947       67.50911010        1.36846610       -0.21618172        3.20000000        0.89354680
    49.66223545       67.58090014        1.37000127       -0.21959528        3.20000000        0.89135094
    49.68244004       67.65269018        1.37153241       -0.22302429        3.20000000        0.88915822
    49.70235096       67.72448023        1.37305953       -0.22646883        3.20000000        0.88696864
    49.72196592       67.79627027        1.37458262       -0.22992899        3.20000000        0.88478221
    49.74128259       67.86806031        1.37610166       -0.23340486        3.20000000        0.88259893
    49.76029864       67.93985036        1.37761663       -0.23689654        3.20000000        0.88041882
    49.77901171       68.01164040        1.37912754       -0.24040411        3.20000000        0.87824189
    49.79741940       68.08343044        1.38063437       -0.24392766        3.20000000        0.87606813
    49.81551930       68.15522049        1.38213710       -0.24746729        3.20000000        0.87389757
    49.83330897       68.22701053        1.38363573       -0.25102308        3.20000000        0.87173020
    49.85078595       68.29880057        1.38513025       -0.25459513        3.20000000        0.86956605
    49.86794775       68.37059061        1.38662064       -0.25818354        3.20000000        0.86740511
    49.88479186       68.44238066        1.38810690       -0.26178839        3.20000000        0.86524740
    49.90131574       68.51417070        1.38958900       -0.26540977        3.20000000        0.86309292
    49.91751682       68.58596074        1.39106695       -0.26904779        3.20000000        0.86094169
    49.93339251       68.65775079        1.39254073       -0.27270253        3.20000000        0.85879371
    49.94894019       68.72954083        1.39401033       -0.27637409        3.20000000        0.85664899
    49.96415722       68.80133087        1.39547574       -0.28006256        3.20000000        0.85450755
    49.97904092       68.87312092        1.39693694       -0.28376804        3.20000000        0.85236939
    49.99358859       68.94491096        1.39839393       -0.28749063        3.20000000        0.85023452
    50.00779751       69.01670100        1.39984670       -0.29123042        3.20000000        0.84810296
    50.02166491       69.08849105        1.40129523       -0.29498750        3.20000000        0.84597471
    50.03518801       69.16028109        1.40273951       -0.29876197        3.20000000        0.84384978
    50.04836400       69.23207113        1.40417954       -0.30255394        3.20000000        0.84172819
    50.06119004       69.30386118        1.40561529       -0.30636349        3.20000000        0.83960994
    50.07366323       69.37565122        1.40704677       -0.31019072        3.20000000        0.83749505
    50.08578070       69.44744126        1.40847396       -0.31403573        3.20000000        0.83538352
    50.09753949       69.51923131        1.40989684       -0.31789862        3.20000000        0.83327536
    50.10893665       69.59102135        1.41131541       -0.32177949        3.20000000        0.83117060
    50.11996918       69.66281139        1.41272966       -0.32567843        3.20000000        0.82906923
    50.13063405       69.73460143        1.41413957       -0.32959555        3.20000000        0.82697128
    50.14092820       69.80639148        1.41554513       -0.33353094        3.20000000        0.82487674
    50.15084854       69.87818152        1.41694634       -0.33748470        3.20000000        0.82278564
    50.16039195       69.94997156        1.41834318       -0.34145693        3.20000000        0.82069798
    50.16955527       70.02176161        1.41973564       -0.34544773        3.20000000        0.81861378
    50.17833530       70.09355165        1.42112370       -0.34945720        3.20000000        0.81653305
    50.18672883       70.16534169        1.42250737       -0.35348543        3.20000000        0.81445580
    50.19473260       70.23713174        1.42388662       -0.35753254        3.20000000        0.81238204
    50.20234330       70.30892178        1.42526145       -0.36159861        3.20000000        0.81031178
    50.20955762       70.38071182        1.42663184       -0.36568376        3.20000000        0.80824505
    50.21637218       70.45250187        1.42799779       -0.36978807        3.20000000        0.80618184
    50.22278360       70.52429191        1.42935928       -0.37391166        3.20000000        0.80412218
    50.22878843       70.59608195        1.43071630       -0.37805461        3.20000000        0.80206607
    50.23438319       70.66787200        1.43206884       -0.38221704        3.20000000        0.80001354
    50.23956439       70.73966204        1.43341688       -0.38639903        3.20000000        0.79796459
    50.24432847       70.81145208        1.43476043       -0.39060070        3.20000000        0.79591923
    50.24867185       70.88324212        1.43609946       -0.39482214        3.20000000        0.79387748
    50.25259089       70.95503217        1.43743397       -0.39906345        3.20000000        0.79183936
    50.25608195       71.02682221        1.43876393       -0.40332473        3.20000000        0.78980487
    50.25914131       71.09861225        1.44008935       -0.40760609        3.20000000        0.78777404
    50.26176524       71.17040230        1.44141022       -0.41190762        3.20000000        0.78574687
    50.26394994       71.24219234        1.44272651       -0.41622943        3.20000000        0.78372338
    50.26569160       71.31398238        1.44403822       -0.42057161        3.20000000        0.78170359
    50.26698635       71.38577243        1.44534533       -0.42493426        3.20000000        0.77968750
    50.26783029       71.45756247        1.44664784       -0.42931749        3.20000000        0.77767515
    50.26821945       71.52935251        1.44794573       -0.43372139        3.20000000        0.77566653
