#  Theta paroi en deg Angle Choc en deg       Kp           Inverse Mach       Mach amont       Mach aval
     0.00000000       18.81906337        0.00000000        0.67741935        3.10000000
     1.57067416       18.82119880        0.00417013        0.67547121        3.10000000        3.09982821
     1.89735467       18.82418664        0.00571531        0.67475789        3.10000000        3.09958790
     2.24770391       18.82973172        0.00756599        0.67390944        3.10000000        3.09914207
     2.62526459       18.83953887        0.00976745        0.67290837        3.10000000        3.09835406
     3.01539716       18.85531292        0.01225261        0.67178873        3.10000000        3.09708793
     3.40960890       18.87875869        0.01496842        0.67057748        3.10000000        3.09520904
     3.80490249       18.91158101        0.01788836        0.66928912        3.10000000        3.09258476
     4.20114570       18.95548471        0.02100520        0.66792930        3.10000000        3.08908535
     4.59951903       19.01217461        0.02432435        0.66649812        3.10000000        3.08458501
     5.00176341       19.08335555        0.02785973        0.66499219        3.10000000        3.07896292
     5.33940865       19.15453649        0.03096730        0.66368366        3.10000000        3.07337214
     5.63515462       19.22571742        0.03379273        0.66250581        3.10000000        3.06781209
     5.90125142       19.29689836        0.03641671        0.66142173        3.10000000        3.06228220
     6.14512510       19.36807930        0.03888911        0.66040863        3.10000000        3.05678192
     6.37164515       19.43926023        0.04124316        0.65945132        3.10000000        3.05131069
     6.58419128       19.51044117        0.04350222        0.65853914        3.10000000        3.04586800
     6.78521283       19.58162211        0.04568339        0.65766427        3.10000000        3.04045333
     6.97654605       19.65280304        0.04779961        0.65682079        3.10000000        3.03506616
     7.15960588       19.72398398        0.04986094        0.65600411        3.10000000        3.02970601
     7.33550748       19.79516492        0.05187533        0.65521057        3.10000000        3.02437240
     7.50514664       19.86634585        0.05384922        0.65443722        3.10000000        3.01906485
     7.66925461       19.93752679        0.05578789        0.65368164        3.10000000        3.01378290
     7.82843670       20.00870773        0.05769572        0.65294182        3.10000000        3.00852610
     7.98320008       20.07988866        0.05957641        0.65221604        3.10000000        3.00329401
     8.13397426       20.15106960        0.06143307        0.65150286        3.10000000        2.99808620
     8.28112643       20.22225054        0.06326839        0.65080105        3.10000000        2.99290226
     8.42497314       20.29343147        0.06508469        0.65010952        3.10000000        2.98774176
     8.56578934       20.36461241        0.06688397        0.64942734        3.10000000        2.98260431
     8.70381553       20.43579335        0.06866801        0.64875369        3.10000000        2.97748951
     8.83926337       20.50697428        0.07043836        0.64808783        3.10000000        2.97239699
     8.97232014       20.57815522        0.07219637        0.64742912        3.10000000        2.96732636
     9.10315249       20.64933616        0.07394329        0.64677698        3.10000000        2.96227725
     9.23190934       20.72051709        0.07568019        0.64613090        3.10000000        2.95724931
     9.35872439       20.79169803        0.07740806        0.64549040        3.10000000        2.95224218
     9.48371819       20.86287897        0.07912778        0.64485508        3.10000000        2.94725553
     9.60699975       20.93405990        0.08084015        0.64422454        3.10000000        2.94228900
     9.72866811       21.00524084        0.08254587        0.64359844        3.10000000        2.93734229
     9.84881343       21.07642178        0.08424562        0.64297646        3.10000000        2.93241505
     9.96751810       21.14760271        0.08593999        0.64235831        3.10000000        2.92750698
    10.08485766       21.21878365        0.08762952        0.64174371        3.10000000        2.92261777
    10.20090145       21.28996459        0.08931472        0.64113243        3.10000000        2.91774711
    10.31571338       21.36114552        0.09099604        0.64052424        3.10000000        2.91289471
    10.42935242       21.43232646        0.09267391        0.63991891        3.10000000        2.90806028
    10.54187317       21.50350740        0.09434871        0.63931627        3.10000000        2.90324354
    10.65332624       21.57468833        0.09602082        0.63871612        3.10000000        2.89844421
    10.76375864       21.64586927        0.09769055        0.63811829        3.10000000        2.89366202
    10.87321418       21.71705021        0.09935822        0.63752263        3.10000000        2.88889669
    10.98173369       21.78823114        0.10102412        0.63692899        3.10000000        2.88414798
    11.08935528       21.85941208        0.10268852        0.63633723        3.10000000        2.87941563
    11.19611470       21.93059302        0.10435165        0.63574721        3.10000000        2.87469939
    11.30204535       22.00177395        0.10601376        0.63515882        3.10000000        2.86999901
    11.40717866       22.07295489        0.10767505        0.63457195        3.10000000        2.86531425
    11.51154414       22.14413583        0.10933574        0.63398647        3.10000000        2.86064488
    11.61516955       22.21531676        0.11099601        0.63340229        3.10000000        2.85599067
    11.71808111       22.28649770        0.11265603        0.63281932        3.10000000        2.85135140
    11.82030349       22.35767864        0.11431598        0.63223745        3.10000000        2.84672684
    11.92186005       22.42885957        0.11597600        0.63165661        3.10000000        2.84211678
    12.02277288       22.50004051        0.11763625        0.63107671        3.10000000        2.83752101
    12.12306286       22.57122145        0.11929686        0.63049767        3.10000000        2.83293932
    12.22274982       22.64240238        0.12095796        0.62991941        3.10000000        2.82837151
    12.32185257       22.71358332        0.12261967        0.62934187        3.10000000        2.82381737
    12.42038898       22.78476426        0.12428212        0.62876498        3.10000000        2.81927672
    12.51837601       22.85594519        0.12594540        0.62818867        3.10000000        2.81474937
    12.61582983       22.92712613        0.12760961        0.62761289        3.10000000        2.81023512
    12.71276583       22.99830707        0.12927486        0.62703756        3.10000000        2.80573379
    12.80919869       23.06948800        0.13094124        0.62646265        3.10000000        2.80124521
    12.90514240       23.14066894        0.13260882        0.62588808        3.10000000        2.79676919
    13.00061033       23.21184987        0.13427770        0.62531382        3.10000000        2.79230557
    13.09561526       23.28303081        0.13594795        0.62473980        3.10000000        2.78785417
    13.19016938       23.35421175        0.13761964        0.62416599        3.10000000        2.78341483
    13.28428441       23.42539268        0.13929284        0.62359234        3.10000000        2.77898739
    13.37797152       23.49657362        0.14096762        0.62301880        3.10000000        2.77457169
    13.47124144       23.56775456        0.14264403        0.62244533        3.10000000        2.77016757
    13.56410445       23.63893549        0.14432215        0.62187190        3.10000000        2.76577487
    13.65657042       23.71011643        0.14600201        0.62129845        3.10000000        2.76139346
    13.74864884       23.78129737        0.14768367        0.62072496        3.10000000        2.75702318
    13.84034879       23.85247830        0.14936719        0.62015138        3.10000000        2.75266388
    13.93167903       23.92365924        0.15105262        0.61957769        3.10000000        2.74831543
    14.02264798       23.99484018        0.15273998        0.61900384        3.10000000        2.74397768
    14.11326373       24.06602111        0.15442934        0.61842981        3.10000000        2.73965051
    14.20353409       24.13720205        0.15612072        0.61785557        3.10000000        2.73533377
    14.29346655       24.20838299        0.15781417        0.61728107        3.10000000        2.73102733
    14.38306837       24.27956392        0.15950973        0.61670630        3.10000000        2.72673108
    14.47234653       24.35074486        0.16120742        0.61613122        3.10000000        2.72244487
    14.56130775       24.42192580        0.16290728        0.61555581        3.10000000        2.71816860
    14.64995854       24.49310673        0.16460934        0.61498004        3.10000000        2.71390213
    14.73830518       24.56428767        0.16631363        0.61440388        3.10000000        2.70964535
    14.82635373       24.63546861        0.16802018        0.61382731        3.10000000        2.70539814
    14.91411007       24.70664954        0.16972902        0.61325031        3.10000000        2.70116038
    15.00157985       24.77783048        0.17144016        0.61267284        3.10000000        2.69693197
    15.08876856       24.84901142        0.17315363        0.61209489        3.10000000        2.69271280
    15.17568150       24.92019235        0.17486946        0.61151643        3.10000000        2.68850275
    15.26232380       24.99137329        0.17658767        0.61093744        3.10000000        2.68430173
    15.34870046       25.06255423        0.17830827        0.61035790        3.10000000        2.68010962
    15.43481628       25.13373516        0.18003129        0.60977779        3.10000000        2.67592632
    15.52067594       25.20491610        0.18175673        0.60919708        3.10000000        2.67175174
    15.60628396       25.27609704        0.18348463        0.60861577        3.10000000        2.66758578
    15.69164474       25.34727797        0.18521499        0.60803382        3.10000000        2.66342834
    15.77676253       25.41845891        0.18694783        0.60745122        3.10000000        2.65927932
    15.86164147       25.48963985        0.18868317        0.60686796        3.10000000        2.65513864
    15.94628558       25.56082078        0.19042101        0.60628401        3.10000000        2.65100619
    16.03069876       25.63200172        0.19216137        0.60569935        3.10000000        2.64688190
    16.11488479       25.70318266        0.19390426        0.60511397        3.10000000        2.64276568
    16.19884735       25.77436359        0.19564969        0.60452786        3.10000000        2.63865743
    16.28259001       25.84554453        0.19739768        0.60394099        3.10000000        2.63455708
    16.36611628       25.91672547        0.19914822        0.60335335        3.10000000        2.63046454
    16.44942951       25.98790640        0.20090134        0.60276492        3.10000000        2.62637972
    16.53253300       26.05908734        0.20265703        0.60217569        3.10000000        2.62230256
    16.61542994       26.13026828        0.20441530        0.60158564        3.10000000        2.61823297
    16.69812348       26.20144921        0.20617617        0.60099477        3.10000000        2.61417087
    16.78061661       26.27263015        0.20793964        0.60040304        3.10000000        2.61011620
    16.86291233       26.34381109        0.20970571        0.59981046        3.10000000        2.60606886
    16.94501349       26.41499202        0.21147439        0.59921700        3.10000000        2.60202880
    17.02692290       26.48617296        0.21324569        0.59862266        3.10000000        2.59799594
    17.10864330       26.55735390        0.21501960        0.59802741        3.10000000        2.59397021
    17.19017735       26.62853483        0.21679614        0.59743125        3.10000000        2.58995154
    17.27152764       26.69971577        0.21857530        0.59683417        3.10000000        2.58593986
    17.35269672       26.77089671        0.22035709        0.59623614        3.10000000        2.58193511
    17.43368705       26.84207764        0.22214151        0.59563716        3.10000000        2.57793722
    17.51450104       26.91325858        0.22392856        0.59503722        3.10000000        2.57394613
    17.59514104       26.98443952        0.22571825        0.59443630        3.10000000        2.56996177
    17.67560936       27.05562045        0.22751057        0.59383439        3.10000000        2.56598409
    17.75590823       27.12680139        0.22930553        0.59323148        3.10000000        2.56201301
    17.83603985       27.19798233        0.23110313        0.59262756        3.10000000        2.55804849
    17.91600635       27.26916326        0.23290336        0.59202262        3.10000000        2.55409047
    17.99580982       27.34034420        0.23470624        0.59141665        3.10000000        2.55013888
    18.07545229       27.41152514        0.23651175        0.59080963        3.10000000        2.54619367
    18.15493578       27.48270607        0.23831989        0.59020156        3.10000000        2.54225478
    18.23426222       27.55388701        0.24013067        0.58959242        3.10000000        2.53832217
    18.31343351       27.62506795        0.24194409        0.58898220        3.10000000        2.53439577
    18.39245153       27.69624888        0.24376014        0.58837090        3.10000000        2.53047553
    18.47131808       27.76742982        0.24557882        0.58775850        3.10000000        2.52656141
    18.55003497       27.83861076        0.24740012        0.58714499        3.10000000        2.52265335
    18.62860391       27.90979169        0.24922406        0.58653037        3.10000000        2.51875130
    18.70702662       27.98097263        0.25105061        0.58591462        3.10000000        2.51485521
    18.78530478       28.05215357        0.25287979        0.58529774        3.10000000        2.51096504
    18.86344000       28.12333450        0.25471158        0.58467971        3.10000000        2.50708074
    18.94143389       28.19451544        0.25654599        0.58406052        3.10000000        2.50320226
    19.01928802       28.26569638        0.25838301        0.58344017        3.10000000        2.49932955
    19.09700391       28.33687731        0.26022264        0.58281865        3.10000000        2.49546257
    19.17458306       28.40805825        0.26206487        0.58219595        3.10000000        2.49160128
    19.25202694       28.47923919        0.26390969        0.58157205        3.10000000        2.48774564
    19.32933698       28.55042012        0.26575712        0.58094695        3.10000000        2.48389559
    19.40651461       28.62160106        0.26760713        0.58032065        3.10000000        2.48005111
    19.48356120       28.69278200        0.26945972        0.57969313        3.10000000        2.47621214
    19.56047810       28.76396293        0.27131490        0.57906438        3.10000000        2.47237865
    19.63726663       28.83514387        0.27317265        0.57843440        3.10000000        2.46855060
    19.71392810       28.90632481        0.27503297        0.57780317        3.10000000        2.46472795
    19.79046378       28.97750574        0.27689586        0.57717069        3.10000000        2.46091066
    19.86687492       29.04868668        0.27876130        0.57653696        3.10000000        2.45709870
    19.94316274       29.11986762        0.28062930        0.57590195        3.10000000        2.45329202
    20.01932844       29.19104855        0.28249984        0.57526567        3.10000000        2.44949060
    20.09537319       29.26222949        0.28437292        0.57462811        3.10000000        2.44569438
    20.17129816       29.33341043        0.28624854        0.57398925        3.10000000        2.44190335
    20.24710448       29.40459136        0.28812669        0.57334909        3.10000000        2.43811747
    20.32279325       29.47577230        0.29000736        0.57270763        3.10000000        2.43433669
    20.39836557       29.54695324        0.29189054        0.57206485        3.10000000        2.43056100
    20.47382250       29.61813417        0.29377624        0.57142075        3.10000000        2.42679035
    20.54916509       29.68931511        0.29566443        0.57077532        3.10000000        2.42302471
    20.62439437       29.76049605        0.29755512        0.57012855        3.10000000        2.41926405
    20.69951136       29.83167698        0.29944830        0.56948043        3.10000000        2.41550835
    20.77451705       29.90285792        0.30134396        0.56883096        3.10000000        2.41175757
    20.84941240       29.97403885        0.30324209        0.56818013        3.10000000        2.40801167
    20.92419837       30.04521979        0.30514268        0.56752793        3.10000000        2.40427064
    20.99887591       30.11640073        0.30704574        0.56687435        3.10000000        2.40053444
    21.07344593       30.18758166        0.30895124        0.56621940        3.10000000        2.39680304
    21.14790933       30.25876260        0.31085919        0.56556305        3.10000000        2.39307642
    21.22226702       30.32994354        0.31276957        0.56490530        3.10000000        2.38935454
    21.29651985       30.40112447        0.31468238        0.56424615        3.10000000        2.38563739
    21.37066868       30.47230541        0.31659760        0.56358559        3.10000000        2.38192493
    21.44471437       30.54348635        0.31851524        0.56292361        3.10000000        2.37821714
    21.51865772       30.61466728        0.32043528        0.56226021        3.10000000        2.37451398
    21.59249957       30.68584822        0.32235771        0.56159537        3.10000000        2.37081545
    21.66624069       30.75702916        0.32428253        0.56092909        3.10000000        2.36712150
    21.73988189       30.82821009        0.32620973        0.56026136        3.10000000        2.36343213
    21.81342391       30.89939103        0.32813929        0.55959219        3.10000000        2.35974729
    21.88686754       30.97057197        0.33007122        0.55892155        3.10000000        2.35606698
    21.96021351       31.04175290        0.33200549        0.55824944        3.10000000        2.35239116
    22.03346254       31.11293384        0.33394211        0.55757586        3.10000000        2.34871981
    22.10661537       31.18411478        0.33588106        0.55690080        3.10000000        2.34505291
    22.17967268       31.25529571        0.33782233        0.55622425        3.10000000        2.34139045
    22.25263518       31.32647665        0.33976592        0.55554620        3.10000000        2.33773238
    22.32550356       31.39765759        0.34171181        0.55486666        3.10000000        2.33407870
    22.39827848       31.46883852        0.34366001        0.55418560        3.10000000        2.33042939
    22.47096059       31.54001946        0.34561048        0.55350304        3.10000000        2.32678442
    22.54355056       31.61120040        0.34756324        0.55281895        3.10000000        2.32314377
    22.61604901       31.68238133        0.34951826        0.55213333        3.10000000        2.31950742
    22.68845656       31.75356227        0.35147555        0.55144617        3.10000000        2.31587535
    22.76077385       31.82474321        0.35343508        0.55075748        3.10000000        2.31224755
    22.83300147       31.89592414        0.35539685        0.55006724        3.10000000        2.30862399
    22.90514002       31.96710508        0.35736086        0.54937544        3.10000000        2.30500466
    22.97719009       32.03828602        0.35932708        0.54868208        3.10000000        2.30138953
    23.04915225       32.10946695        0.36129552        0.54798716        3.10000000        2.29777859
    23.12102706       32.18064789        0.36326615        0.54729065        3.10000000        2.29417182
    23.19281509       32.25182883        0.36523898        0.54659257        3.10000000        2.29056920
    23.26451688       32.32300976        0.36721398        0.54589290        3.10000000        2.28697072
    23.33613296       32.39419070        0.36919116        0.54519164        3.10000000        2.28337635
    23.40766388       32.46537164        0.37117050        0.54448878        3.10000000        2.27978608
    23.47911015       32.53655257        0.37315198        0.54378431        3.10000000        2.27619990
    23.55047229       32.60773351        0.37513561        0.54307822        3.10000000        2.27261779
    23.62175078       32.67891445        0.37712137        0.54237052        3.10000000        2.26903973
    23.69294615       32.75009538        0.37910925        0.54166119        3.10000000        2.26546570
    23.76405886       32.82127632        0.38109924        0.54095023        3.10000000        2.26189569
    23.83508941       32.89245726        0.38309132        0.54023762        3.10000000        2.25832969
    23.90603826       32.96363819        0.38508550        0.53952337        3.10000000        2.25476768
    23.97690587       33.03481913        0.38708175        0.53880747        3.10000000        2.25120965
    24.04769271       33.10600007        0.38908007        0.53808991        3.10000000        2.24765557
    24.11839922       33.17718100        0.39108045        0.53737069        3.10000000        2.24410544
    24.18902585       33.24836194        0.39308287        0.53664979        3.10000000        2.24055924
    24.25957302       33.31954288        0.39508733        0.53592721        3.10000000        2.23701696
    24.33004117       33.39072381        0.39709382        0.53520295        3.10000000        2.23347858
    24.40043072       33.46190475        0.39910232        0.53447700        3.10000000        2.22994409
    24.47074207       33.53308569        0.40111282        0.53374935        3.10000000        2.22641348
    24.54097565       33.60426662        0.40312531        0.53302000        3.10000000        2.22288674
    24.61113184       33.67544756        0.40513979        0.53228893        3.10000000        2.21936384
    24.68121104       33.74662850        0.40715624        0.53155615        3.10000000        2.21584478
    24.75121365       33.81780943        0.40917465        0.53082164        3.10000000        2.21232955
    24.82114003       33.88899037        0.41119500        0.53008541        3.10000000        2.20881813
    24.89099056       33.96017131        0.41321729        0.52934744        3.10000000        2.20531051
    24.96076562       34.03135224        0.41524152        0.52860772        3.10000000        2.20180668
    25.03046556       34.10253318        0.41726765        0.52786626        3.10000000        2.19830662
    25.10009075       34.17371412        0.41929569        0.52712303        3.10000000        2.19481033
    25.16964153       34.24489505        0.42132562        0.52637805        3.10000000        2.19131779
    25.23911824       34.31607599        0.42335744        0.52563130        3.10000000        2.18782900
    25.30852124       34.38725693        0.42539113        0.52488277        3.10000000        2.18434394
    25.37785085       34.45843786        0.42742667        0.52413245        3.10000000        2.18086259
    25.44710739       34.52961880        0.42946407        0.52338035        3.10000000        2.17738496
    25.51629119       34.60079974        0.43150330        0.52262646        3.10000000        2.17391102
    25.58540257       34.67198067        0.43354435        0.52187076        3.10000000        2.17044077
    25.65444184       34.74316161        0.43558722        0.52111325        3.10000000        2.16697420
    25.72340931       34.81434255        0.43763190        0.52035393        3.10000000        2.16351130
    25.79230528       34.88552348        0.43967836        0.51959279        3.10000000        2.16005205
    25.86113005       34.95670442        0.44172660        0.51882981        3.10000000        2.15659645
    25.92988389       35.02788536        0.44377662        0.51806500        3.10000000        2.15314448
    25.99856712       35.09906629        0.44582838        0.51729835        3.10000000        2.14969615
    26.06718000       35.17024723        0.44788190        0.51652986        3.10000000        2.14625143
    26.13572282       35.24142817        0.44993714        0.51575950        3.10000000        2.14281032
    26.20419584       35.31260910        0.45199411        0.51498729        3.10000000        2.13937281
    26.27259933       35.38379004        0.45405279        0.51421320        3.10000000        2.13593888
    26.34093355       35.45497098        0.45611317        0.51343724        3.10000000        2.13250854
    26.40919877       35.52615191        0.45817523        0.51265940        3.10000000        2.12908177
    26.47739524       35.59733285        0.46023897        0.51187967        3.10000000        2.12565856
    26.54552321       35.66851379        0.46230437        0.51109805        3.10000000        2.12223891
    26.61358292       35.73969472        0.46437142        0.51031452        3.10000000        2.11882280
    26.68157462       35.81087566        0.46644011        0.50952908        3.10000000        2.11541023
    26.74949853       35.88205660        0.46851043        0.50874173        3.10000000        2.11200119
    26.81735490       35.95323753        0.47058236        0.50795245        3.10000000        2.10859567
    26.88514395       36.02441847        0.47265590        0.50716125        3.10000000        2.10519366
    26.95286590       36.09559941        0.47473103        0.50636811        3.10000000        2.10179515
    27.02052098       36.16678034        0.47680774        0.50557302        3.10000000        2.09840014
    27.08810940       36.23796128        0.47888602        0.50477598        3.10000000        2.09500862
    27.15563137       36.30914222        0.48096585        0.50397699        3.10000000        2.09162058
    27.22308711       36.38032315        0.48304723        0.50317603        3.10000000        2.08823601
    27.29047681       36.45150409        0.48513014        0.50237310        3.10000000        2.08485491
    27.35780068       36.52268502        0.48721457        0.50156820        3.10000000        2.08147726
    27.42505891       36.59386596        0.48930051        0.50076130        3.10000000        2.07810307
    27.49225170       36.66504690        0.49138794        0.49995242        3.10000000        2.07473232
    27.55937924       36.73622783        0.49347685        0.49914153        3.10000000        2.07136500
    27.62644171       36.80740877        0.49556724        0.49832864        3.10000000        2.06800112
    27.69343929       36.87858971        0.49765908        0.49751374        3.10000000        2.06464065
    27.76037217       36.94977064        0.49975238        0.49669681        3.10000000        2.06128360
    27.82724051       37.02095158        0.50184710        0.49587786        3.10000000        2.05792996
    27.89404449       37.09213252        0.50394325        0.49505687        3.10000000        2.05457972
    27.96078429       37.16331345        0.50604081        0.49423383        3.10000000        2.05123287
    28.02746005       37.23449439        0.50813977        0.49340875        3.10000000        2.04788942
    28.09407195       37.30567533        0.51024011        0.49258161        3.10000000        2.04454934
    28.16062014       37.37685626        0.51234183        0.49175241        3.10000000        2.04121264
    28.22710477       37.44803720        0.51444490        0.49092114        3.10000000        2.03787930
    28.29352601       37.51921814        0.51654933        0.49008778        3.10000000        2.03454933
    28.35988399       37.59039907        0.51865509        0.48925234        3.10000000        2.03122272
    28.42617886       37.66158001        0.52076218        0.48841481        3.10000000        2.02789945
    28.49241076       37.73276095        0.52287057        0.48757518        3.10000000        2.02457953
    28.55857984       37.80394188        0.52498027        0.48673343        3.10000000        2.02126294
    28.62468622       37.87512282        0.52709125        0.48588957        3.10000000        2.01794969
    28.69073005       37.94630376        0.52920351        0.48504359        3.10000000        2.01463976
    28.75671144       38.01748469        0.53131702        0.48419548        3.10000000        2.01133315
    28.82263053       38.08866563        0.53343179        0.48334522        3.10000000        2.00802986
    28.88848744       38.15984657        0.53554779        0.48249282        3.10000000        2.00472987
    28.95428229       38.23102750        0.53766502        0.48163827        3.10000000        2.00143319
    29.02001519       38.30220844        0.53978346        0.48078156        3.10000000        1.99813980
    29.08568627       38.37338938        0.54190310        0.47992267        3.10000000        1.99484971
    29.15129563       38.44457031        0.54402392        0.47906161        3.10000000        1.99156290
    29.21684338       38.51575125        0.54614592        0.47819836        3.10000000        1.98827937
    29.28232964       38.58693219        0.54826908        0.47733292        3.10000000        1.98499912
    29.34775449       38.65811312        0.55039339        0.47646529        3.10000000        1.98172213
    29.41311805       38.72929406        0.55251883        0.47559544        3.10000000        1.97844841
    29.47842041       38.80047500        0.55464540        0.47472337        3.10000000        1.97517795
    29.54366166       38.87165593        0.55677308        0.47384908        3.10000000        1.97191074
    29.60884190       38.94283687        0.55890186        0.47297256        3.10000000        1.96864678
    29.67396122       39.01401781        0.56103172        0.47209380        3.10000000        1.96538607
    29.73901970       39.08519874        0.56316265        0.47121279        3.10000000        1.96212859
    29.80401744       39.15637968        0.56529465        0.47032953        3.10000000        1.95887435
    29.86895450       39.22756062        0.56742769        0.46944400        3.10000000        1.95562334
    29.93383096       39.29874155        0.56956177        0.46855620        3.10000000        1.95237555
    29.99864692       39.36992249        0.57169687        0.46766611        3.10000000        1.94913097
    30.06340243       39.44110343        0.57383297        0.46677374        3.10000000        1.94588962
    30.12809757       39.51228436        0.57597008        0.46587907        3.10000000        1.94265147
    30.19273242       39.58346530        0.57810816        0.46498210        3.10000000        1.93941653
    30.25730703       39.65464624        0.58024722        0.46408281        3.10000000        1.93618478
    30.32182146       39.72582717        0.58238724        0.46318120        3.10000000        1.93295623
    30.38627579       39.79700811        0.58452820        0.46227726        3.10000000        1.92973088
    30.45067007       39.86818905        0.58667009        0.46137098        3.10000000        1.92650871
    30.51500435       39.93936998        0.58881290        0.46046235        3.10000000        1.92328972
    30.57927869       40.01055092        0.59095662        0.45955137        3.10000000        1.92007390
    30.64349315       40.08173186        0.59310123        0.45863802        3.10000000        1.91686126
    30.70764776       40.15291279        0.59524672        0.45772230        3.10000000        1.91365179
    30.77174258       40.22409373        0.59739309        0.45680419        3.10000000        1.91044548
    30.83577765       40.29527467        0.59954030        0.45588370        3.10000000        1.90724233
    30.89975302       40.36645560        0.60168836        0.45496081        3.10000000        1.90404234
    30.96366871       40.43763654        0.60383725        0.45403551        3.10000000        1.90084550
    31.02752478       40.50881748        0.60598695        0.45310779        3.10000000        1.89765180
    31.09132126       40.57999841        0.60813746        0.45217765        3.10000000        1.89446124
    31.15505817       40.65117935        0.61028875        0.45124507        3.10000000        1.89127383
    31.21873555       40.72236029        0.61244083        0.45031005        3.10000000        1.88808954
    31.28235343       40.79354122        0.61459366        0.44937258        3.10000000        1.88490839
    31.34591183       40.86472216        0.61674725        0.44843265        3.10000000        1.88173037
    31.40941077       40.93590310        0.61890158        0.44749024        3.10000000        1.87855546
    31.47285029       41.00708403        0.62105664        0.44654536        3.10000000        1.87538367
    31.53623039       41.07826497        0.62321240        0.44559799        3.10000000        1.87221500
    31.59955109       41.14944591        0.62536887        0.44464812        3.10000000        1.86904943
    31.66281242       41.22062684        0.62752602        0.44369574        3.10000000        1.86588697
    31.72601437       41.29180778        0.62968384        0.44274085        3.10000000        1.86272762
    31.78915697       41.36298872        0.63184233        0.44178343        3.10000000        1.85957136
    31.85224022       41.43416965        0.63400146        0.44082348        3.10000000        1.85641819
    31.91526412       41.50535059        0.63616123        0.43986098        3.10000000        1.85326812
    31.97822869       41.57653153        0.63832162        0.43889593        3.10000000        1.85012113
    32.04113392       41.64771246        0.64048261        0.43792831        3.10000000        1.84697722
    32.10397981       41.71889340        0.64264421        0.43695812        3.10000000        1.84383639
    32.16676636       41.79007434        0.64480638        0.43598535        3.10000000        1.84069864
    32.22949356       41.86125527        0.64696912        0.43500999        3.10000000        1.83756396
    32.29216141       41.93243621        0.64913242        0.43403202        3.10000000        1.83443234
    32.35476990       42.00361715        0.65129626        0.43305145        3.10000000        1.83130379
    32.41731902       42.07479808        0.65346063        0.43206825        3.10000000        1.82817830
    32.47980876       42.14597902        0.65562551        0.43108242        3.10000000        1.82505587
    32.54223909       42.21715996        0.65779090        0.43009395        3.10000000        1.82193649
    32.60461002       42.28834089        0.65995678        0.42910282        3.10000000        1.81882016
    32.66692150       42.35952183        0.66212314        0.42810904        3.10000000        1.81570687
    32.72917353       42.43070277        0.66428996        0.42711259        3.10000000        1.81259663
    32.79136608       42.50188370        0.66645723        0.42611345        3.10000000        1.80948942
    32.85349912       42.57306464        0.66862494        0.42511162        3.10000000        1.80638525
    32.91557263       42.64424558        0.67079307        0.42410709        3.10000000        1.80328411
    32.97758658       42.71542651        0.67296161        0.42309985        3.10000000        1.80018600
    33.03954093       42.78660745        0.67513056        0.42208989        3.10000000        1.79709091
    33.10143566       42.85778839        0.67729988        0.42107719        3.10000000        1.79399885
    33.16327073       42.92896932        0.67946958        0.42006175        3.10000000        1.79090980
    33.22504609       43.00015026        0.68163964        0.41904356        3.10000000        1.78782377
    33.28676172       43.07133120        0.68381004        0.41802260        3.10000000        1.78474075
    33.34841757       43.14251213        0.68598077        0.41699887        3.10000000        1.78166074
    33.41001359       43.21369307        0.68815182        0.41597235        3.10000000        1.77858373
    33.47154975       43.28487400        0.69032318        0.41494304        3.10000000        1.77550972
    33.53302598       43.35605494        0.69249483        0.41391092        3.10000000        1.77243871
    33.59444226       43.42723588        0.69466676        0.41287598        3.10000000        1.76937069
    33.65579851       43.49841681        0.69683895        0.41183821        3.10000000        1.76630566
    33.71709470       43.56959775        0.69901140        0.41079761        3.10000000        1.76324363
    33.77833075       43.64077869        0.70118409        0.40975415        3.10000000        1.76018457
    33.83950663       43.71195962        0.70335700        0.40870783        3.10000000        1.75712850
    33.90062226       43.78314056        0.70553012        0.40765864        3.10000000        1.75407541
    33.96167759       43.85432150        0.70770345        0.40660657        3.10000000        1.75102529
    34.02267255       43.92550243        0.70987696        0.40555160        3.10000000        1.74797814
    34.08360707       43.99668337        0.71205065        0.40449372        3.10000000        1.74493396
    34.14448110       44.06786431        0.71422449        0.40343293        3.10000000        1.74189275
    34.20529456       44.13904524        0.71639848        0.40236921        3.10000000        1.73885450
    34.26604738       44.21022618        0.71857260        0.40130254        3.10000000        1.73581920
    34.32673949       44.28140712        0.72074685        0.40023293        3.10000000        1.73278687
    34.38737081       44.35258805        0.72292120        0.39916035        3.10000000        1.72975748
    34.44794127       44.42376899        0.72509564        0.39808479        3.10000000        1.72673105
    34.50845078       44.49494993        0.72727017        0.39700625        3.10000000        1.72370756
    34.56889927       44.56613086        0.72944476        0.39592471        3.10000000        1.72068702
    34.62928665       44.63731180        0.73161940        0.39484016        3.10000000        1.71766941
    34.68961284       44.70849274        0.73379409        0.39375258        3.10000000        1.71465475
    34.74987775       44.77967367        0.73596880        0.39266197        3.10000000        1.71164302
    34.81008129       44.85085461        0.73814352        0.39156832        3.10000000        1.70863422
    34.87022338       44.92203555        0.74031825        0.39047160        3.10000000        1.70562835
    34.93030391       44.99321648        0.74249296        0.38937182        3.10000000        1.70262540
    34.99032280       45.06439742        0.74466765        0.38826895        3.10000000        1.69962538
    35.05027995       45.13557836        0.74684229        0.38716299        3.10000000        1.69662827
    35.11017526       45.20675929        0.74901689        0.38605391        3.10000000        1.69363409
    35.17000863       45.27794023        0.75119142        0.38494172        3.10000000        1.69064281
    35.22977996       45.34912117        0.75336586        0.38382639        3.10000000        1.68765445
    35.28948914       45.42030210        0.75554022        0.38270792        3.10000000        1.68466899
    35.34913607       45.49148304        0.75771447        0.38158629        3.10000000        1.68168644
    35.40872064       45.56266398        0.75988860        0.38046149        3.10000000        1.67870680
    35.46824274       45.63384491        0.76206259        0.37933351        3.10000000        1.67573005
    35.52770225       45.70502585        0.76423644        0.37820233        3.10000000        1.67275619
    35.58709907       45.77620679        0.76641014        0.37706794        3.10000000        1.66978523
    35.64643307       45.84738772        0.76858365        0.37593032        3.10000000        1.66681716
    35.70570414       45.91856866        0.77075699        0.37478947        3.10000000        1.66385198
    35.76491217       45.98974960        0.77293012        0.37364538        3.10000000        1.66088969
    35.82405701       46.06093053        0.77510304        0.37249802        3.10000000        1.65793027
    35.88313856       46.13211147        0.77727573        0.37134738        3.10000000        1.65497374
    35.94215669       46.20329241        0.77944819        0.37019346        3.10000000        1.65202008
    36.00111126       46.27447334        0.78162039        0.36903623        3.10000000        1.64906929
    36.06000216       46.34565428        0.78379232        0.36787569        3.10000000        1.64612138
    36.11882924       46.41683522        0.78596398        0.36671182        3.10000000        1.64317634
    36.17759237       46.48801615        0.78813534        0.36554460        3.10000000        1.64023415
    36.23629142       46.55919709        0.79030640        0.36437403        3.10000000        1.63729484
    36.29492625       46.63037803        0.79247713        0.36320009        3.10000000        1.63435838
    36.35349672       46.70155896        0.79464754        0.36202276        3.10000000        1.63142478
    36.41200269       46.77273990        0.79681760        0.36084203        3.10000000        1.62849403
    36.47044401       46.84392084        0.79898730        0.35965790        3.10000000        1.62556614
    36.52882053       46.91510177        0.80115662        0.35847033        3.10000000        1.62264110
    36.58713211       46.98628271        0.80332556        0.35727932        3.10000000        1.61971890
    36.64537861       47.05746365        0.80549410        0.35608486        3.10000000        1.61679954
    36.70355986       47.12864458        0.80766223        0.35488693        3.10000000        1.61388303
    36.76167571       47.19982552        0.80982993        0.35368551        3.10000000        1.61096936
    36.81972601       47.27100646        0.81199719        0.35248060        3.10000000        1.60805852
    36.87771060       47.34218739        0.81416400        0.35127217        3.10000000        1.60515051
    36.93562932       47.41336833        0.81633035        0.35006021        3.10000000        1.60224534
    36.99348200       47.48454927        0.81849621        0.34884471        3.10000000        1.59934299
    37.05126848       47.55573020        0.82066158        0.34762565        3.10000000        1.59644347
    37.10898860       47.62691114        0.82282644        0.34640301        3.10000000        1.59354678
    37.16664218       47.69809208        0.82499079        0.34517679        3.10000000        1.59065290
    37.22422905       47.76927301        0.82715460        0.34394697        3.10000000        1.58776184
    37.28174905       47.84045395        0.82931787        0.34271352        3.10000000        1.58487360
    37.33920200       47.91163489        0.83148058        0.34147645        3.10000000        1.58198817
    37.39658772       47.98281582        0.83364271        0.34023572        3.10000000        1.57910555
    37.45390602       48.05399676        0.83580426        0.33899133        3.10000000        1.57622573
    37.51115674       48.12517770        0.83796521        0.33774325        3.10000000        1.57334873
    37.56833968       48.19635863        0.84012554        0.33649148        3.10000000        1.57047452
    37.62545466       48.26753957        0.84228525        0.33523600        3.10000000        1.56760312
    37.68250150       48.33872051        0.84444432        0.33397679        3.10000000        1.56473451
    37.73948000       48.40990144        0.84660274        0.33271384        3.10000000        1.56186870
    37.79638996       48.48108238        0.84876050        0.33144712        3.10000000        1.55900568
    37.85323120       48.55226332        0.85091757        0.33017663        3.10000000        1.55614545
    37.91000353       48.62344425        0.85307395        0.32890235        3.10000000        1.55328801
    37.96670673       48.69462519        0.85522962        0.32762425        3.10000000        1.55043336
    38.02334062       48.76580613        0.85738458        0.32634234        3.10000000        1.54758149
    38.07990498       48.83698706        0.85953880        0.32505658        3.10000000        1.54473240
    38.13639961       48.90816800        0.86169228        0.32376696        3.10000000        1.54188609
    38.19282431       48.97934894        0.86384500        0.32247346        3.10000000        1.53904255
    38.24917886       49.05052987        0.86599695        0.32117608        3.10000000        1.53620179
    38.30546305       49.12171081        0.86814811        0.31987478        3.10000000        1.53336380
    38.36167667       49.19289175        0.87029847        0.31856956        3.10000000        1.53052858
    38.41781950       49.26407268        0.87244802        0.31726039        3.10000000        1.52769613
    38.47389132       49.33525362        0.87459674        0.31594726        3.10000000        1.52486644
    38.52989192       49.40643456        0.87674463        0.31463016        3.10000000        1.52203951
    38.58582106       49.47761549        0.87889166        0.31330906        3.10000000        1.51921534
    38.64167852       49.54879643        0.88103783        0.31198394        3.10000000        1.51639393
    38.69746407       49.61997737        0.88318312        0.31065480        3.10000000        1.51357528
    38.75317749       49.69115830        0.88532752        0.30932160        3.10000000        1.51075938
    38.80881854       49.76233924        0.88747102        0.30798434        3.10000000        1.50794622
    38.86438698       49.83352017        0.88961359        0.30664300        3.10000000        1.50513582
    38.91988258       49.90470111        0.89175524        0.30529755        3.10000000        1.50232817
    38.97530510       49.97588205        0.89389594        0.30394798        3.10000000        1.49952325
    39.03065429       50.04706298        0.89603568        0.30259427        3.10000000        1.49672108
    39.08592991       50.11824392        0.89817445        0.30123641        3.10000000        1.49392165
    39.14113172       50.18942486        0.90031224        0.29987437        3.10000000        1.49112496
    39.19625945       50.26060579        0.90244903        0.29850813        3.10000000        1.48833101
    39.25131287       50.33178673        0.90458480        0.29713768        3.10000000        1.48553978
    39.30629171       50.40296767        0.90671956        0.29576300        3.10000000        1.48275129
    39.36119572       50.47414860        0.90885328        0.29438407        3.10000000        1.47996553
    39.41602465       50.54532954        0.91098594        0.29300086        3.10000000        1.47718249
    39.47077822       50.61651048        0.91311754        0.29161337        3.10000000        1.47440218
    39.52545617       50.68769141        0.91524807        0.29022157        3.10000000        1.47162459
    39.58005824       50.75887235        0.91737751        0.28882543        3.10000000        1.46884972
    39.63458415       50.83005329        0.91950584        0.28742496        3.10000000        1.46607757
    39.68903364       50.90123422        0.92163306        0.28602011        3.10000000        1.46330814
    39.74340642       50.97241516        0.92375914        0.28461087        3.10000000        1.46054142
    39.79770223       51.04359610        0.92588409        0.28319723        3.10000000        1.45777741
    39.85192078       51.11477703        0.92800788        0.28177916        3.10000000        1.45501612
    39.90606178       51.18595797        0.93013050        0.28035664        3.10000000        1.45225753
    39.96012496       51.25713891        0.93225194        0.27892966        3.10000000        1.44950165
    40.01411003       51.32831984        0.93437218        0.27749819        3.10000000        1.44674847
    40.06801669       51.39950078        0.93649121        0.27606220        3.10000000        1.44399800
    40.12184465       51.47068172        0.93860903        0.27462169        3.10000000        1.44125022
    40.17559362       51.54186265        0.94072560        0.27317663        3.10000000        1.43850515
    40.22926330       51.61304359        0.94284093        0.27172700        3.10000000        1.43576277
    40.28285338       51.68422453        0.94495500        0.27027277        3.10000000        1.43302309
    40.33636356       51.75540546        0.94706780        0.26881393        3.10000000        1.43028610
    40.38979353       51.82658640        0.94917931        0.26735046        3.10000000        1.42755180
    40.44314299       51.89776734        0.95128951        0.26588233        3.10000000        1.42482019
    40.49641162       51.96894827        0.95339841        0.26440952        3.10000000        1.42209127
    40.54959911       52.04012921        0.95550597        0.26293201        3.10000000        1.41936504
    40.60270514       52.11131015        0.95761220        0.26144978        3.10000000        1.41664149
    40.65572938       52.18249108        0.95971708        0.25996281        3.10000000        1.41392062
    40.70867151       52.25367202        0.96182059        0.25847107        3.10000000        1.41120243
    40.76153121       52.32485296        0.96392272        0.25697455        3.10000000        1.40848692
    40.81430815       52.39603389        0.96602346        0.25547321        3.10000000        1.40577408
    40.86700199       52.46721483        0.96812280        0.25396705        3.10000000        1.40306392
    40.91961240       52.53839577        0.97022071        0.25245603        3.10000000        1.40035644
    40.97213903       52.60957670        0.97231720        0.25094013        3.10000000        1.39765162
    41.02458156       52.68075764        0.97441224        0.24941933        3.10000000        1.39494948
    41.07693962       52.75193858        0.97650583        0.24789360        3.10000000        1.39225000
    41.12921288       52.82311951        0.97859794        0.24636293        3.10000000        1.38955319
    41.18140098       52.89430045        0.98068858        0.24482729        3.10000000        1.38685905
    41.23350358       52.96548139        0.98277771        0.24328665        3.10000000        1.38416757
    41.28552030       53.03666232        0.98486534        0.24174100        3.10000000        1.38147875
    41.33745080       53.10784326        0.98695145        0.24019031        3.10000000        1.37879259
    41.38929471       53.17902420        0.98903602        0.23863455        3.10000000        1.37610909
    41.44105166       53.25020513        0.99111904        0.23707370        3.10000000        1.37342825
    41.49272129       53.32138607        0.99320050        0.23550774        3.10000000        1.37075006
    41.54430321       53.39256701        0.99528039        0.23393664        3.10000000        1.36807453
    41.59579706       53.46374794        0.99735869        0.23236037        3.10000000        1.36540164
    41.64720246       53.53492888        0.99943540        0.23077893        3.10000000        1.36273141
    41.69851901       53.60610982        1.00151048        0.22919226        3.10000000        1.36006383
    41.74974635       53.67729075        1.00358395        0.22760037        3.10000000        1.35739890
    41.80088407       53.74847169        1.00565578        0.22600321        3.10000000        1.35473661
    41.85193178       53.81965263        1.00772595        0.22440076        3.10000000        1.35207697
    41.90288909       53.89083356        1.00979446        0.22279300        3.10000000        1.34941998
    41.95375560       53.96201450        1.01186129        0.22117990        3.10000000        1.34676562
    42.00453091       54.03319544        1.01392644        0.21956143        3.10000000        1.34411391
    42.05521461       54.10437637        1.01598988        0.21793758        3.10000000        1.34146484
    42.10580629       54.17555731        1.01805160        0.21630831        3.10000000        1.33881840
    42.15630553       54.24673825        1.02011160        0.21467360        3.10000000        1.33617460
    42.20671192       54.31791918        1.02216985        0.21303342        3.10000000        1.33353344
    42.25702505       54.38910012        1.02422635        0.21138774        3.10000000        1.33089492
    42.30724447       54.46028106        1.02628109        0.20973654        3.10000000        1.32825902
    42.35736978       54.53146199        1.02833404        0.20807979        3.10000000        1.32562576
    42.40740053       54.60264293        1.03038520        0.20641747        3.10000000        1.32299513
    42.45733630       54.67382387        1.03243456        0.20474954        3.10000000        1.32036713
    42.50717663       54.74500480        1.03448210        0.20307598        3.10000000        1.31774176
    42.55692110       54.81618574        1.03652780        0.20139676        3.10000000        1.31511901
    42.60656925       54.88736668        1.03857167        0.19971185        3.10000000        1.31249889
    42.65612064       54.95854761        1.04061367        0.19802123        3.10000000        1.30988140
    42.70557481       55.02972855        1.04265381        0.19632487        3.10000000        1.30726653
    42.75493129       55.10090949        1.04469206        0.19462273        3.10000000        1.30465429
    42.80418965       55.17209042        1.04672842        0.19291480        3.10000000        1.30204466
    42.85334939       55.24327136        1.04876287        0.19120104        3.10000000        1.29943766
    42.90241007       55.31445230        1.05079541        0.18948142        3.10000000        1.29683328
    42.95137120       55.38563323        1.05282600        0.18775591        3.10000000        1.29423152
    43.00023230       55.45681417        1.05485466        0.18602449        3.10000000        1.29163237
    43.04899290       55.52799511        1.05688135        0.18428713        3.10000000        1.28903585
    43.09765251       55.59917604        1.05890608        0.18254379        3.10000000        1.28644194
    43.14621064       55.67035698        1.06092882        0.18079444        3.10000000        1.28385064
    43.19466680       55.74153792        1.06294956        0.17903906        3.10000000        1.28126196
    43.24302048       55.81271885        1.06496829        0.17727762        3.10000000        1.27867589
    43.29127120       55.88389979        1.06698501        0.17551008        3.10000000        1.27609244
    43.33941843       55.95508073        1.06899969        0.17373642        3.10000000        1.27351160
    43.38746167       56.02626166        1.07101232        0.17195660        3.10000000        1.27093337
    43.43540040       56.09744260        1.07302289        0.17017059        3.10000000        1.26835775
    43.48323412       56.16862354        1.07503139        0.16837836        3.10000000        1.26578474
    43.53096228       56.23980447        1.07703780        0.16657989        3.10000000        1.26321434
    43.57858437       56.31098541        1.07904212        0.16477513        3.10000000        1.26064655
    43.62609985       56.38216635        1.08104433        0.16296406        3.10000000        1.25808137
    43.67350819       56.45334728        1.08304442        0.16114665        3.10000000        1.25551879
    43.72080884       56.52452822        1.08504237        0.15932286        3.10000000        1.25295883
    43.76800126       56.59570915        1.08703817        0.15749266        3.10000000        1.25040146
    43.81508489       56.66689009        1.08903181        0.15565601        3.10000000        1.24784671
    43.86205919       56.73807103        1.09102328        0.15381290        3.10000000        1.24529456
    43.90892358       56.80925196        1.09301257        0.15196327        3.10000000        1.24274501
    43.95567752       56.88043290        1.09499966        0.15010711        3.10000000        1.24019807
    44.00232042       56.95161384        1.09698453        0.14824436        3.10000000        1.23765373
    44.04885171       57.02279477        1.09896719        0.14637502        3.10000000        1.23511200
    44.09527083       57.09397571        1.10094761        0.14449903        3.10000000        1.23257287
    44.14157717       57.16515665        1.10292578        0.14261636        3.10000000        1.23003634
    44.18777015       57.23633758        1.10490169        0.14072698        3.10000000        1.22750242
    44.23384918       57.30751852        1.10687533        0.13883086        3.10000000        1.22497109
    44.27981365       57.37869946        1.10884669        0.13692796        3.10000000        1.22244237
    44.32566297       57.44988039        1.11081575        0.13501824        3.10000000        1.21991626
    44.37139653       57.52106133        1.11278250        0.13310168        3.10000000        1.21739274
    44.41701371       57.59224227        1.11474693        0.13117823        3.10000000        1.21487182
    44.46251389       57.66342320        1.11670902        0.12924786        3.10000000        1.21235351
    44.50789645       57.73460414        1.11866876        0.12731053        3.10000000        1.20983779
    44.55316075       57.80578508        1.12062615        0.12536621        3.10000000        1.20732468
    44.59830617       57.87696601        1.12258117        0.12341486        3.10000000        1.20481417
    44.64333206       57.94814695        1.12453380        0.12145645        3.10000000        1.20230626
    44.68823777       58.01932789        1.12648404        0.11949093        3.10000000        1.19980095
    44.73302266       58.09050882        1.12843186        0.11751827        3.10000000        1.19729824
    44.77768606       58.16168976        1.13037727        0.11553844        3.10000000        1.19479814
    44.82222731       58.23287070        1.13232024        0.11355140        3.10000000        1.19230063
    44.86664576       58.30405163        1.13426077        0.11155710        3.10000000        1.18980573
    44.91094071       58.37523257        1.13619885        0.10955551        3.10000000        1.18731343
    44.95511150       58.44641351        1.13813445        0.10754659        3.10000000        1.18482372
    44.99915743       58.51759444        1.14006757        0.10553031        3.10000000        1.18233663
    45.04307781       58.58877538        1.14199819        0.10350662        3.10000000        1.17985213
    45.08687196       58.65995632        1.14392631        0.10147549        3.10000000        1.17737023
    45.13053916       58.73113725        1.14585191        0.09943687        3.10000000        1.17489094
    45.17407870       58.80231819        1.14777498        0.09739073        3.10000000        1.17241426
    45.21748987       58.87349913        1.14969551        0.09533703        3.10000000        1.16994017
    45.26077195       58.94468006        1.15161348        0.09327573        3.10000000        1.16746869
    45.30392422       59.01586100        1.15352889        0.09120678        3.10000000        1.16499982
    45.34694593       59.08704194        1.15544172        0.08913015        3.10000000        1.16253355
    45.38983635       59.15822287        1.15735195        0.08704580        3.10000000        1.16006988
    45.43259473       59.22940381        1.15925958        0.08495368        3.10000000        1.15760882
    45.47522031       59.30058475        1.16116459        0.08285375        3.10000000        1.15515037
    45.51771235       59.37176568        1.16306698        0.08074597        3.10000000        1.15269452
    45.56007007       59.44294662        1.16496673        0.07863031        3.10000000        1.15024129
    45.60229270       59.51412756        1.16686382        0.07650671        3.10000000        1.14779066
    45.64437946       59.58530849        1.16875825        0.07437514        3.10000000        1.14534264
    45.68632958       59.65648943        1.17065001        0.07223555        3.10000000        1.14289724
    45.72814224       59.72767037        1.17253908        0.07008790        3.10000000        1.14045444
    45.76981666       59.79885130        1.17442544        0.06793215        3.10000000        1.13801425
    45.81135203       59.87003224        1.17630910        0.06576825        3.10000000        1.13557668
    45.85274753       59.94121318        1.17819003        0.06359616        3.10000000        1.13314173
    45.89400235       60.01239411        1.18006822        0.06141583        3.10000000        1.13070938
    45.93511566       60.08357505        1.18194367        0.05922723        3.10000000        1.12827966
    45.97608663       60.15475599        1.18381636        0.05703030        3.10000000        1.12585255
    46.01691440       60.22593692        1.18568627        0.05482501        3.10000000        1.12342806
    46.05759814       60.29711786        1.18755340        0.05261130        3.10000000        1.12100619
    46.09813699       60.36829880        1.18941773        0.05038913        3.10000000        1.11858693
    46.13853008       60.43947973        1.19127926        0.04815845        3.10000000        1.11617030
    46.17877654       60.51066067        1.19313797        0.04591923        3.10000000        1.11375630
    46.21887550       60.58184161        1.19499384        0.04367141        3.10000000        1.11134492
    46.25882606       60.65302254        1.19684688        0.04141494        3.10000000        1.10893616
    46.29862734       60.72420348        1.19869705        0.03914978        3.10000000        1.10653003
    46.33827843       60.79538442        1.20054436        0.03687588        3.10000000        1.10412653
    46.37777842       60.86656535        1.20238879        0.03459320        3.10000000        1.10172566
    46.41712639       60.93774629        1.20423033        0.03230169        3.10000000        1.09932742
    46.45632142       61.00892723        1.20606897        0.03000129        3.10000000        1.09693181
    46.49536258       61.08010816        1.20790469        0.02769196        3.10000000        1.09453884
    46.53424892       61.15128910        1.20973749        0.02537365        3.10000000        1.09214850
    46.57297949       61.22247004        1.21156735        0.02304631        3.10000000        1.08976081
    46.61155332       61.29365097        1.21339426        0.02070990        3.10000000        1.08737575
    46.64996947       61.36483191        1.21521821        0.01836436        3.10000000        1.08499333
    46.68822694       61.43601285        1.21703918        0.01600964        3.10000000        1.08261356
    46.72632476       61.50719378        1.21885717        0.01364569        3.10000000        1.08023643
    46.76426193       61.57837472        1.22067216        0.01127246        3.10000000        1.07786196
    46.80203746       61.64955566        1.22248415        0.00888990        3.10000000        1.07549013
    46.83965032       61.72073659        1.22429311        0.00649796        3.10000000        1.07312095
    46.87709950       61.79191753        1.22609905        0.00409659        3.10000000        1.07075442
    46.91438397       61.86309847        1.22790194        0.00168574        3.10000000        1.06839055
    46.95150269       61.93427940        1.22970177       -0.00073466        3.10000000        1.06602934
    46.98845462       62.00546034        1.23149854       -0.00316464        3.10000000        1.06367079
    47.02523870       62.07664128        1.23329223       -0.00560427        3.10000000        1.06131490
    47.06185386       62.14782221        1.23508283       -0.00805359        3.10000000        1.05896167
    47.09829903       62.21900315        1.23687033       -0.01051266        3.10000000        1.05661111
    47.13457312       62.29018409        1.23865471       -0.01298154        3.10000000        1.05426323
    47.17067505       62.36136502        1.24043597       -0.01546028        3.10000000        1.05191801
    47.20660369       62.43254596        1.24221410       -0.01794892        3.10000000        1.04957547
    47.24235795       62.50372690        1.24398908       -0.02044754        3.10000000        1.04723560
    47.27793669       62.57490783        1.24576089       -0.02295618        3.10000000        1.04489842
    47.31333878       62.64608877        1.24752954       -0.02547490        3.10000000        1.04256391
    47.34856308       62.71726971        1.24929501       -0.02800376        3.10000000        1.04023209
    47.38360842       62.78845064        1.25105728       -0.03054281        3.10000000        1.03790296
    47.41847366       62.85963158        1.25281634       -0.03309210        3.10000000        1.03557653
    47.45315760       62.93081252        1.25457219       -0.03565170        3.10000000        1.03325278
    47.48765907       63.00199345        1.25632482       -0.03822167        3.10000000        1.03093173
    47.52197686       63.07317439        1.25807420       -0.04080205        3.10000000        1.02861338
    47.55610977       63.14435532        1.25982033       -0.04339292        3.10000000        1.02629774
    47.59005657       63.21553626        1.26156320       -0.04599432        3.10000000        1.02398480
    47.62381604       63.28671720        1.26330279       -0.04860632        3.10000000        1.02167457
    47.65738695       63.35789813        1.26503910       -0.05122898        3.10000000        1.01936705
    47.69076802       63.42907907        1.26677211       -0.05386236        3.10000000        1.01706225
    47.72395800       63.50026001        1.26850182       -0.05650650        3.10000000        1.01476017
    47.75695562       63.57144094        1.27022820       -0.05916149        3.10000000        1.01246081
    47.78975958       63.64262188        1.27195125       -0.06182737        3.10000000        1.01016417
    47.82236859       63.71380282        1.27367097       -0.06450421        3.10000000        1.00787027
    47.85478133       63.78498375        1.27538732       -0.06719207        3.10000000        1.00557910
    47.88699648       63.85616469        1.27710032       -0.06989102        3.10000000        1.00329067
    47.91901271       63.92734563        1.27880993       -0.07260110        3.10000000        1.00100497
    47.95082867       63.99852656        1.28051616       -0.07532240        3.10000000        0.99872203
    47.98244300       64.06970750        1.28221900       -0.07805496        3.10000000        0.99644183
    48.01385433       64.14088844        1.28391842       -0.08079885        3.10000000        0.99416438
    48.04506126       64.21206937        1.28561442       -0.08355415        3.10000000        0.99188969
    48.07606241       64.28325031        1.28730699       -0.08632090        3.10000000        0.98961776
    48.10685636       64.35443125        1.28899611       -0.08909918        3.10000000        0.98734860
    48.13744168       64.42561218        1.29068178       -0.09188905        3.10000000        0.98508220
    48.16781694       64.49679312        1.29236398       -0.09469058        3.10000000        0.98281858
    48.19798069       64.56797406        1.29404271       -0.09750382        3.10000000        0.98055773
    48.22793147       64.63915499        1.29571794       -0.10032886        3.10000000        0.97829967
    48.25766779       64.71033593        1.29738968       -0.10316575        3.10000000        0.97604440
    48.28718816       64.78151687        1.29905791       -0.10601456        3.10000000        0.97379191
    48.31649108       64.85269780        1.30072261       -0.10887535        3.10000000        0.97154222
    48.34557503       64.92387874        1.30238378       -0.11174821        3.10000000        0.96929533
    48.37443847       64.99505968        1.30404141       -0.11463318        3.10000000        0.96705125
    48.40307986       65.06624061        1.30569548       -0.11753035        3.10000000        0.96480998
    48.43149762       65.13742155        1.30734599       -0.12043978        3.10000000        0.96257152
    48.45969019       65.20860249        1.30899291       -0.12336154        3.10000000        0.96033588
    48.48765596       65.27978342        1.31063625       -0.12629570        3.10000000        0.95810307
    48.51539334       65.35096436        1.31227599       -0.12924233        3.10000000        0.95587308
    48.54290070       65.42214530        1.31391212       -0.13220150        3.10000000        0.95364594
    48.57017639       65.49332623        1.31554462       -0.13517329        3.10000000        0.95142163
    48.59721877       65.56450717        1.31717350       -0.13815775        3.10000000        0.94920017
    48.62402616       65.63568811        1.31879872       -0.14115497        3.10000000        0.94698156
    48.65059689       65.70686904        1.32042030       -0.14416501        3.10000000        0.94476581
    48.67692924       65.77804998        1.32203820       -0.14718795        3.10000000        0.94255292
    48.70302149       65.84923092        1.32365243       -0.15022386        3.10000000        0.94034290
    48.72887193       65.92041185        1.32526297       -0.15327281        3.10000000        0.93813575
    48.75447878       65.99159279        1.32686981       -0.15633489        3.10000000        0.93593148
    48.77984029       66.06277373        1.32847294       -0.15941015        3.10000000        0.93373010
    48.80495467       66.13395466        1.33007235       -0.16249868        3.10000000        0.93153161
    48.82982011       66.20513560        1.33166803       -0.16560055        3.10000000        0.92933602
    48.85443480       66.27631654        1.33325997       -0.16871583        3.10000000        0.92714333
    48.87879691       66.34749747        1.33484814       -0.17184461        3.10000000        0.92495355
    48.90290457       66.41867841        1.33643256       -0.17498695        3.10000000        0.92276669
    48.92675591       66.48985935        1.33801320       -0.17814293        3.10000000        0.92058276
    48.95034904       66.56104028        1.33959005       -0.18131263        3.10000000        0.91840175
    48.97368205       66.63222122        1.34116310       -0.18449614        3.10000000        0.91622368
    48.99675302       66.70340216        1.34273235       -0.18769351        3.10000000        0.91404855
    49.01956000       66.77458309        1.34429777       -0.19090484        3.10000000        0.91187637
    49.04210102       66.84576403        1.34585936       -0.19413019        3.10000000        0.90970715
    49.06437409       66.91694497        1.34741711       -0.19736966        3.10000000        0.90754089
    49.08637722       66.98812590        1.34897101       -0.20062331        3.10000000        0.90537761
    49.10810838       67.05930684        1.35052105       -0.20389123        3.10000000        0.90321730
    49.12956552       67.13048778        1.35206721       -0.20717349        3.10000000        0.90105997
    49.15074659       67.20166871        1.35360948       -0.21047019        3.10000000        0.89890564
    49.17164950       67.27284965        1.35514786       -0.21378138        3.10000000        0.89675431
    49.19227214       67.34403059        1.35668233       -0.21710717        3.10000000        0.89460598
    49.21261238       67.41521152        1.35821289       -0.22044763        3.10000000        0.89246067
    49.23266809       67.48639246        1.35973951       -0.22380283        3.10000000        0.89031838
    49.25243710       67.55757340        1.36126219       -0.22717287        3.10000000        0.88817913
    49.27191721       67.62875433        1.36278093       -0.23055782        3.10000000        0.88604291
    49.29110622       67.69993527        1.36429570       -0.23395777        3.10000000        0.88390974
    49.31000189       67.77111621        1.36580650       -0.23737280        3.10000000        0.88177962
    49.32860198       67.84229714        1.36731332       -0.24080300        3.10000000        0.87965256
    49.34690419       67.91347808        1.36881614       -0.24424844        3.10000000        0.87752858
    49.36490624       67.98465902        1.37031496       -0.24770921        3.10000000        0.87540767
    49.38260579       68.05583995        1.37180976       -0.25118539        3.10000000        0.87328986
    49.40000051       68.12702089        1.37330054       -0.25467708        3.10000000        0.87117514
    49.41708803       68.19820183        1.37478727       -0.25818435        3.10000000        0.86906352
    49.43386595       68.26938276        1.37626996       -0.26170729        3.10000000        0.86695502
    49.45033185       68.34056370        1.37774859       -0.26524599        3.10000000        0.86484965
    49.46648330       68.41174464        1.37922315       -0.26880053        3.10000000        0.86274740
    49.48231783       68.48292557        1.38069363       -0.27237099        3.10000000        0.86064830
    49.49783294       68.55410651        1.38216002       -0.27595747        3.10000000        0.85855234
    49.51302612       68.62528745        1.38362230       -0.27956005        3.10000000        0.85645955
    49.52789484       68.69646838        1.38508047       -0.28317882        3.10000000        0.85436993
    49.54243651       68.76764932        1.38653452       -0.28681387        3.10000000        0.85228348
    49.55664856       68.83883026        1.38798443       -0.29046527        3.10000000        0.85020022
    49.57052836       68.91001119        1.38943020       -0.29413313        3.10000000        0.84812017
    49.58407326       68.98119213        1.39087181       -0.29781753        3.10000000        0.84604332
    49.59728060       69.05237307        1.39230925       -0.30151855        3.10000000        0.84396969
    49.61014767       69.12355400        1.39374251       -0.30523629        3.10000000        0.84189929
    49.62267175       69.19473494        1.39517159       -0.30897083        3.10000000        0.83983212
    49.63485007       69.26591588        1.39659646       -0.31272226        3.10000000        0.83776821
    49.64667986       69.33709681        1.39801712       -0.31649068        3.10000000        0.83570756
    49.65815831       69.40827775        1.39943356       -0.32027617        3.10000000        0.83365017
    49.66928257       69.47945869        1.40084577       -0.32407882        3.10000000        0.83159607
    49.68004977       69.55063962        1.40225373       -0.32789872        3.10000000        0.82954527
    49.69045702       69.62182056        1.40365744       -0.33173597        3.10000000        0.82749776
    49.70050139       69.69300150        1.40505688       -0.33559064        3.10000000        0.82545357
    49.71017991       69.76418243        1.40645205       -0.33946284        3.10000000        0.82341271
    49.71948959       69.83536337        1.40784292       -0.34335265        3.10000000        0.82137518
    49.72842742       69.90654430        1.40922950       -0.34726016        3.10000000        0.81934100
    49.73699035       69.97772524        1.41061178       -0.35118546        3.10000000        0.81731018
    49.74517528       70.04890618        1.41198973       -0.35512864        3.10000000        0.81528274
    49.75297911       70.12008711        1.41336334       -0.35908980        3.10000000        0.81325868
    49.76039868       70.19126805        1.41473262       -0.36306903        3.10000000        0.81123801
    49.76743082       70.26244899        1.41609754       -0.36706641        3.10000000        0.80922075
    49.77407231       70.33362992        1.41745810       -0.37108204        3.10000000        0.80720692
    49.78031991       70.40481086        1.41881429       -0.37511600        3.10000000        0.80519652
    49.78617033       70.47599180        1.42016608       -0.37916839        3.10000000        0.80318956
    49.79162025       70.54717273        1.42151348       -0.38323931        3.10000000        0.80118606
    49.79666634       70.61835367        1.42285648       -0.38732883        3.10000000        0.79918604
    49.80130519       70.68953461        1.42419505       -0.39143705        3.10000000        0.79718949
    49.80553340       70.76071554        1.42552919       -0.39556406        3.10000000        0.79519645
    49.80934750       70.83189648        1.42685889       -0.39970996        3.10000000        0.79320692
    49.81274401       70.90307742        1.42818414       -0.40387482        3.10000000        0.79122091
    49.81571939       70.97425835        1.42950492       -0.40805875        3.10000000        0.78923844
    49.81827008       71.04543929        1.43082123       -0.41226183        3.10000000        0.78725952
    49.82039247       71.11662023        1.43213305       -0.41648415        3.10000000        0.78528417
    49.82208292       71.18780116        1.43344037       -0.42072581        3.10000000        0.78331240
    49.82333776       71.25898210        1.43474319       -0.42498689        3.10000000        0.78134422
    49.82415325       71.33016304        1.43604148       -0.42926747        3.10000000        0.77937965
    49.82452565       71.40134397        1.43733524       -0.43356766        3.10000000        0.77741870
