#  Theta paroi en deg Angle Choc en deg       Kp           Inverse Mach       Mach amont       Mach aval
     0.00000000        0.95497387        0.00000000        0.98333333       60.00000000
     0.18242604        0.95764522        0.00004099        0.98309727       60.00000000       59.94411136
     0.22291993        0.96138292        0.00005690        0.98301076       60.00000000       59.86634440
     0.26804294        0.96831963        0.00007685        0.98290582       60.00000000       59.72331912
     0.32029654        0.98058806        0.00010279        0.98277490       60.00000000       59.47433614
     0.37999059        1.00032088        0.00013607        0.98261497       60.00000000       59.08381756
     0.44802386        1.02965077        0.00017876        0.98242124       60.00000000       58.52379686
     0.52581880        1.07071042        0.00023383        0.98218656       60.00000000       57.77519459
     0.61503592        1.12563251        0.00030537        0.98190150       60.00000000       56.82694869
     0.71740083        1.19654973        0.00039870        0.98155409       60.00000000       55.67314270
     0.83463369        1.28559476        0.00052062        0.98112941       60.00000000       54.30953151
     0.94426152        1.37463978        0.00064940        0.98070599       60.00000000       53.01728369
     1.04886336        1.46368481        0.00078577        0.98027808       60.00000000       51.78043539
     1.14986046        1.55272984        0.00093008        0.97984284       60.00000000       50.58900071
     1.24813316        1.64177486        0.00108250        0.97939885       60.00000000       49.43668302
     1.34427062        1.73081989        0.00124314        0.97894539       60.00000000       48.31948902
     1.43868944        1.81986491        0.00141206        0.97848222       60.00000000       47.23486725
     1.53169639        1.90890994        0.00158931        0.97800934       60.00000000       46.18116278
     1.62352434        1.99795497        0.00177491        0.97752690       60.00000000       45.15726812
     1.71435450        2.08699999        0.00196888        0.97703519       60.00000000       44.16239882
     1.80433083        2.17604502        0.00217123        0.97653453       60.00000000       43.19594966
     1.89356951        2.26509005        0.00238197        0.97602527       60.00000000       42.25740355
     1.98216555        2.35413507        0.00260110        0.97550781       60.00000000       41.34627518
     2.07019784        2.44318010        0.00282863        0.97498251       60.00000000       40.46207746
     2.15773232        2.53222512        0.00306457        0.97444976       60.00000000       39.60430315
     2.24482458        2.62127015        0.00330891        0.97390994       60.00000000       38.77241615
     2.33152208        2.71031518        0.00356164        0.97336339       60.00000000       37.96584904
     2.41786556        2.79936020        0.00382278        0.97281048       60.00000000       37.18400444
     2.50389010        2.88840523        0.00409233        0.97225152       60.00000000       36.42625865
     2.58962619        2.97745025        0.00437027        0.97168683       60.00000000       35.69196636
     2.67510053        3.06649528        0.00465661        0.97111671       60.00000000       34.98046589
     2.76033642        3.15554031        0.00495134        0.97054143       60.00000000       34.29108437
     2.84535452        3.24458533        0.00525447        0.96996127       60.00000000       33.62314275
     2.93017307        3.33363036        0.00556600        0.96937648       60.00000000       32.97596031
     3.01480821        3.42267538        0.00588591        0.96878728       60.00000000       32.34885869
     3.09927450        3.51172041        0.00621421        0.96819391       60.00000000       31.74116540
     3.18358478        3.60076544        0.00655090        0.96759656       60.00000000       31.15221683
     3.26775072        3.68981046        0.00689596        0.96699544       60.00000000       30.58136073
     3.35178278        3.77885549        0.00724941        0.96639073       60.00000000       30.02795826
     3.43569042        3.86790052        0.00761123        0.96578259       60.00000000       29.49138561
     3.51948215        3.95694554        0.00798142        0.96517120       60.00000000       28.97103531
     3.60316574        4.04599057        0.00835998        0.96455670       60.00000000       28.46631712
     3.68674828        4.13503559        0.00874691        0.96393924       60.00000000       27.97665875
     3.77023618        4.22408062        0.00914220        0.96331896       60.00000000       27.50150628
     3.85363536        4.31312565        0.00954584        0.96269596       60.00000000       27.04032439
     3.93695117        4.40217067        0.00995784        0.96207039       60.00000000       26.59259644
     4.02018856        4.49121570        0.01037819        0.96144234       60.00000000       26.15782439
     4.10335210        4.58026072        0.01080689        0.96081192       60.00000000       25.73552860
     4.18644597        4.66930575        0.01124393        0.96017923       60.00000000       25.32524759
     4.26947400        4.75835078        0.01168931        0.95954437       60.00000000       24.92653761
     4.35243975        4.84739580        0.01214302        0.95890741       60.00000000       24.53897231
     4.43534656        4.93644083        0.01260506        0.95826845       60.00000000       24.16214219
     4.51819746        5.02548586        0.01307543        0.95762756       60.00000000       23.79565419
     4.60099526        5.11453088        0.01355412        0.95698482       60.00000000       23.43913111
     4.68374260        5.20357591        0.01404112        0.95634028       60.00000000       23.09221111
     4.76644195        5.29262093        0.01453644        0.95569402       60.00000000       22.75454714
     4.84909559        5.38166596        0.01504006        0.95504610       60.00000000       22.42580643
     4.93170559        5.47071099        0.01555198        0.95439658       60.00000000       22.10566991
     5.01427402        5.55975601        0.01607220        0.95374550       60.00000000       21.79383170
     5.09680264        5.64880104        0.01660072        0.95309293       60.00000000       21.48999857
     5.17929328        5.73784606        0.01713752        0.95243891       60.00000000       21.19388941
     5.26174748        5.82689109        0.01768260        0.95178349       60.00000000       20.90523474
     5.34416681        5.91593612        0.01823596        0.95112671       60.00000000       20.62377621
     5.42655269        6.00498114        0.01879759        0.95046861       60.00000000       20.34926613
     5.50890643        6.09402617        0.01936748        0.94980923       60.00000000       20.08146699
     5.59122933        6.18307119        0.01994564        0.94914861       60.00000000       19.82015103
     5.67352255        6.27211622        0.02053205        0.94848678       60.00000000       19.56509982
     5.75578722        6.36116125        0.02112671        0.94782378       60.00000000       19.31610382
     5.83802436        6.45020627        0.02172961        0.94715964       60.00000000       19.07296203
     5.92023498        6.53925130        0.02234075        0.94649438       60.00000000       18.83548154
     6.00242004        6.62829633        0.02296012        0.94582804       60.00000000       18.60347724
     6.08458039        6.71734135        0.02358772        0.94516064       60.00000000       18.37677143
     6.16671687        6.80638638        0.02422354        0.94449221       60.00000000       18.15519351
     6.24883026        6.89543140        0.02486757        0.94382277       60.00000000       17.93857963
     6.33092131        6.98447643        0.02551981        0.94315234       60.00000000       17.72677243
     6.41299073        7.07352146        0.02618024        0.94248095       60.00000000       17.51962072
     6.49503918        7.16256648        0.02684888        0.94180861       60.00000000       17.31697921
     6.57706729        7.25161151        0.02752570        0.94113535       60.00000000       17.11870826
     6.65907567        7.34065653        0.02821070        0.94046119       60.00000000       16.92467360
     6.74106487        7.42970156        0.02890388        0.93978613       60.00000000       16.73474614
     6.82303545        7.51874659        0.02960523        0.93911021       60.00000000       16.54880170
     6.90498790        7.60779161        0.03031474        0.93843342       60.00000000       16.36672079
     6.98692272        7.69683664        0.03103240        0.93775580       60.00000000       16.18838843
     7.06884037        7.78588167        0.03175821        0.93707735       60.00000000       16.01369396
     7.15074130        7.87492669        0.03249216        0.93639809       60.00000000       15.84253081
     7.23262591        7.96397172        0.03323425        0.93571802       60.00000000       15.67479635
     7.31449459        8.05301674        0.03398446        0.93503716       60.00000000       15.51039174
     7.39634773        8.14206177        0.03474279        0.93435553       60.00000000       15.34922171
     7.47818568        8.23110680        0.03550923        0.93367313       60.00000000       15.19119446
     7.56000879        8.32015182        0.03628378        0.93298998       60.00000000       15.03622149
     7.64181740        8.40919685        0.03706642        0.93230608       60.00000000       14.88421746
     7.72361179        8.49824187        0.03785715        0.93162144       60.00000000       14.73510007
     7.80539225        8.58728690        0.03865597        0.93093607       60.00000000       14.58878990
     7.88715910        8.67633193        0.03946286        0.93024998       60.00000000       14.44521033
     7.96891259        8.76537695        0.04027782        0.92956318       60.00000000       14.30428740
     8.05065296        8.85442198        0.04110083        0.92887567       60.00000000       14.16594971
     8.13238047        8.94346700        0.04193189        0.92818746       60.00000000       14.03012829
     8.21409536        9.03251203        0.04277100        0.92749857       60.00000000       13.89675656
     8.29579783        9.12155706        0.04361814        0.92680898       60.00000000       13.76577015
     8.37748809        9.21060208        0.04447331        0.92611872       60.00000000       13.63710689
     8.45916637        9.29964711        0.04533650        0.92542778       60.00000000       13.51070666
     8.54083284        9.38869214        0.04620769        0.92473618       60.00000000       13.38651135
     8.62248768        9.47773716        0.04708689        0.92404391       60.00000000       13.26446477
     8.70413109        9.56678219        0.04797408        0.92335098       60.00000000       13.14451255
     8.78576319        9.65582721        0.04886925        0.92265739       60.00000000       13.02660210
     8.86738420        9.74487224        0.04977240        0.92196315       60.00000000       12.91068252
     8.94899422        9.83391727        0.05068352        0.92126827       60.00000000       12.79670456
     9.03059343        9.92296229        0.05160259        0.92057274       60.00000000       12.68462051
     9.11218194       10.01200732        0.05252961        0.91987657       60.00000000       12.57438421
     9.19375990       10.10105234        0.05346458        0.91917976       60.00000000       12.46595090
     9.27532743       10.19009737        0.05440747        0.91848231       60.00000000       12.35927726
     9.35688465       10.27914240        0.05535829        0.91778424       60.00000000       12.25432130
     9.43843167       10.36818742        0.05631702        0.91708553       60.00000000       12.15104232
     9.51996860       10.45723245        0.05728365        0.91638619       60.00000000       12.04940087
     9.60149555       10.54627747        0.05825817        0.91568623       60.00000000       11.94935869
     9.68301262       10.63532250        0.05924058        0.91498564       60.00000000       11.85087869
     9.76451988       10.72436753        0.06023087        0.91428443       60.00000000       11.75392489
     9.84601745       10.81341255        0.06122902        0.91358260       60.00000000       11.65846236
     9.92750539       10.90245758        0.06223503        0.91288014       60.00000000       11.56445725
    10.00898381       10.99150261        0.06324888        0.91217707       60.00000000       11.47187667
    10.09045275       11.08054763        0.06427058        0.91147338       60.00000000       11.38068869
    10.17191231       11.16959266        0.06530009        0.91076907       60.00000000       11.29086234
    10.25336254       11.25863768        0.06633743        0.91006414       60.00000000       11.20236751
    10.33480352       11.34768271        0.06738257        0.90935860       60.00000000       11.11517497
    10.41623532       11.43672774        0.06843551        0.90865244       60.00000000       11.02925632
    10.49765796       11.52577276        0.06949623        0.90794566       60.00000000       10.94458397
    10.57907154       11.61481779        0.07056473        0.90723827       60.00000000       10.86113110
    10.66047608       11.70386281        0.07164100        0.90653026       60.00000000       10.77887163
    10.74187164       11.79290784        0.07272502        0.90582163       60.00000000       10.69778023
    10.82325829       11.88195287        0.07381678        0.90511239       60.00000000       10.61783225
    10.90463603       11.97099789        0.07491628        0.90440253       60.00000000       10.53900373
    10.98600492       12.06004292        0.07602351        0.90369206       60.00000000       10.46127134
    11.06736502       12.14908795        0.07713844        0.90298096       60.00000000       10.38461241
    11.14871634       12.23813297        0.07826108        0.90226925       60.00000000       10.30900487
    11.23005891       12.32717800        0.07939142        0.90155691       60.00000000       10.23442723
    11.31139278       12.41622302        0.08052943        0.90084396       60.00000000       10.16085860
    11.39271797       12.50526805        0.08167511        0.90013038       60.00000000       10.08827861
    11.47403451       12.59431308        0.08282845        0.89941619       60.00000000       10.01666745
    11.55534241       12.68335810        0.08398944        0.89870137       60.00000000        9.94600581
    11.63664172       12.77240313        0.08515806        0.89798592       60.00000000        9.87627490
    11.71793244       12.86144815        0.08633431        0.89726985       60.00000000        9.80745641
    11.79921459       12.95049318        0.08751817        0.89655314       60.00000000        9.73953248
    11.88048819       13.03953821        0.08870963        0.89583582       60.00000000        9.67248574
    11.96175326       13.12858323        0.08990869        0.89511785       60.00000000        9.60629922
    12.04300982       13.21762826        0.09111532        0.89439926       60.00000000        9.54095643
    12.12425786       13.30667328        0.09232952        0.89368004       60.00000000        9.47644125
    12.20549740       13.39571831        0.09355128        0.89296017       60.00000000        9.41273798
    12.28672845       13.48476334        0.09478057        0.89223967       60.00000000        9.34983130
    12.36795103       13.57380836        0.09601741        0.89151853       60.00000000        9.28770628
    12.44916512       13.66285339        0.09726176        0.89079675       60.00000000        9.22634836
    12.53037075       13.75189842        0.09851362        0.89007433       60.00000000        9.16574331
    12.61156790       13.84094344        0.09977297        0.88935126       60.00000000        9.10587726
    12.69275658       13.92998847        0.10103981        0.88862754       60.00000000        9.04673669
    12.77393680       14.01903349        0.10231412        0.88790317       60.00000000        8.98830838
    12.85510854       14.10807852        0.10359589        0.88717815       60.00000000        8.93057943
    12.93627182       14.19712355        0.10488510        0.88645248       60.00000000        8.87353725
    13.01742663       14.28616857        0.10618175        0.88572614       60.00000000        8.81716955
    13.09857295       14.37521360        0.10748583        0.88499915       60.00000000        8.76146433
    13.17971078       14.46425862        0.10879731        0.88427150       60.00000000        8.70640986
    13.26084013       14.55330365        0.11011618        0.88354318       60.00000000        8.65199468
    13.34196097       14.64234868        0.11144244        0.88281420       60.00000000        8.59820760
    13.42307330       14.73139370        0.11277608        0.88208455       60.00000000        8.54503770
    13.50417711       14.82043873        0.11411706        0.88135422       60.00000000        8.49247429
    13.58527238       14.90948376        0.11546540        0.88062322       60.00000000        8.44050693
    13.66635912       14.99852878        0.11682106        0.87989154       60.00000000        8.38912540
    13.74743730       15.08757381        0.11818405        0.87915918       60.00000000        8.33831975
    13.82850690       15.17661883        0.11955434        0.87842614       60.00000000        8.28808021
    13.90956792       15.26566386        0.12093192        0.87769241       60.00000000        8.23839725
    13.99062034       15.35470889        0.12231679        0.87695799       60.00000000        8.18926153
    14.07166414       15.44375391        0.12370891        0.87622289       60.00000000        8.14066395
    14.15269931       15.53279894        0.12510829        0.87548708       60.00000000        8.09259558
    14.23372582       15.62184396        0.12651491        0.87475058       60.00000000        8.04504769
    14.31474365       15.71088899        0.12792876        0.87401337       60.00000000        7.99801174
    14.39575279       15.79993402        0.12934981        0.87327546       60.00000000        7.95147939
    14.47675322       15.88897904        0.13077807        0.87253685       60.00000000        7.90544244
    14.55774491       15.97802407        0.13221351        0.87179752       60.00000000        7.85989291
    14.63872784       16.06706909        0.13365611        0.87105748       60.00000000        7.81482297
    14.71970199       16.15611412        0.13510588        0.87031672       60.00000000        7.77022493
    14.80066733       16.24515915        0.13656278        0.86957524       60.00000000        7.72609131
    14.88162384       16.33420417        0.13802682        0.86883303       60.00000000        7.68241475
    14.96257150       16.42324920        0.13949797        0.86809010       60.00000000        7.63918806
    15.04351027       16.51229423        0.14097621        0.86734644       60.00000000        7.59640419
    15.12444014       16.60133925        0.14246155        0.86660204       60.00000000        7.55405624
    15.20536107       16.69038428        0.14395395        0.86585691       60.00000000        7.51213745
    15.28627304       16.77942930        0.14545341        0.86511103       60.00000000        7.47064119
    15.36717602       16.86847433        0.14695992        0.86436441       60.00000000        7.42956098
    15.44806998       16.95751936        0.14847345        0.86361704       60.00000000        7.38889047
    15.52895488       17.04656438        0.14999399        0.86286891       60.00000000        7.34862341
    15.60983071       17.13560941        0.15152153        0.86212003       60.00000000        7.30875372
    15.69069742       17.22465443        0.15305606        0.86137040       60.00000000        7.26927540
    15.77155499       17.31369946        0.15459755        0.86061999       60.00000000        7.23018259
    15.85240339       17.40274449        0.15614600        0.85986882       60.00000000        7.19146954
    15.93324258       17.49178951        0.15770139        0.85911688       60.00000000        7.15313061
    16.01407253       17.58083454        0.15926370        0.85836417       60.00000000        7.11516028
    16.09489320       17.66987957        0.16083292        0.85761067       60.00000000        7.07755314
    16.17570457       17.75892459        0.16240903        0.85685640       60.00000000        7.04030386
    16.25650660       17.84796962        0.16399203        0.85610133       60.00000000        7.00340723
    16.33729924       17.93701464        0.16558188        0.85534548       60.00000000        6.96685814
    16.41808247       18.02605967        0.16717858        0.85458883       60.00000000        6.93065159
    16.49885625       18.11510470        0.16878212        0.85383138       60.00000000        6.89478264
    16.57962055       18.20414972        0.17039247        0.85307313       60.00000000        6.85924647
    16.66037531       18.29319475        0.17200962        0.85231408       60.00000000        6.82403836
    16.74112052       18.38223977        0.17363356        0.85155421       60.00000000        6.78915364
    16.82185613       18.47128480        0.17526427        0.85079353       60.00000000        6.75458777
    16.90258209       18.56032983        0.17690173        0.85003203       60.00000000        6.72033626
    16.98329838       18.64937485        0.17854593        0.84926970       60.00000000        6.68639473
    17.06400496       18.73841988        0.18019685        0.84850655       60.00000000        6.65275886
    17.14470177       18.82746490        0.18185448        0.84774257       60.00000000        6.61942442
    17.22538878       18.91650993        0.18351880        0.84697775       60.00000000        6.58638726
    17.30606596       19.00555496        0.18518979        0.84621209       60.00000000        6.55364329
    17.38673325       19.09459998        0.18686744        0.84544558       60.00000000        6.52118851
    17.46739062       19.18364501        0.18855174        0.84467823       60.00000000        6.48901898
    17.54803802       19.27269004        0.19024266        0.84391003       60.00000000        6.45713085
    17.62867542       19.36173506        0.19194019        0.84314096       60.00000000        6.42552031
    17.70930277       19.45078009        0.19364431        0.84237104       60.00000000        6.39418364
    17.78992001       19.53982511        0.19535501        0.84160024       60.00000000        6.36311718
    17.87052713       19.62887014        0.19707227        0.84082858       60.00000000        6.33231734
    17.95112405       19.71791517        0.19879607        0.84005604       60.00000000        6.30178057
    18.03171075       19.80696019        0.20052640        0.83928262       60.00000000        6.27150340
    18.11228718       19.89600522        0.20226324        0.83850832       60.00000000        6.24148244
    18.19285329       19.98505024        0.20400657        0.83773313       60.00000000        6.21171431
    18.27340903       20.07409527        0.20575637        0.83695704       60.00000000        6.18219574
    18.35395435       20.16314030        0.20751264        0.83618005       60.00000000        6.15292347
    18.43448923       20.25218532        0.20927535        0.83540216       60.00000000        6.12389433
    18.51501359       20.34123035        0.21104449        0.83462337       60.00000000        6.09510519
    18.59552740       20.43027537        0.21282003        0.83384366       60.00000000        6.06655297
    18.67603060       20.51932040        0.21460197        0.83306303       60.00000000        6.03823466
    18.75652316       20.60836543        0.21639027        0.83228148       60.00000000        6.01014727
    18.83700502       20.69741045        0.21818494        0.83149901       60.00000000        5.98228789
    18.91747612       20.78645548        0.21998594        0.83071560       60.00000000        5.95465364
    18.99793643       20.87550051        0.22179327        0.82993125       60.00000000        5.92724170
    19.07838589       20.96454553        0.22360690        0.82914597       60.00000000        5.90004928
    19.15882445       21.05359056        0.22542682        0.82835974       60.00000000        5.87307366
    19.23925206       21.14263558        0.22725301        0.82757255       60.00000000        5.84631214
    19.31966867       21.23168061        0.22908545        0.82678441       60.00000000        5.81976208
    19.40007423       21.32072564        0.23092412        0.82599531       60.00000000        5.79342088
    19.48046868       21.40977066        0.23276901        0.82520524       60.00000000        5.76728597
    19.56085197       21.49881569        0.23462010        0.82441420       60.00000000        5.74135485
    19.64122406       21.58786071        0.23647737        0.82362218       60.00000000        5.71562503
    19.72158488       21.67690574        0.23834080        0.82282919       60.00000000        5.69009408
    19.80193437       21.76595077        0.24021037        0.82203520       60.00000000        5.66475959
    19.88227251       21.85499579        0.24208607        0.82124022       60.00000000        5.63961921
    19.96259922       21.94404082        0.24396788        0.82044425       60.00000000        5.61467062
    20.04291445       22.03308585        0.24585578        0.81964727       60.00000000        5.58991152
    20.12321814       22.12213087        0.24774976        0.81884929       60.00000000        5.56533967
    20.20351025       22.21117590        0.24964978        0.81805029       60.00000000        5.54095285
    20.28379071       22.30022092        0.25155584        0.81725027       60.00000000        5.51674888
    20.36405946       22.38926595        0.25346792        0.81644923       60.00000000        5.49272561
    20.44431646       22.47831098        0.25538600        0.81564717       60.00000000        5.46888093
    20.52456164       22.56735600        0.25731005        0.81484406       60.00000000        5.44521277
    20.60479495       22.65640103        0.25924007        0.81403992       60.00000000        5.42171906
    20.68501634       22.74544605        0.26117603        0.81323473       60.00000000        5.39839779
    20.76522573       22.83449108        0.26311791        0.81242850       60.00000000        5.37524699
    20.84542307       22.92353611        0.26506570        0.81162120       60.00000000        5.35226468
    20.92560831       23.01258113        0.26701938        0.81081285       60.00000000        5.32944895
    21.00578139       23.10162616        0.26897892        0.81000342       60.00000000        5.30679789
    21.08594225       23.19067118        0.27094431        0.80919293       60.00000000        5.28430963
    21.16609082       23.27971621        0.27291553        0.80838135       60.00000000        5.26198234
    21.24622704       23.36876124        0.27489256        0.80756869       60.00000000        5.23981420
    21.32635086       23.45780626        0.27687539        0.80675495       60.00000000        5.21780343
    21.40646222       23.54685129        0.27886398        0.80594010       60.00000000        5.19594826
    21.48656105       23.63589632        0.28085833        0.80512416       60.00000000        5.17424695
    21.56664729       23.72494134        0.28285841        0.80430711       60.00000000        5.15269781
    21.64672088       23.81398637        0.28486420        0.80348894       60.00000000        5.13129915
    21.72678176       23.90303139        0.28687570        0.80266966       60.00000000        5.11004930
    21.80682986       23.99207642        0.28889286        0.80184925       60.00000000        5.08894663
    21.88686512       24.08112145        0.29091568        0.80102772       60.00000000        5.06798954
    21.96688748       24.17016647        0.29294414        0.80020504       60.00000000        5.04717642
    22.04689688       24.25921150        0.29497822        0.79938123       60.00000000        5.02650573
    22.12689324       24.34825652        0.29701789        0.79855627       60.00000000        5.00597591
    22.20687651       24.43730155        0.29906314        0.79773015       60.00000000        4.98558544
    22.28684662       24.52634658        0.30111395        0.79690287       60.00000000        4.96533283
    22.36680350       24.61539160        0.30317029        0.79607443       60.00000000        4.94521659
    22.44674708       24.70443663        0.30523215        0.79524481       60.00000000        4.92523528
    22.52667731       24.79348166        0.30729952        0.79441402       60.00000000        4.90538745
    22.60659411       24.88252668        0.30937236        0.79358204       60.00000000        4.88567169
    22.68649742       24.97157171        0.31145065        0.79274888       60.00000000        4.86608660
    22.76638718       25.06061673        0.31353439        0.79191451       60.00000000        4.84663080
    22.84626330       25.14966176        0.31562354        0.79107894       60.00000000        4.82730294
    22.92612573       25.23870679        0.31771810        0.79024217       60.00000000        4.80810168
    23.00597440       25.32775181        0.31981802        0.78940417       60.00000000        4.78902569
    23.08580922       25.41679684        0.32192331        0.78856496       60.00000000        4.77007368
    23.16563015       25.50584186        0.32403393        0.78772452       60.00000000        4.75124437
    23.24543711       25.59488689        0.32614987        0.78688284       60.00000000        4.73253647
    23.32523002       25.68393192        0.32827111        0.78603992       60.00000000        4.71394876
    23.40500882       25.77297694        0.33039762        0.78519576       60.00000000        4.69547998
    23.48477344       25.86202197        0.33252938        0.78435034       60.00000000        4.67712893
    23.56452380       25.95106699        0.33466638        0.78350366       60.00000000        4.65889441
    23.64425983       26.04011202        0.33680860        0.78265571       60.00000000        4.64077523
    23.72398146       26.12915705        0.33895600        0.78180649       60.00000000        4.62277022
    23.80368862       26.21820207        0.34110858        0.78095599       60.00000000        4.60487824
    23.88338123       26.30724710        0.34326631        0.78010420       60.00000000        4.58709815
    23.96305922       26.39629213        0.34542917        0.77925112       60.00000000        4.56942882
    24.04272253       26.48533715        0.34759714        0.77839674       60.00000000        4.55186916
    24.12237106       26.57438218        0.34977020        0.77754105       60.00000000        4.53441806
    24.20200475       26.66342720        0.35194833        0.77668404       60.00000000        4.51707445
    24.28162353       26.75247223        0.35413150        0.77582572       60.00000000        4.49983726
    24.36122731       26.84151726        0.35631970        0.77496607       60.00000000        4.48270545
    24.44081602       26.93056228        0.35851290        0.77410508       60.00000000        4.46567799
    24.52038959       27.01960731        0.36071109        0.77324275       60.00000000        4.44875383
    24.59994794       27.10865233        0.36291423        0.77237908       60.00000000        4.43193199
    24.67949098       27.19769736        0.36512232        0.77151405       60.00000000        4.41521146
    24.75901866       27.28674239        0.36733533        0.77064765       60.00000000        4.39859126
    24.83853087       27.37578741        0.36955324        0.76977989       60.00000000        4.38207041
    24.91802755       27.46483244        0.37177602        0.76891075       60.00000000        4.36564796
    24.99750862       27.55387747        0.37400366        0.76804023       60.00000000        4.34932297
    25.07697400       27.64292249        0.37623613        0.76716831       60.00000000        4.33309449
    25.15642361       27.73196752        0.37847341        0.76629500       60.00000000        4.31696161
    25.23585736       27.82101254        0.38071548        0.76542028       60.00000000        4.30092341
    25.31527518       27.91005757        0.38296233        0.76454415       60.00000000        4.28497900
    25.39467698       27.99910260        0.38521391        0.76366659       60.00000000        4.26912748
    25.47406269       28.08814762        0.38747023        0.76278761       60.00000000        4.25336798
    25.55343222       28.17719265        0.38973124        0.76190720       60.00000000        4.23769963
    25.63278549       28.26623767        0.39199694        0.76102534       60.00000000        4.22212159
    25.71212242       28.35528270        0.39426730        0.76014204       60.00000000        4.20663299
    25.79144291       28.44432773        0.39654230        0.75925727       60.00000000        4.19123301
    25.87074690       28.53337275        0.39882191        0.75837104       60.00000000        4.17592083
    25.95003429       28.62241778        0.40110611        0.75748334       60.00000000        4.16069563
    26.02930500       28.71146280        0.40339489        0.75659416       60.00000000        4.14555660
    26.10855894       28.80050783        0.40568821        0.75570349       60.00000000        4.13050296
    26.18779603       28.88955286        0.40798607        0.75481132       60.00000000        4.11553391
    26.26701619       28.97859788        0.41028842        0.75391765       60.00000000        4.10064868
    26.34621931       29.06764291        0.41259527        0.75302247       60.00000000        4.08584651
    26.42540532       29.15668794        0.41490657        0.75212577       60.00000000        4.07112664
    26.50457413       29.24573296        0.41722231        0.75122755       60.00000000        4.05648832
    26.58372565       29.33477799        0.41954246        0.75032779       60.00000000        4.04193081
    26.66285979       29.42382301        0.42186701        0.74942648       60.00000000        4.02745339
    26.74197647       29.51286804        0.42419593        0.74852363       60.00000000        4.01305533
    26.82107559       29.60191307        0.42652920        0.74761921       60.00000000        3.99873592
    26.90015706       29.69095809        0.42886679        0.74671323       60.00000000        3.98449446
    26.97922079       29.78000312        0.43120869        0.74580567       60.00000000        3.97033025
    27.05826669       29.86904814        0.43355486        0.74489653       60.00000000        3.95624259
    27.13729466       29.95809317        0.43590530        0.74398580       60.00000000        3.94223083
    27.21630463       30.04713820        0.43825997        0.74307347       60.00000000        3.92829427
    27.29529648       30.13618322        0.44061885        0.74215952       60.00000000        3.91443226
    27.37427013       30.22522825        0.44298192        0.74124397       60.00000000        3.90064415
    27.45322549       30.31427327        0.44534916        0.74032678       60.00000000        3.88692927
    27.53216246       30.40331830        0.44772055        0.73940797       60.00000000        3.87328700
    27.61108094       30.49236333        0.45009605        0.73848751       60.00000000        3.85971670
    27.68998084       30.58140835        0.45247565        0.73756540       60.00000000        3.84621775
    27.76886207       30.67045338        0.45485933        0.73664163       60.00000000        3.83278951
    27.84772452       30.75949841        0.45724706        0.73571620       60.00000000        3.81943139
    27.92656809       30.84854343        0.45963882        0.73478908       60.00000000        3.80614277
    28.00539271       30.93758846        0.46203458        0.73386028       60.00000000        3.79292307
    28.08419825       31.02663348        0.46443433        0.73292979       60.00000000        3.77977168
    28.16298462       31.11567851        0.46683803        0.73199760       60.00000000        3.76668802
    28.24175173       31.20472354        0.46924568        0.73106369       60.00000000        3.75367152
    28.32049948       31.29376856        0.47165723        0.73012806       60.00000000        3.74072160
    28.39922776       31.38281359        0.47407268        0.72919070       60.00000000        3.72783770
    28.47793646       31.47185861        0.47649199        0.72825160       60.00000000        3.71501926
    28.55662550       31.56090364        0.47891514        0.72731076       60.00000000        3.70226572
    28.63529477       31.64994867        0.48134211        0.72636816       60.00000000        3.68957655
    28.71394415       31.73899369        0.48377288        0.72542379       60.00000000        3.67695119
    28.79257357       31.82803872        0.48620743        0.72447765       60.00000000        3.66438912
    28.87118289       31.91708375        0.48864572        0.72352972       60.00000000        3.65188980
    28.94977203       32.00612877        0.49108773        0.72258000       60.00000000        3.63945272
    29.02834088       32.09517380        0.49353345        0.72162847       60.00000000        3.62707736
    29.10688932       32.18421882        0.49598285        0.72067513       60.00000000        3.61476320
    29.18541726       32.27326385        0.49843590        0.71971997       60.00000000        3.60250974
    29.26392458       32.36230888        0.50089258        0.71876298       60.00000000        3.59031648
    29.34241118       32.45135390        0.50335287        0.71780414       60.00000000        3.57818292
    29.42087695       32.54039893        0.50581674        0.71684345       60.00000000        3.56610858
    29.49932178       32.62944395        0.50828417        0.71588091       60.00000000        3.55409297
    29.57774556       32.71848898        0.51075514        0.71491649       60.00000000        3.54213561
    29.65614818       32.80753401        0.51322962        0.71395019       60.00000000        3.53023602
    29.73452953       32.89657903        0.51570758        0.71298200       60.00000000        3.51839375
    29.81288949       32.98562406        0.51818901        0.71201191       60.00000000        3.50660832
    29.89122796       33.07466908        0.52067388        0.71103991       60.00000000        3.49487928
    29.96954482       33.16371411        0.52316217        0.71006599       60.00000000        3.48320617
    30.04783995       33.25275914        0.52565385        0.70909014       60.00000000        3.47158854
    30.12611325       33.34180416        0.52814889        0.70811235       60.00000000        3.46002595
    30.20436460       33.43084919        0.53064728        0.70713261       60.00000000        3.44851796
    30.28259387       33.51989422        0.53314899        0.70615091       60.00000000        3.43706414
    30.36080096       33.60893924        0.53565399        0.70516723       60.00000000        3.42566404
    30.43898575       33.69798427        0.53816227        0.70418157       60.00000000        3.41431726
    30.51714812       33.78702929        0.54067379        0.70319393       60.00000000        3.40302335
    30.59528794       33.87607432        0.54318854        0.70220427       60.00000000        3.39178192
    30.67340511       33.96511935        0.54570648        0.70121261       60.00000000        3.38059254
    30.75149951       34.05416437        0.54822759        0.70021892       60.00000000        3.36945481
    30.82957100       34.14320940        0.55075186        0.69922320       60.00000000        3.35836832
    30.90761947       34.23225442        0.55327925        0.69822543       60.00000000        3.34733267
    30.98564479       34.32129945        0.55580974        0.69722560       60.00000000        3.33634746
    31.06364685       34.41034448        0.55834331        0.69622371       60.00000000        3.32541231
    31.14162552       34.49938950        0.56087993        0.69521973       60.00000000        3.31452683
    31.21958067       34.58843453        0.56341958        0.69421367       60.00000000        3.30369062
    31.29751218       34.67747956        0.56596223        0.69320551       60.00000000        3.29290332
    31.37541993       34.76652458        0.56850785        0.69219524       60.00000000        3.28216454
    31.45330379       34.85556961        0.57105643        0.69118285       60.00000000        3.27147391
    31.53116362       34.94461463        0.57360794        0.69016832       60.00000000        3.26083106
    31.60899930       35.03365966        0.57616236        0.68915164       60.00000000        3.25023563
    31.68681070       35.12270469        0.57871965        0.68813281       60.00000000        3.23968726
    31.76459770       35.21174971        0.58127980        0.68711181       60.00000000        3.22918559
    31.84236016       35.30079474        0.58384278        0.68608863       60.00000000        3.21873026
    31.92009795       35.38983976        0.58640856        0.68506326       60.00000000        3.20832092
    31.99781093       35.47888479        0.58897712        0.68403569       60.00000000        3.19795723
    32.07549898       35.56792982        0.59154844        0.68300590       60.00000000        3.18763884
    32.15316195       35.65697484        0.59412249        0.68197388       60.00000000        3.17736541
    32.23079972       35.74601987        0.59669925        0.68093963       60.00000000        3.16713661
    32.30841215       35.83506489        0.59927869        0.67990313       60.00000000        3.15695210
    32.38599910       35.92410992        0.60186078        0.67886436       60.00000000        3.14681155
    32.46356044       36.01315495        0.60444550        0.67782332       60.00000000        3.13671463
    32.54109602       36.10219997        0.60703283        0.67677999       60.00000000        3.12666102
    32.61860571       36.19124500        0.60962274        0.67573436       60.00000000        3.11665040
    32.69608937       36.28029003        0.61221521        0.67468643       60.00000000        3.10668245
    32.77354686       36.36933505        0.61481021        0.67363616       60.00000000        3.09675686
    32.85097803       36.45838008        0.61740771        0.67258356       60.00000000        3.08687331
    32.92838273       36.54742510        0.62000769        0.67152862       60.00000000        3.07703149
    33.00576085       36.63647013        0.62261013        0.67047131       60.00000000        3.06723111
    33.08311221       36.72551516        0.62521501        0.66941162       60.00000000        3.05747185
    33.16043668       36.81456018        0.62782228        0.66834955       60.00000000        3.04775342
    33.23773412       36.90360521        0.63043194        0.66728508       60.00000000        3.03807551
    33.31500437       36.99265023        0.63304395        0.66621820       60.00000000        3.02843785
    33.39224728       37.08169526        0.63565829        0.66514889       60.00000000        3.01884013
    33.46946272       37.17074029        0.63827493        0.66407714       60.00000000        3.00928207
    33.54665052       37.25978531        0.64089386        0.66300294       60.00000000        2.99976337
    33.62381053       37.34883034        0.64351503        0.66192627       60.00000000        2.99028377
    33.70094262       37.43787537        0.64613844        0.66084713       60.00000000        2.98084297
    33.77804661       37.52692039        0.64876405        0.65976549       60.00000000        2.97144070
    33.85512236       37.61596542        0.65139183        0.65868135       60.00000000        2.96207668
    33.93216971       37.70501044        0.65402177        0.65759468       60.00000000        2.95275064
    34.00918851       37.79405547        0.65665384        0.65650549       60.00000000        2.94346232
    34.08617860       37.88310050        0.65928800        0.65541374       60.00000000        2.93421143
    34.16313982       37.97214552        0.66192424        0.65431944       60.00000000        2.92499773
    34.24007202       38.06119055        0.66456254        0.65322256       60.00000000        2.91582094
    34.31697502       38.15023557        0.66720285        0.65212309       60.00000000        2.90668081
    34.39384868       38.23928060        0.66984517        0.65102102       60.00000000        2.89757707
    34.47069282       38.32832563        0.67248946        0.64991634       60.00000000        2.88850948
    34.54750729       38.41737065        0.67513570        0.64880902       60.00000000        2.87947778
    34.62429192       38.50641568        0.67778386        0.64769905       60.00000000        2.87048171
    34.70104655       38.59546070        0.68043392        0.64658643       60.00000000        2.86152103
    34.77777101       38.68450573        0.68308585        0.64547113       60.00000000        2.85259550
    34.85446513       38.77355076        0.68573962        0.64435313       60.00000000        2.84370487
    34.93112874       38.86259578        0.68839522        0.64323244       60.00000000        2.83484889
    35.00776167       38.95164081        0.69105261        0.64210903       60.00000000        2.82602733
    35.08436376       39.04068584        0.69371177        0.64098288       60.00000000        2.81723996
    35.16093483       39.12973086        0.69637267        0.63985398       60.00000000        2.80848653
    35.23747470       39.21877589        0.69903529        0.63872232       60.00000000        2.79976681
    35.31398321       39.30782091        0.70169960        0.63758788       60.00000000        2.79108057
    35.39046018       39.39686594        0.70436558        0.63645064       60.00000000        2.78242759
    35.46690542       39.48591097        0.70703319        0.63531059       60.00000000        2.77380763
    35.54331877       39.57495599        0.70970242        0.63416772       60.00000000        2.76522047
    35.61970004       39.66400102        0.71237324        0.63302200       60.00000000        2.75666589
    35.69604905       39.75304604        0.71504562        0.63187343       60.00000000        2.74814367
    35.77236562       39.84209107        0.71771954        0.63072198       60.00000000        2.73965358
    35.84864958       39.93113610        0.72039497        0.62956764       60.00000000        2.73119542
    35.92490073       40.02018112        0.72307189        0.62841040       60.00000000        2.72276896
    36.00111888       40.10922615        0.72575026        0.62725024       60.00000000        2.71437400
    36.07730386       40.19827117        0.72843007        0.62608713       60.00000000        2.70601031
    36.15345548       40.28731620        0.73111128        0.62492108       60.00000000        2.69767770
    36.22957354       40.37636123        0.73379388        0.62375205       60.00000000        2.68937596
    36.30565786       40.46540625        0.73647783        0.62258004       60.00000000        2.68110487
    36.38170824       40.55445128        0.73916311        0.62140502       60.00000000        2.67286423
    36.45772449       40.64349631        0.74184969        0.62022698       60.00000000        2.66465385
    36.53370642       40.73254133        0.74453755        0.61904590       60.00000000        2.65647352
    36.60965382       40.82158636        0.74722667        0.61786177       60.00000000        2.64832304
    36.68556652       40.91063138        0.74991700        0.61667456       60.00000000        2.64020222
    36.76144430       40.99967641        0.75260854        0.61548427       60.00000000        2.63211086
    36.83728696       41.08872144        0.75530125        0.61429086       60.00000000        2.62404877
    36.91309431       41.17776646        0.75799511        0.61309434       60.00000000        2.61601575
    36.98886614       41.26681149        0.76069009        0.61189467       60.00000000        2.60801162
    37.06460226       41.35585651        0.76338617        0.61069184       60.00000000        2.60003618
    37.14030244       41.44490154        0.76608331        0.60948583       60.00000000        2.59208925
    37.21596649       41.53394657        0.76878150        0.60827663       60.00000000        2.58417065
    37.29159420       41.62299159        0.77148071        0.60706422       60.00000000        2.57628018
    37.36718535       41.71203662        0.77418090        0.60584857       60.00000000        2.56841767
    37.44273974       41.80108165        0.77688207        0.60462967       60.00000000        2.56058294
    37.51825716       41.89012667        0.77958417        0.60340750       60.00000000        2.55277581
    37.59373739       41.97917170        0.78228718        0.60218204       60.00000000        2.54499609
    37.66918021       42.06821672        0.78499108        0.60095328       60.00000000        2.53724362
    37.74458541       42.15726175        0.78769584        0.59972120       60.00000000        2.52951822
    37.81995276       42.24630678        0.79040143        0.59848576       60.00000000        2.52181971
    37.89528205       42.33535180        0.79310783        0.59724697       60.00000000        2.51414792
    37.97057307       42.42439683        0.79581502        0.59600479       60.00000000        2.50650269
    38.04582557       42.51344185        0.79852296        0.59475921       60.00000000        2.49888384
    38.12103934       42.60248688        0.80123162        0.59351021       60.00000000        2.49129120
    38.19621415       42.69153191        0.80394100        0.59225777       60.00000000        2.48372462
    38.27134978       42.78057693        0.80665105        0.59100186       60.00000000        2.47618392
    38.34644598       42.86962196        0.80936175        0.58974248       60.00000000        2.46866894
    38.42150254       42.95866698        0.81207307        0.58847959       60.00000000        2.46117952
    38.49651921       43.04771201        0.81478499        0.58721318       60.00000000        2.45371550
    38.57149577       43.13675704        0.81749749        0.58594323       60.00000000        2.44627672
    38.64643197       43.22580206        0.82021053        0.58466972       60.00000000        2.43886302
    38.72132758       43.31484709        0.82292409        0.58339262       60.00000000        2.43147424
    38.79618236       43.40389212        0.82563815        0.58211192       60.00000000        2.42411023
    38.87099606       43.49293714        0.82835267        0.58082760       60.00000000        2.41677084
    38.94576845       43.58198217        0.83106763        0.57953963       60.00000000        2.40945591
    39.02049927       43.67102719        0.83378301        0.57824799       60.00000000        2.40216528
    39.09518827       43.76007222        0.83649877        0.57695266       60.00000000        2.39489882
    39.16983522       43.84911725        0.83921490        0.57565363       60.00000000        2.38765636
    39.24443986       43.93816227        0.84193136        0.57435086       60.00000000        2.38043776
    39.31900193       44.02720730        0.84464814        0.57304434       60.00000000        2.37324288
    39.39352118       44.11625232        0.84736520        0.57173404       60.00000000        2.36607157
    39.46799735       44.20529735        0.85008251        0.57041994       60.00000000        2.35892368
    39.54243020       44.29434238        0.85280005        0.56910203       60.00000000        2.35179907
    39.61681944       44.38338740        0.85551780        0.56778027       60.00000000        2.34469760
    39.69116483       44.47243243        0.85823573        0.56645464       60.00000000        2.33761913
    39.76546610       44.56147746        0.86095381        0.56512513       60.00000000        2.33056351
    39.83972298       44.65052248        0.86367201        0.56379171       60.00000000        2.32353062
    39.91393521       44.73956751        0.86639032        0.56245435       60.00000000        2.31652030
    39.98810251       44.82861253        0.86910869        0.56111303       60.00000000        2.30953242
    40.06222461       44.91765756        0.87182712        0.55976773       60.00000000        2.30256686
    40.13630123       45.00670259        0.87454556        0.55841843       60.00000000        2.29562346
    40.21033211       45.09574761        0.87726400        0.55706510       60.00000000        2.28870211
    40.28431696       45.18479264        0.87998241        0.55570771       60.00000000        2.28180266
    40.35825549       45.27383766        0.88270075        0.55434625       60.00000000        2.27492499
    40.43214744       45.36288269        0.88541902        0.55298069       60.00000000        2.26806897
    40.50599251       45.45192772        0.88813717        0.55161100       60.00000000        2.26123446
    40.57979041       45.54097274        0.89085518        0.55023716       60.00000000        2.25442134
    40.65354087       45.63001777        0.89357303        0.54885914       60.00000000        2.24762948
    40.72724357       45.71906279        0.89629069        0.54747692       60.00000000        2.24085875
    40.80089824       45.80810782        0.89900814        0.54609048       60.00000000        2.23410904
    40.87450457       45.89715285        0.90172534        0.54469978       60.00000000        2.22738021
    40.94806226       45.98619787        0.90444227        0.54330481       60.00000000        2.22067214
    41.02157103       46.07524290        0.90715891        0.54190554       60.00000000        2.21398470
    41.09503055       46.16428793        0.90987523        0.54050193       60.00000000        2.20731779
    41.16844053       46.25333295        0.91259120        0.53909397       60.00000000        2.20067127
    41.24180066       46.34237798        0.91530679        0.53768163       60.00000000        2.19404503
    41.31511063       46.43142300        0.91802198        0.53626488       60.00000000        2.18743895
    41.38837012       46.52046803        0.92073675        0.53484369       60.00000000        2.18085291
    41.46157883       46.60951306        0.92345107        0.53341804       60.00000000        2.17428679
    41.53473642       46.69855808        0.92616490        0.53198790       60.00000000        2.16774048
    41.60784259       46.78760311        0.92887823        0.53055325       60.00000000        2.16121386
    41.68089701       46.87664813        0.93159103        0.52911405       60.00000000        2.15470683
    41.75389936       46.96569316        0.93430327        0.52767027       60.00000000        2.14821925
    41.82684930       47.05473819        0.93701493        0.52622190       60.00000000        2.14175103
    41.89974651       47.14378321        0.93972598        0.52476889       60.00000000        2.13530205
    41.97259066       47.23282824        0.94243639        0.52331123       60.00000000        2.12887220
    42.04538140       47.32187327        0.94514613        0.52184888       60.00000000        2.12246137
    42.11811840       47.41091829        0.94785519        0.52038182       60.00000000        2.11606945
    42.19080132       47.49996332        0.95056353        0.51891001       60.00000000        2.10969634
    42.26342982       47.58900834        0.95327114        0.51743343       60.00000000        2.10334192
    42.33600354       47.67805337        0.95597797        0.51595204       60.00000000        2.09700609
    42.40852214       47.76709840        0.95868401        0.51446582       60.00000000        2.09068874
    42.48098527       47.85614342        0.96138923        0.51297473       60.00000000        2.08438977
    42.55339258       47.94518845        0.96409360        0.51147875       60.00000000        2.07810908
    42.62574369       48.03423347        0.96679710        0.50997785       60.00000000        2.07184655
    42.69803826       48.12327850        0.96949971        0.50847199       60.00000000        2.06560209
    42.77027592       48.21232353        0.97220138        0.50696115       60.00000000        2.05937560
    42.84245630       48.30136855        0.97490211        0.50544528       60.00000000        2.05316697
    42.91457904       48.39041358        0.97760186        0.50392437       60.00000000        2.04697611
    42.98664375       48.47945860        0.98030061        0.50239837       60.00000000        2.04080290
    43.05865007       48.56850363        0.98299832        0.50086727       60.00000000        2.03464727
    43.13059762       48.65754866        0.98569498        0.49933101       60.00000000        2.02850910
    43.20248601       48.74659368        0.98839056        0.49778958       60.00000000        2.02238830
    43.27431485       48.83563871        0.99108504        0.49624294       60.00000000        2.01628478
    43.34608377       48.92468374        0.99377838        0.49469105       60.00000000        2.01019843
    43.41779237       49.01372876        0.99647055        0.49313388       60.00000000        2.00412917
    43.48944025       49.10277379        0.99916155        0.49157141       60.00000000        1.99807689
    43.56102701       49.19181881        1.00185133        0.49000358       60.00000000        1.99204150
    43.63255226       49.28086384        1.00453987        0.48843038       60.00000000        1.98602291
    43.70401559       49.36990887        1.00722715        0.48685177       60.00000000        1.98002104
    43.77541659       49.45895389        1.00991314        0.48526771       60.00000000        1.97403577
    43.84675484       49.54799892        1.01259781        0.48367816       60.00000000        1.96806703
    43.91802995       49.63704394        1.01528114        0.48208309       60.00000000        1.96211473
    43.98924147       49.72608897        1.01796311        0.48048248       60.00000000        1.95617877
    44.06038901       49.81513400        1.02064367        0.47887627       60.00000000        1.95025906
    44.13147211       49.90417902        1.02332282        0.47726443       60.00000000        1.94435552
    44.20249037       49.99322405        1.02600053        0.47564693       60.00000000        1.93846806
    44.27344334       50.08226907        1.02867676        0.47402373       60.00000000        1.93259659
    44.34433059       50.17131410        1.03135149        0.47239480       60.00000000        1.92674103
    44.41515168       50.26035913        1.03402470        0.47076009       60.00000000        1.92090128
    44.48590616       50.34940415        1.03669636        0.46911957       60.00000000        1.91507726
    44.55659359       50.43844918        1.03936645        0.46747320       60.00000000        1.90926890
    44.62721351       50.52749421        1.04203493        0.46582095       60.00000000        1.90347610
    44.69776547       50.61653923        1.04470179        0.46416276       60.00000000        1.89769878
    44.76824900       50.70558426        1.04736699        0.46249862       60.00000000        1.89193686
    44.83866365       50.79462928        1.05003052        0.46082846       60.00000000        1.88619025
    44.90900895       50.88367431        1.05269234        0.45915227       60.00000000        1.88045888
    44.97928443       50.97271934        1.05535243        0.45746999       60.00000000        1.87474266
    45.04948960       51.06176436        1.05801076        0.45578158       60.00000000        1.86904151
    45.11962399       51.15080939        1.06066731        0.45408701       60.00000000        1.86335536
    45.18968711       51.23985441        1.06332206        0.45238624       60.00000000        1.85768411
    45.25967848       51.32889944        1.06597497        0.45067922       60.00000000        1.85202771
    45.32959760       51.41794447        1.06862602        0.44896591       60.00000000        1.84638606
    45.39944398       51.50698949        1.07127519        0.44724627       60.00000000        1.84075908
    45.46921711       51.59603452        1.07392244        0.44552026       60.00000000        1.83514671
    45.53891649       51.68507955        1.07656776        0.44378783       60.00000000        1.82954886
    45.60854161       51.77412457        1.07921112        0.44204895       60.00000000        1.82396547
    45.67809195       51.86316960        1.08185249        0.44030356       60.00000000        1.81839644
    45.74756699       51.95221462        1.08449185        0.43855163       60.00000000        1.81284171
    45.81696621       52.04125965        1.08712917        0.43679311       60.00000000        1.80730121
    45.88628908       52.13030468        1.08976443        0.43502795       60.00000000        1.80177486
    45.95553506       52.21934970        1.09239759        0.43325612       60.00000000        1.79626258
    46.02470362       52.30839473        1.09502865        0.43147756       60.00000000        1.79076431
    46.09379422       52.39743975        1.09765756        0.42969223       60.00000000        1.78527997
    46.16280630       52.48648478        1.10028430        0.42790009       60.00000000        1.77980949
    46.23173931       52.57552981        1.10290886        0.42610108       60.00000000        1.77435280
    46.30059269       52.66457483        1.10553119        0.42429517       60.00000000        1.76890982
    46.36936588       52.75361986        1.10815129        0.42248230       60.00000000        1.76348050
    46.43805831       52.84266488        1.11076911        0.42066242       60.00000000        1.75806475
    46.50666941       52.93170991        1.11338464        0.41883550       60.00000000        1.75266251
    46.57519860       53.02075494        1.11599786        0.41700147       60.00000000        1.74727371
    46.64364529       53.10979996        1.11860873        0.41516029       60.00000000        1.74189828
    46.71200890       53.19884499        1.12121723        0.41331192       60.00000000        1.73653616
    46.78028883       53.28789002        1.12382334        0.41145629       60.00000000        1.73118728
    46.84848447       53.37693504        1.12642703        0.40959337       60.00000000        1.72585156
    46.91659522       53.46598007        1.12902827        0.40772310       60.00000000        1.72052895
    46.98462048       53.55502509        1.13162704        0.40584543       60.00000000        1.71521937
    47.05255961       53.64407012        1.13422332        0.40396030       60.00000000        1.70992277
    47.12041201       53.73311515        1.13681707        0.40206767       60.00000000        1.70463908
    47.18817703       53.82216017        1.13940828        0.40016749       60.00000000        1.69936823
    47.25585405       53.91120520        1.14199692        0.39825969       60.00000000        1.69411016
    47.32344242       54.00025022        1.14458296        0.39634424       60.00000000        1.68886480
    47.39094150       54.08929525        1.14716639        0.39442106       60.00000000        1.68363210
    47.45835063       54.17834028        1.14974716        0.39249012       60.00000000        1.67841199
    47.52566916       54.26738530        1.15232527        0.39055135       60.00000000        1.67320441
    47.59289641       54.35643033        1.15490067        0.38860469       60.00000000        1.66800929
    47.66003172       54.44547536        1.15747336        0.38665010       60.00000000        1.66282658
    47.72707441       54.53452038        1.16004330        0.38468752       60.00000000        1.65765621
    47.79402379       54.62356541        1.16261047        0.38271689       60.00000000        1.65249812
    47.86087916       54.71261043        1.16517485        0.38073814       60.00000000        1.64735226
    47.92763985       54.80165546        1.16773640        0.37875124       60.00000000        1.64221857
    47.99430513       54.89070049        1.17029511        0.37675611       60.00000000        1.63709698
    48.06087429       54.97974551        1.17285094        0.37475269       60.00000000        1.63198743
    48.12734663       55.06879054        1.17540388        0.37274093       60.00000000        1.62688987
    48.19372141       55.15783556        1.17795390        0.37072077       60.00000000        1.62180425
    48.25999790       55.24688059        1.18050098        0.36869215       60.00000000        1.61673050
    48.32617535       55.33592562        1.18304509        0.36665500       60.00000000        1.61166856
    48.39225304       55.42497064        1.18558620        0.36460927       60.00000000        1.60661838
    48.45823019       55.51401567        1.18812429        0.36255488       60.00000000        1.60157991
    48.52410605       55.60306069        1.19065934        0.36049179       60.00000000        1.59655308
    48.58987985       55.69210572        1.19319132        0.35841992       60.00000000        1.59153785
    48.65555081       55.78115075        1.19572021        0.35633921       60.00000000        1.58653415
    48.72111814       55.87019577        1.19824598        0.35424960       60.00000000        1.58154194
    48.78658107       55.95924080        1.20076861        0.35215102       60.00000000        1.57656115
    48.85193878       56.04828583        1.20328807        0.35004341       60.00000000        1.57159174
    48.91719047       56.13733085        1.20580434        0.34792669       60.00000000        1.56663365
    48.98233532       56.22637588        1.20831740        0.34580080       60.00000000        1.56168683
    49.04737250       56.31542090        1.21082721        0.34366568       60.00000000        1.55675123
    49.11230120       56.40446593        1.21333376        0.34152126       60.00000000        1.55182678
    49.17712056       56.49351096        1.21583703        0.33936746       60.00000000        1.54691345
    49.24182973       56.58255598        1.21833698        0.33720422       60.00000000        1.54201118
    49.30642786       56.67160101        1.22083359        0.33503147       60.00000000        1.53711992
    49.37091409       56.76064603        1.22332684        0.33284913       60.00000000        1.53223962
    49.43528753       56.84969106        1.22581671        0.33065713       60.00000000        1.52737022
    49.49954730       56.93873609        1.22830316        0.32845541       60.00000000        1.52251168
    49.56369251       57.02778111        1.23078618        0.32624388       60.00000000        1.51766395
    49.62772226       57.11682614        1.23326575        0.32402248       60.00000000        1.51282698
    49.69163563       57.20587117        1.23574183        0.32179113       60.00000000        1.50800072
    49.75543171       57.29491619        1.23821440        0.31954976       60.00000000        1.50318513
    49.81910956       57.38396122        1.24068344        0.31729829       60.00000000        1.49838014
    49.88266824       57.47300624        1.24314893        0.31503663       60.00000000        1.49358573
    49.94610681       57.56205127        1.24561084        0.31276473       60.00000000        1.48880183
    50.00942431       57.65109630        1.24806915        0.31048249       60.00000000        1.48402840
    50.07261976       57.74014132        1.25052384        0.30818983       60.00000000        1.47926540
    50.13569218       57.82918635        1.25297487        0.30588669       60.00000000        1.47451277
    50.19864059       57.91823137        1.25542222        0.30357298       60.00000000        1.46977048
    50.26146399       58.00727640        1.25786588        0.30124861       60.00000000        1.46503847
    50.32416136       58.09632143        1.26030582        0.29891350       60.00000000        1.46031671
    50.38673168       58.18536645        1.26274202        0.29656758       60.00000000        1.45560514
    50.44917392       58.27441148        1.26517444        0.29421076       60.00000000        1.45090373
    50.51148704       58.36345650        1.26760307        0.29184295       60.00000000        1.44621242
    50.57366999       58.45250153        1.27002788        0.28946407       60.00000000        1.44153118
    50.63572170       58.54154656        1.27244886        0.28707403       60.00000000        1.43685996
    50.69764108       58.63059158        1.27486597        0.28467275       60.00000000        1.43219871
    50.75942706       58.71963661        1.27727919        0.28226013       60.00000000        1.42754740
    50.82107853       58.80868164        1.27968850        0.27983610       60.00000000        1.42290598
    50.88259439       58.89772666        1.28209388        0.27740055       60.00000000        1.41827441
    50.94397350       58.98677169        1.28449530        0.27495340       60.00000000        1.41365265
    51.00521473       59.07581671        1.28689274        0.27249456       60.00000000        1.40904065
    51.06631694       59.16486174        1.28928618        0.27002393       60.00000000        1.40443838
    51.12727896       59.25390677        1.29167558        0.26754143       60.00000000        1.39984579
    51.18809962       59.34295179        1.29406094        0.26504695       60.00000000        1.39526285
    51.24877773       59.43199682        1.29644222        0.26254041       60.00000000        1.39068951
    51.30931210       59.52104184        1.29881940        0.26002170       60.00000000        1.38612573
    51.36970151       59.61008687        1.30119247        0.25749072       60.00000000        1.38157148
    51.42994474       59.69913190        1.30356139        0.25494739       60.00000000        1.37702671
    51.49004054       59.78817692        1.30592614        0.25239161       60.00000000        1.37249139
    51.54998767       59.87722195        1.30828670        0.24982326       60.00000000        1.36796547
    51.60978486       59.96626698        1.31064305        0.24724225       60.00000000        1.36344892
    51.66943083       60.05531200        1.31299516        0.24464848       60.00000000        1.35894170
    51.72892428       60.14435703        1.31534302        0.24204185       60.00000000        1.35444378
    51.78826390       60.23340205        1.31768659        0.23942224       60.00000000        1.34995511
    51.84744837       60.32244708        1.32002586        0.23678957       60.00000000        1.34547566
    51.90647635       60.41149211        1.32236079        0.23414371       60.00000000        1.34100540
    51.96534648       60.50053713        1.32469138        0.23148456       60.00000000        1.33654428
    52.02405741       60.58958216        1.32701760        0.22881201       60.00000000        1.33209226
    52.08260773       60.67862718        1.32933942        0.22612595       60.00000000        1.32764933
    52.14099605       60.76767221        1.33165682        0.22342628       60.00000000        1.32321543
    52.19922096       60.85671724        1.33396978        0.22071288       60.00000000        1.31879053
    52.25728102       60.94576226        1.33627827        0.21798563       60.00000000        1.31437461
    52.31517478       61.03480729        1.33858228        0.21524442       60.00000000        1.30996761
    52.37290077       61.12385231        1.34088178        0.21248914       60.00000000        1.30556952
    52.43045753       61.21289734        1.34317674        0.20971967       60.00000000        1.30118030
    52.48784353       61.30194237        1.34546716        0.20693589       60.00000000        1.29679990
    52.54505727       61.39098739        1.34775299        0.20413768       60.00000000        1.29242831
    52.60209721       61.48003242        1.35003423        0.20132491       60.00000000        1.28806548
    52.65896180       61.56907745        1.35231084        0.19849748       60.00000000        1.28371139
    52.71564948       61.65812247        1.35458282        0.19565525       60.00000000        1.27936600
    52.77215863       61.74716750        1.35685012        0.19279811       60.00000000        1.27502928
    52.82848768       61.83621252        1.35911274        0.18992592       60.00000000        1.27070120
    52.88463498       61.92525755        1.36137065        0.18703855       60.00000000        1.26638172
    52.94059888       62.01430258        1.36362382        0.18413588       60.00000000        1.26207082
    52.99637773       62.10334760        1.36587224        0.18121779       60.00000000        1.25776847
    53.05196984       62.19239263        1.36811589        0.17828413       60.00000000        1.25347463
    53.10737351       62.28143765        1.37035473        0.17533477       60.00000000        1.24918927
    53.16258700       62.37048268        1.37258876        0.17236958       60.00000000        1.24491237
    53.21760858       62.45952771        1.37481794        0.16938843       60.00000000        1.24064389
    53.27243647       62.54857273        1.37704226        0.16639118       60.00000000        1.23638381
    53.32706889       62.63761776        1.37926169        0.16337768       60.00000000        1.23213210
    53.38150402       62.72666278        1.38147621        0.16034780       60.00000000        1.22788872
    53.43574005       62.81570781        1.38368580        0.15730140       60.00000000        1.22365366
    53.48977511       62.90475284        1.38589045        0.15423833       60.00000000        1.21942688
    53.54360732       62.99379786        1.38809011        0.15115844       60.00000000        1.21520835
    53.59723479       63.08284289        1.39028479        0.14806160       60.00000000        1.21099805
    53.65065559       63.17188792        1.39247444        0.14494766       60.00000000        1.20679594
    53.70386779       63.26093294        1.39465906        0.14181645       60.00000000        1.20260202
    53.75686940       63.34997797        1.39683862        0.13866784       60.00000000        1.19841624
    53.80965844       63.43902299        1.39901310        0.13550167       60.00000000        1.19423858
    53.86223288       63.52806802        1.40118248        0.13231778       60.00000000        1.19006901
    53.91459068       63.61711305        1.40334673        0.12911602       60.00000000        1.18590752
    53.96672978       63.70615807        1.40550583        0.12589623       60.00000000        1.18175407
    54.01864807       63.79520310        1.40765977        0.12265824       60.00000000        1.17760863
    54.07034344       63.88424812        1.40980852        0.11940191       60.00000000        1.17347120
    54.12181374       63.97329315        1.41195207        0.11612706       60.00000000        1.16934173
    54.17305679       64.06233818        1.41409038        0.11283353       60.00000000        1.16522021
    54.22407039       64.15138320        1.41622344        0.10952115       60.00000000        1.16110662
    54.27485231       64.24042823        1.41835123        0.10618975       60.00000000        1.15700092
    54.32540030       64.32947326        1.42047373        0.10283916       60.00000000        1.15290310
    54.37571205       64.41851828        1.42259091        0.09946921       60.00000000        1.14881314
    54.42578527       64.50756331        1.42470275        0.09607972       60.00000000        1.14473100
    54.47561760       64.59660833        1.42680924        0.09267052       60.00000000        1.14065668
    54.52520666       64.68565336        1.42891035        0.08924142       60.00000000        1.13659014
    54.57455005       64.77469839        1.43100607        0.08579225       60.00000000        1.13253138
    54.62364534       64.86374341        1.43309636        0.08232283       60.00000000        1.12848035
    54.67249004       64.95278844        1.43518122        0.07883296       60.00000000        1.12443705
    54.72108166       65.04183346        1.43726061        0.07532245       60.00000000        1.12040146
    54.76941767       65.13087849        1.43933452        0.07179113       60.00000000        1.11637355
    54.81749550       65.21992352        1.44140294        0.06823880       60.00000000        1.11235331
    54.86531255       65.30896854        1.44346583        0.06466526       60.00000000        1.10834071
    54.91286618       65.39801357        1.44552317        0.06107032       60.00000000        1.10433573
    54.96015372       65.48705859        1.44757496        0.05745379       60.00000000        1.10033837
    55.00717247       65.57610362        1.44962116        0.05381545       60.00000000        1.09634859
    55.05391969       65.66514865        1.45166175        0.05015510       60.00000000        1.09236638
    55.10039259       65.75419367        1.45369673        0.04647255       60.00000000        1.08839172
    55.14658837       65.84323870        1.45572605        0.04276758       60.00000000        1.08442460
    55.19250418       65.93228373        1.45774971        0.03903998       60.00000000        1.08046500
    55.23813711       66.02132875        1.45976769        0.03528954       60.00000000        1.07651290
    55.28348425       66.11037378        1.46177996        0.03151605       60.00000000        1.07256829
    55.32854263       66.19941880        1.46378651        0.02771928       60.00000000        1.06863114
    55.37330923       66.28846383        1.46578731        0.02389902       60.00000000        1.06470145
    55.41778101       66.37750886        1.46778235        0.02005505       60.00000000        1.06077919
    55.46195487       66.46655388        1.46977159        0.01618713       60.00000000        1.05686436
    55.50582768       66.55559891        1.47175504        0.01229504       60.00000000        1.05295693
    55.54939627       66.64464393        1.47373266        0.00837855       60.00000000        1.04905690
    55.59265741       66.73368896        1.47570443        0.00443743       60.00000000        1.04516425
    55.63560784       66.82273399        1.47767034        0.00047144       60.00000000        1.04127896
    55.67824426       66.91177901        1.47963036       -0.00351966       60.00000000        1.03740103
    55.72056329       67.00082404        1.48158448       -0.00753612       60.00000000        1.03353043
    55.76256155       67.08986907        1.48353267       -0.01157817       60.00000000        1.02966716
    55.80423558       67.17891409        1.48547492       -0.01564606       60.00000000        1.02581121
    55.84558189       67.26795912        1.48741120       -0.01974005       60.00000000        1.02196256
    55.88659692       67.35700414        1.48934150       -0.02386039       60.00000000        1.01812120
    55.92727709       67.44604917        1.49126580       -0.02800734       60.00000000        1.01428712
    55.96761873       67.53509420        1.49318408       -0.03218114       60.00000000        1.01046031
    56.00761816       67.62413922        1.49509631       -0.03638208       60.00000000        1.00664076
    56.04727162       67.71318425        1.49700248       -0.04061042       60.00000000        1.00282846
    56.08657530       67.80222927        1.49890258       -0.04486641       60.00000000        0.99902340
    56.12552535       67.89127430        1.50079657       -0.04915035       60.00000000        0.99522557
    56.16411784       67.98031933        1.50268444       -0.05346249       60.00000000        0.99143496
    56.20234881       68.06936435        1.50456617       -0.05780313       60.00000000        0.98765157
    56.24021423       68.15840938        1.50644175       -0.06217254       60.00000000        0.98387538
    56.27771001       68.24745440        1.50831115       -0.06657101       60.00000000        0.98010638
    56.31483200       68.33649943        1.51017435       -0.07099883       60.00000000        0.97634458
    56.35157600       68.42554446        1.51203134       -0.07545630       60.00000000        0.97258996
    56.38793773       68.51458948        1.51388209       -0.07994370       60.00000000        0.96884252
    56.42391286       68.60363451        1.51572659       -0.08446134       60.00000000        0.96510225
    56.45949701       68.69267954        1.51756482       -0.08900952       60.00000000        0.96136915
    56.49468570       68.78172456        1.51939675       -0.09358856       60.00000000        0.95764320
    56.52947441       68.87076959        1.52122238       -0.09819875       60.00000000        0.95392442
    56.56385855       68.95981461        1.52304168       -0.10284043       60.00000000        0.95021278
    56.59783346       69.04885964        1.52485463       -0.10751389       60.00000000        0.94650829
    56.63139441       69.13790467        1.52666121       -0.11221948       60.00000000        0.94281095
    56.66453658       69.22694969        1.52846140       -0.11695751       60.00000000        0.93912074
    56.69725511       69.31599472        1.53025520       -0.12172831       60.00000000        0.93543768
    56.72954505       69.40503974        1.53204257       -0.12653223       60.00000000        0.93176175
    56.76140138       69.49408477        1.53382349       -0.13136959       60.00000000        0.92809296
    56.79281899       69.58312980        1.53559796       -0.13624075       60.00000000        0.92443130
    56.82379271       69.67217482        1.53736595       -0.14114604       60.00000000        0.92077677
    56.85431728       69.76121985        1.53912744       -0.14608582       60.00000000        0.91712938
    56.88438736       69.85026488        1.54088242       -0.15106045       60.00000000        0.91348912
    56.91399754       69.93930990        1.54263086       -0.15607028       60.00000000        0.90985600
    56.94314231       70.02835493        1.54437275       -0.16111569       60.00000000        0.90623001
    56.97181609       70.11739995        1.54610806       -0.16619703       60.00000000        0.90261115
    57.00001319       70.20644498        1.54783679       -0.17131468       60.00000000        0.89899944
    57.02772786       70.29549001        1.54955891       -0.17646903       60.00000000        0.89539487
    57.05495424       70.38453503        1.55127440       -0.18166044       60.00000000        0.89179744
    57.08168638       70.47358006        1.55298325       -0.18688932       60.00000000        0.88820716
    57.10791826       70.56262508        1.55468544       -0.19215604       60.00000000        0.88462404
    57.13364373       70.65167011        1.55638094       -0.19746101       60.00000000        0.88104807
    57.15885656       70.74071514        1.55806974       -0.20280464       60.00000000        0.87747926
    57.18355042       70.82976016        1.55975183       -0.20818732       60.00000000        0.87391763
    57.20771888       70.91880519        1.56142718       -0.21360946       60.00000000        0.87036317
    57.23135541       71.00785021        1.56309578       -0.21907149       60.00000000        0.86681589
    57.25445337       71.09689524        1.56475760       -0.22457383       60.00000000        0.86327580
    57.27700600       71.18594027        1.56641264       -0.23011689       60.00000000        0.85974291
    57.29900647       71.27498529        1.56806086       -0.23570112       60.00000000        0.85621722
    57.32044779       71.36403032        1.56970226       -0.24132695       60.00000000        0.85269875
    57.34132290       71.45307535        1.57133681       -0.24699483       60.00000000        0.84918750
    57.36162459       71.54212037        1.57296451       -0.25270519       60.00000000        0.84568349
    57.38134556       71.63116540        1.57458532       -0.25845849       60.00000000        0.84218673
    57.40047837       71.72021042        1.57619923       -0.26425520       60.00000000        0.83869723
    57.41901547       71.80925545        1.57780622       -0.27009577       60.00000000        0.83521499
    57.43694918       71.89830048        1.57940629       -0.27598068       60.00000000        0.83174004
    57.45427169       71.98734550        1.58099939       -0.28191039       60.00000000        0.82827238
    57.47097506       72.07639053        1.58258553       -0.28788540       60.00000000        0.82481203
    57.48705124       72.16543555        1.58416468       -0.29390618       60.00000000        0.82135901
    57.50249200       72.25448058        1.58573682       -0.29997324       60.00000000        0.81791333
    57.51728901       72.34352561        1.58730194       -0.30608706       60.00000000        0.81447501
    57.53143379       72.43257063        1.58886002       -0.31224815       60.00000000        0.81104406
    57.54491771       72.52161566        1.59041103       -0.31845702       60.00000000        0.80762050
    57.55773200       72.61066068        1.59195497       -0.32471419       60.00000000        0.80420434
    57.56986774       72.69970571        1.59349181       -0.33102018       60.00000000        0.80079562
    57.58131585       72.78875074        1.59502153       -0.33737551       60.00000000        0.79739434
    57.59206711       72.87779576        1.59654413       -0.34378073       60.00000000        0.79400053
    57.60211213       72.96684079        1.59805957       -0.35023636       60.00000000        0.79061420
    57.61144136       73.05588582        1.59956785       -0.35674296       60.00000000        0.78723539
    57.62004507       73.14493084        1.60106894       -0.36330108       60.00000000        0.78386411
    57.62791340       73.23397587        1.60256282       -0.36991128       60.00000000        0.78050038
    57.63503629       73.32302089        1.60404948       -0.37657412       60.00000000        0.77714423
    57.64140350       73.41206592        1.60552891       -0.38329017       60.00000000        0.77379568
    57.64700462       73.50111095        1.60700107       -0.39006002       60.00000000        0.77045476
    57.65182907       73.59015597        1.60846596       -0.39688424       60.00000000        0.76712150
    57.65586605       73.67920100        1.60992355       -0.40376343       60.00000000        0.76379592
    57.65910461       73.76824602        1.61137384       -0.41069818       60.00000000        0.76047805
    57.66153358       73.85729105        1.61281679       -0.41768909       60.00000000        0.75716792
    57.66314159       73.94633608        1.61425239       -0.42473679       60.00000000        0.75386556
    57.66391707       74.03538110        1.61568062       -0.43184187       60.00000000        0.75057100
