#  Theta paroi en deg Angle Choc en deg       Kp           Inverse Mach       Mach amont       Mach aval
     0.00000000       22.08241319        0.00000000        0.62406015        2.66000000
     1.72300272       22.08445072        0.00515346        0.62173693        2.66000000        2.65986737
     2.07769066       22.08730158        0.00704940        0.62089026        2.66000000        2.65968182
     2.45977098       22.09259245        0.00933060        0.61987712        2.66000000        2.65933757
     2.87216829       22.10194998        0.01204932        0.61867745        2.66000000        2.65872902
     3.29822807       22.11700085        0.01511856        0.61733306        2.66000000        2.65775103
     3.72813529       22.13937173        0.01846779        0.61587776        2.66000000        2.65629924
     4.15818980       22.17068929        0.02205888        0.61433060        2.66000000        2.65427057
     4.58789742       22.21258018        0.02587741        0.61270001        2.66000000        2.65156368
     5.01824589       22.26667109        0.02992436        0.61098777        2.66000000        2.64807972
     5.45086446       22.33458868        0.03421085        0.60919141        2.66000000        2.64372293
     5.81241260       22.40250627        0.03795719        0.60763543        2.66000000        2.63938561
     6.12785319       22.47042385        0.04134572        0.60623896        2.66000000        2.63506747
     6.41066166       22.53834144        0.04447757        0.60495720        2.66000000        2.63076823
     6.66900861       22.60625903        0.04741537        0.60376242        2.66000000        2.62648761
     6.90825250       22.67417661        0.05020090        0.60263616        2.66000000        2.62222531
     7.13211299       22.74209420        0.05286354        0.60156541        2.66000000        2.61798108
     7.34328600       22.81001179        0.05542487        0.60054063        2.66000000        2.61375465
     7.54379282       22.87792937        0.05790121        0.59955462        2.66000000        2.60954575
     7.73519114       22.94584696        0.06030524        0.59860175        2.66000000        2.60535413
     7.91870869       23.01376455        0.06264705        0.59767756        2.66000000        2.60117955
     8.09533179       23.08168213        0.06493478        0.59677845        2.66000000        2.59702174
     8.26586562       23.14959972        0.06717512        0.59590145        2.66000000        2.59288047
     8.43097676       23.21751731        0.06937363        0.59504409        2.66000000        2.58875550
     8.59122375       23.28543489        0.07153500        0.59420429        2.66000000        2.58464660
     8.74707965       23.35335248        0.07366321        0.59338028        2.66000000        2.58055353
     8.89894885       23.42127007        0.07576168        0.59257053        2.66000000        2.57647608
     9.04718004       23.48918765        0.07783336        0.59177373        2.66000000        2.57241402
     9.19207614       23.55710524        0.07988081        0.59098873        2.66000000        2.56836714
     9.33390207       23.62502283        0.08190630        0.59021451        2.66000000        2.56433522
     9.47289099       23.69294041        0.08391181        0.58945020        2.66000000        2.56031805
     9.60924929       23.76085800        0.08589909        0.58869498        2.66000000        2.55631544
     9.74316052       23.82877559        0.08786973        0.58794816        2.66000000        2.55232716
     9.87478880       23.89669318        0.08982511        0.58720910        2.66000000        2.54835304
    10.00428148       23.96461076        0.09176651        0.58647723        2.66000000        2.54439288
    10.13177136       24.03252835        0.09369505        0.58575203        2.66000000        2.54044648
    10.25737858       24.10044594        0.09561176        0.58503304        2.66000000        2.53651365
    10.38121229       24.16836352        0.09751759        0.58431982        2.66000000        2.53259422
    10.50337184       24.23628111        0.09941336        0.58361199        2.66000000        2.52868800
    10.62394806       24.30419870        0.10129987        0.58290918        2.66000000        2.52479481
    10.74302414       24.37211628        0.10317782        0.58221108        2.66000000        2.52091449
    10.86067654       24.44003387        0.10504787        0.58151736        2.66000000        2.51704685
    10.97697566       24.50795146        0.10691060        0.58082777        2.66000000        2.51319173
    11.09198653       24.57586904        0.10876658        0.58014203        2.66000000        2.50934897
    11.20576928       24.64378663        0.11061631        0.57945991        2.66000000        2.50551840
    11.31837970       24.71170422        0.11246027        0.57878118        2.66000000        2.50169987
    11.42986961       24.77962180        0.11429889        0.57810564        2.66000000        2.49789320
    11.54028725       24.84753939        0.11613258        0.57743309        2.66000000        2.49409827
    11.64967762       24.91545698        0.11796172        0.57676335        2.66000000        2.49031490
    11.75808274       24.98337456        0.11978666        0.57609624        2.66000000        2.48654295
    11.86554194       25.05129215        0.12160773        0.57543161        2.66000000        2.48278228
    11.97209207       25.11920974        0.12342524        0.57476932        2.66000000        2.47903273
    12.07776774       25.18712732        0.12523947        0.57410921        2.66000000        2.47529418
    12.18260143       25.25504491        0.12705069        0.57345115        2.66000000        2.47156648
    12.28662375       25.32296250        0.12885916        0.57279502        2.66000000        2.46784949
    12.38986354       25.39088009        0.13066511        0.57214070        2.66000000        2.46414309
    12.49234801       25.45879767        0.13246876        0.57148807        2.66000000        2.46044713
    12.59410285       25.52671526        0.13427033        0.57083704        2.66000000        2.45676149
    12.69515237       25.59463285        0.13607000        0.57018750        2.66000000        2.45308604
    12.79551957       25.66255043        0.13786798        0.56953934        2.66000000        2.44942066
    12.89522631       25.73046802        0.13966442        0.56889249        2.66000000        2.44576521
    12.99429324       25.79838561        0.14145950        0.56824686        2.66000000        2.44211960
    13.09274004       25.86630319        0.14325338        0.56760235        2.66000000        2.43848368
    13.19058538       25.93422078        0.14504619        0.56695890        2.66000000        2.43485734
    13.28784704       26.00213837        0.14683809        0.56631643        2.66000000        2.43124048
    13.38454195       26.07005595        0.14862920        0.56567487        2.66000000        2.42763297
    13.48068625       26.13797354        0.15041965        0.56503414        2.66000000        2.42403471
    13.57629532       26.20589113        0.15220956        0.56439418        2.66000000        2.42044559
    13.67138387       26.27380871        0.15399904        0.56375493        2.66000000        2.41686549
    13.76596593       26.34172630        0.15578820        0.56311633        2.66000000        2.41329431
    13.86005491       26.40964389        0.15757713        0.56247831        2.66000000        2.40973195
    13.95366367       26.47756147        0.15936594        0.56184083        2.66000000        2.40617831
    14.04680449       26.54547906        0.16115472        0.56120383        2.66000000        2.40263328
    14.13948915       26.61339665        0.16294356        0.56056726        2.66000000        2.39909676
    14.23172896       26.68131423        0.16473253        0.55993107        2.66000000        2.39556866
    14.32353473       26.74923182        0.16652172        0.55929521        2.66000000        2.39204889
    14.41491688       26.81714941        0.16831120        0.55865964        2.66000000        2.38853734
    14.50588538       26.88506699        0.17010105        0.55802430        2.66000000        2.38503393
    14.59644983       26.95298458        0.17189133        0.55738917        2.66000000        2.38153855
    14.68661947       27.02090217        0.17368210        0.55675419        2.66000000        2.37805114
    14.77640318       27.08881976        0.17547344        0.55611933        2.66000000        2.37457158
    14.86580950       27.15673734        0.17726540        0.55548454        2.66000000        2.37109981
    14.95484667       27.22465493        0.17905803        0.55484980        2.66000000        2.36763572
    15.04352261       27.29257252        0.18085138        0.55421506        2.66000000        2.36417925
    15.13184499       27.36049010        0.18264552        0.55358030        2.66000000        2.36073030
    15.21982117       27.42840769        0.18444049        0.55294547        2.66000000        2.35728879
    15.30745826       27.49632528        0.18623633        0.55231054        2.66000000        2.35385465
    15.39476316       27.56424286        0.18803310        0.55167548        2.66000000        2.35042779
    15.48174249       27.63216045        0.18983083        0.55104027        2.66000000        2.34700813
    15.56840266       27.70007804        0.19162956        0.55040487        2.66000000        2.34359561
    15.65474987       27.76799562        0.19342933        0.54976924        2.66000000        2.34019014
    15.74079013       27.83591321        0.19523018        0.54913337        2.66000000        2.33679166
    15.82652923       27.90383080        0.19703215        0.54849723        2.66000000        2.33340008
    15.91197278       27.97174838        0.19883527        0.54786078        2.66000000        2.33001533
    15.99712622       28.03966597        0.20063957        0.54722401        2.66000000        2.32663736
    16.08199482       28.10758356        0.20244508        0.54658689        2.66000000        2.32326607
    16.16658366       28.17550114        0.20425183        0.54594938        2.66000000        2.31990142
    16.25089771       28.24341873        0.20605985        0.54531148        2.66000000        2.31654333
    16.33494174       28.31133632        0.20786916        0.54467315        2.66000000        2.31319173
    16.41872041       28.37925390        0.20967980        0.54403437        2.66000000        2.30984656
    16.50223822       28.44717149        0.21149178        0.54339513        2.66000000        2.30650775
    16.58549957       28.51508908        0.21330513        0.54275539        2.66000000        2.30317525
    16.66850869       28.58300666        0.21511987        0.54211514        2.66000000        2.29984898
    16.75126971       28.65092425        0.21693603        0.54147435        2.66000000        2.29652889
    16.83378663       28.71884184        0.21875361        0.54083301        2.66000000        2.29321492
    16.91606337       28.78675943        0.22057265        0.54019110        2.66000000        2.28990701
    16.99810370       28.85467701        0.22239315        0.53954859        2.66000000        2.28660510
    17.07991131       28.92259460        0.22421515        0.53890547        2.66000000        2.28330913
    17.16148976       28.99051219        0.22603864        0.53826172        2.66000000        2.28001904
    17.24284257       29.05842977        0.22786366        0.53761731        2.66000000        2.27673479
    17.32397309       29.12634736        0.22969021        0.53697225        2.66000000        2.27345631
    17.40488465       29.19426495        0.23151830        0.53632649        2.66000000        2.27018355
    17.48558044       29.26218253        0.23334796        0.53568004        2.66000000        2.26691646
    17.56606359       29.33010012        0.23517919        0.53503286        2.66000000        2.26365498
    17.64633716       29.39801771        0.23701201        0.53438495        2.66000000        2.26039906
    17.72640411       29.46593529        0.23884642        0.53373629        2.66000000        2.25714866
    17.80626733       29.53385288        0.24068244        0.53308686        2.66000000        2.25390372
    17.88592963       29.60177047        0.24252008        0.53243665        2.66000000        2.25066419
    17.96539379       29.66968805        0.24435935        0.53178564        2.66000000        2.24743003
    18.04466245       29.73760564        0.24620025        0.53113382        2.66000000        2.24420118
    18.12373826       29.80552323        0.24804279        0.53048117        2.66000000        2.24097760
    18.20262375       29.87344081        0.24988699        0.52982768        2.66000000        2.23775924
    18.28132140       29.94135840        0.25173285        0.52917333        2.66000000        2.23454606
    18.35983367       30.00927599        0.25358038        0.52851811        2.66000000        2.23133802
    18.43816290       30.07719357        0.25542957        0.52786201        2.66000000        2.22813506
    18.51631142       30.14511116        0.25728045        0.52720501        2.66000000        2.22493714
    18.59428148       30.21302875        0.25913301        0.52654710        2.66000000        2.22174423
    18.67207530       30.28094634        0.26098726        0.52588826        2.66000000        2.21855627
    18.74969504       30.34886392        0.26284321        0.52522849        2.66000000        2.21537323
    18.82714279       30.41678151        0.26470085        0.52456776        2.66000000        2.21219506
    18.90442062       30.48469910        0.26656020        0.52390608        2.66000000        2.20902174
    18.98153053       30.55261668        0.26842125        0.52324341        2.66000000        2.20585320
    19.05847451       30.62053427        0.27028401        0.52257976        2.66000000        2.20268942
    19.13525447       30.68845186        0.27214848        0.52191512        2.66000000        2.19953036
    19.21187230       30.75636944        0.27401466        0.52124946        2.66000000        2.19637598
    19.28832982       30.82428703        0.27588256        0.52058277        2.66000000        2.19322624
    19.36462886       30.89220462        0.27775218        0.51991506        2.66000000        2.19008110
    19.44077115       30.96012220        0.27962352        0.51924629        2.66000000        2.18694053
    19.51675843       31.02803979        0.28149657        0.51857647        2.66000000        2.18380450
    19.59259239       31.09595738        0.28337135        0.51790559        2.66000000        2.18067296
    19.66827468       31.16387496        0.28524785        0.51723362        2.66000000        2.17754588
    19.74380690       31.23179255        0.28712607        0.51656056        2.66000000        2.17442322
    19.81919065       31.29971014        0.28900601        0.51588640        2.66000000        2.17130497
    19.89442747       31.36762772        0.29088768        0.51521113        2.66000000        2.16819107
    19.96951887       31.43554531        0.29277106        0.51453474        2.66000000        2.16508149
    20.04446636       31.50346290        0.29465617        0.51385721        2.66000000        2.16197622
    20.11927137       31.57138048        0.29654299        0.51317854        2.66000000        2.15887520
    20.19393535       31.63929807        0.29843153        0.51249872        2.66000000        2.15577842
    20.26845967       31.70721566        0.30032179        0.51181774        2.66000000        2.15268584
    20.34284572       31.77513324        0.30221376        0.51113558        2.66000000        2.14959742
    20.41709483       31.84305083        0.30410745        0.51045224        2.66000000        2.14651315
    20.49120833       31.91096842        0.30600285        0.50976771        2.66000000        2.14343298
    20.56518749       31.97888601        0.30789995        0.50908197        2.66000000        2.14035690
    20.63903359       32.04680359        0.30979876        0.50839503        2.66000000        2.13728487
    20.71274786       32.11472118        0.31169927        0.50770686        2.66000000        2.13421686
    20.78633153       32.18263877        0.31360149        0.50701746        2.66000000        2.13115284
    20.85978577       32.25055635        0.31550540        0.50632682        2.66000000        2.12809280
    20.93311177       32.31847394        0.31741100        0.50563493        2.66000000        2.12503669
    21.00631066       32.38639153        0.31931830        0.50494179        2.66000000        2.12198450
    21.07938357       32.45430911        0.32122728        0.50424737        2.66000000        2.11893620
    21.15233161       32.52222670        0.32313795        0.50355168        2.66000000        2.11589175
    21.22515586       32.59014429        0.32505029        0.50285470        2.66000000        2.11285114
    21.29785738       32.65806187        0.32696431        0.50215643        2.66000000        2.10981435
    21.37043722       32.72597946        0.32888000        0.50145686        2.66000000        2.10678134
    21.44289639       32.79389705        0.33079736        0.50075597        2.66000000        2.10375208
    21.51523592       32.86181463        0.33271637        0.50005376        2.66000000        2.10072657
    21.58745677       32.92973222        0.33463705        0.49935022        2.66000000        2.09770477
    21.65955991       32.99764981        0.33655938        0.49864534        2.66000000        2.09468666
    21.73154630       33.06556739        0.33848335        0.49793912        2.66000000        2.09167221
    21.80341688       33.13348498        0.34040897        0.49723154        2.66000000        2.08866140
    21.87517256       33.20140257        0.34233623        0.49652260        2.66000000        2.08565422
    21.94681423       33.26932015        0.34426511        0.49581229        2.66000000        2.08265064
    22.01834278       33.33723774        0.34619563        0.49510059        2.66000000        2.07965063
    22.08975909       33.40515533        0.34812776        0.49438751        2.66000000        2.07665418
    22.16106399       33.47307291        0.35006151        0.49367303        2.66000000        2.07366126
    22.23225834       33.54099050        0.35199687        0.49295715        2.66000000        2.07067185
    22.30334295       33.60890809        0.35393384        0.49223985        2.66000000        2.06768593
    22.37431863       33.67682568        0.35587240        0.49152113        2.66000000        2.06470349
    22.44518618       33.74474326        0.35781255        0.49080098        2.66000000        2.06172449
    22.51594636       33.81266085        0.35975429        0.49007939        2.66000000        2.05874893
    22.58659996       33.88057844        0.36169760        0.48935636        2.66000000        2.05577678
    22.65714773       33.94849602        0.36364249        0.48863187        2.66000000        2.05280803
    22.72759040       34.01641361        0.36558894        0.48790593        2.66000000        2.04984264
    22.79792870       34.08433120        0.36753696        0.48717851        2.66000000        2.04688061
    22.86816335       34.15224878        0.36948652        0.48644961        2.66000000        2.04392192
    22.93829505       34.22016637        0.37143764        0.48571924        2.66000000        2.04096655
    23.00832449       34.28808396        0.37339029        0.48498736        2.66000000        2.03801447
    23.07825234       34.35600154        0.37534447        0.48425399        2.66000000        2.03506568
    23.14807929       34.42391913        0.37730018        0.48351911        2.66000000        2.03212016
    23.21780597       34.49183672        0.37925741        0.48278271        2.66000000        2.02917788
    23.28743304       34.55975430        0.38121614        0.48204479        2.66000000        2.02623883
    23.35696113       34.62767189        0.38317638        0.48130534        2.66000000        2.02330300
    23.42639087       34.69558948        0.38513812        0.48056435        2.66000000        2.02037036
    23.49572286       34.76350706        0.38710134        0.47982181        2.66000000        2.01744090
    23.56495771       34.83142465        0.38906605        0.47907772        2.66000000        2.01451461
    23.63409601       34.89934224        0.39103223        0.47833206        2.66000000        2.01159147
    23.70313833       34.96725982        0.39299987        0.47758484        2.66000000        2.00867146
    23.77208527       35.03517741        0.39496897        0.47683603        2.66000000        2.00575457
    23.84093737       35.10309500        0.39693953        0.47608565        2.66000000        2.00284079
    23.90969520       35.17101259        0.39891152        0.47533367        2.66000000        1.99993009
    23.97835929       35.23893017        0.40088495        0.47458009        2.66000000        1.99702246
    24.04693018       35.30684776        0.40285981        0.47382490        2.66000000        1.99411790
    24.11540840       35.37476535        0.40483608        0.47306810        2.66000000        1.99121637
    24.18379446       35.44268293        0.40681376        0.47230968        2.66000000        1.98831788
    24.25208888       35.51060052        0.40879285        0.47154962        2.66000000        1.98542240
    24.32029215       35.57851811        0.41077333        0.47078793        2.66000000        1.98252993
    24.38840476       35.64643569        0.41275519        0.47002460        2.66000000        1.97964044
    24.45642721       35.71435328        0.41473843        0.46925961        2.66000000        1.97675393
    24.52435996       35.78227087        0.41672304        0.46849296        2.66000000        1.97387038
    24.59220349       35.85018845        0.41870901        0.46772465        2.66000000        1.97098978
    24.65995825       35.91810604        0.42069634        0.46695466        2.66000000        1.96811212
    24.72762470       35.98602363        0.42268500        0.46618299        2.66000000        1.96523738
    24.79520328       36.05394121        0.42467500        0.46540963        2.66000000        1.96236555
    24.86269443       36.12185880        0.42666632        0.46463457        2.66000000        1.95949662
    24.93009859       36.18977639        0.42865897        0.46385781        2.66000000        1.95663057
    24.99741617       36.25769397        0.43065292        0.46307934        2.66000000        1.95376740
    25.06464758       36.32561156        0.43264817        0.46229915        2.66000000        1.95090709
    25.13179326       36.39352915        0.43464470        0.46151723        2.66000000        1.94804963
    25.19885358       36.46144673        0.43664253        0.46073358        2.66000000        1.94519501
    25.26582895       36.52936432        0.43864162        0.45994819        2.66000000        1.94234322
    25.33271977       36.59728191        0.44064198        0.45916105        2.66000000        1.93949424
    25.39952640       36.66519949        0.44264359        0.45837215        2.66000000        1.93664807
    25.46624923       36.73311708        0.44464644        0.45758149        2.66000000        1.93380469
    25.53288863       36.80103467        0.44665054        0.45678906        2.66000000        1.93096409
    25.59944496       36.86895226        0.44865586        0.45599485        2.66000000        1.92812627
    25.66591858       36.93686984        0.45066239        0.45519886        2.66000000        1.92529121
    25.73230985       37.00478743        0.45267014        0.45440108        2.66000000        1.92245890
    25.79861910       37.07270502        0.45467908        0.45360149        2.66000000        1.91962934
    25.86484669       37.14062260        0.45668922        0.45280010        2.66000000        1.91680250
    25.93099294       37.20854019        0.45870053        0.45199689        2.66000000        1.91397839
    25.99705817       37.27645778        0.46071302        0.45119186        2.66000000        1.91115698
    26.06304272       37.34437536        0.46272667        0.45038500        2.66000000        1.90833828
    26.12894691       37.41229295        0.46474146        0.44957630        2.66000000        1.90552228
    26.19477104       37.48021054        0.46675741        0.44876575        2.66000000        1.90270895
    26.26051542       37.54812812        0.46877448        0.44795336        2.66000000        1.89989830
    26.32618035       37.61604571        0.47079268        0.44713911        2.66000000        1.89709031
    26.39176613       37.68396330        0.47281199        0.44632298        2.66000000        1.89428498
    26.45727306       37.75188088        0.47483241        0.44550499        2.66000000        1.89148229
    26.52270140       37.81979847        0.47685392        0.44468511        2.66000000        1.88868224
    26.58805146       37.88771606        0.47887651        0.44386334        2.66000000        1.88588482
    26.65332350       37.95563364        0.48090018        0.44303968        2.66000000        1.88309001
    26.71851780       38.02355123        0.48292491        0.44221411        2.66000000        1.88029782
    26.78363461       38.09146882        0.48495070        0.44138663        2.66000000        1.87750824
    26.84867422       38.15938640        0.48697753        0.44055723        2.66000000        1.87472124
    26.91363686       38.22730399        0.48900540        0.43972590        2.66000000        1.87193684
    26.97852279       38.29522158        0.49103430        0.43889264        2.66000000        1.86915501
    27.04333226       38.36313916        0.49306421        0.43805743        2.66000000        1.86637575
    27.10806552       38.43105675        0.49509512        0.43722028        2.66000000        1.86359906
    27.17272280       38.49897434        0.49712704        0.43638116        2.66000000        1.86082492
    27.23730434       38.56689193        0.49915993        0.43554009        2.66000000        1.85805332
    27.30181036       38.63480951        0.50119380        0.43469704        2.66000000        1.85528427
    27.36624110       38.70272710        0.50322864        0.43385201        2.66000000        1.85251775
    27.43059677       38.77064469        0.50526443        0.43300499        2.66000000        1.84975375
    27.49487760       38.83856227        0.50730117        0.43215597        2.66000000        1.84699227
    27.55908379       38.90647986        0.50933884        0.43130496        2.66000000        1.84423330
    27.62321556       38.97439745        0.51137744        0.43045193        2.66000000        1.84147683
    27.68727310       39.04231503        0.51341695        0.42959688        2.66000000        1.83872286
    27.75125663       39.11023262        0.51545737        0.42873981        2.66000000        1.83597138
    27.81516634       39.17815021        0.51749868        0.42788070        2.66000000        1.83322238
    27.87900242       39.24606779        0.51954087        0.42701955        2.66000000        1.83047585
    27.94276506       39.31398538        0.52158394        0.42615634        2.66000000        1.82773180
    28.00645445       39.38190297        0.52362787        0.42529109        2.66000000        1.82499021
    28.07007076       39.44982055        0.52567265        0.42442376        2.66000000        1.82225107
    28.13361418       39.51773814        0.52771827        0.42355436        2.66000000        1.81951438
    28.19708489       39.58565573        0.52976473        0.42268288        2.66000000        1.81678014
    28.26048304       39.65357331        0.53181201        0.42180932        2.66000000        1.81404833
    28.32380882       39.72149090        0.53386010        0.42093365        2.66000000        1.81131895
    28.38706237       39.78940849        0.53590899        0.42005588        2.66000000        1.80859200
    28.45024387       39.85732607        0.53795867        0.41917600        2.66000000        1.80586746
    28.51335347       39.92524366        0.54000913        0.41829399        2.66000000        1.80314534
    28.57639133       39.99316125        0.54206036        0.41740985        2.66000000        1.80042562
    28.63935758       40.06107884        0.54411235        0.41652358        2.66000000        1.79770831
    28.70225238       40.12899642        0.54616508        0.41563517        2.66000000        1.79499339
    28.76507588       40.19691401        0.54821856        0.41474459        2.66000000        1.79228086
    28.82782820       40.26483160        0.55027276        0.41385186        2.66000000        1.78957071
    28.89050950       40.33274918        0.55232767        0.41295696        2.66000000        1.78686294
    28.95311989       40.40066677        0.55438330        0.41205988        2.66000000        1.78415755
    29.01565951       40.46858436        0.55643961        0.41116061        2.66000000        1.78145452
    29.07812849       40.53650194        0.55849662        0.41025915        2.66000000        1.77875386
    29.14052694       40.60441953        0.56055429        0.40935549        2.66000000        1.77605555
    29.20285500       40.67233712        0.56261263        0.40844962        2.66000000        1.77335959
    29.26511277       40.74025470        0.56467162        0.40754153        2.66000000        1.77066598
    29.32730038       40.80817229        0.56673125        0.40663121        2.66000000        1.76797472
    29.38941792       40.87608988        0.56879152        0.40571865        2.66000000        1.76528578
    29.45146552       40.94400746        0.57085240        0.40480385        2.66000000        1.76259918
    29.51344327       41.01192505        0.57291389        0.40388680        2.66000000        1.75991491
    29.57535127       41.07984264        0.57497598        0.40296748        2.66000000        1.75723296
    29.63718963       41.14776022        0.57703866        0.40204590        2.66000000        1.75455333
    29.69895844       41.21567781        0.57910192        0.40112204        2.66000000        1.75187601
    29.76065779       41.28359540        0.58116574        0.40019589        2.66000000        1.74920099
    29.82228778       41.35151298        0.58323012        0.39926745        2.66000000        1.74652829
    29.88384849       41.41943057        0.58529504        0.39833670        2.66000000        1.74385787
    29.94534000       41.48734816        0.58736049        0.39740365        2.66000000        1.74118976
    30.00676241       41.55526574        0.58942647        0.39646827        2.66000000        1.73852393
    30.06811577       41.62318333        0.59149296        0.39553056        2.66000000        1.73586039
    30.12940018       41.69110092        0.59355995        0.39459051        2.66000000        1.73319913
    30.19061571       41.75901851        0.59562743        0.39364811        2.66000000        1.73054015
    30.25176242       41.82693609        0.59769539        0.39270336        2.66000000        1.72788344
    30.31284038       41.89485368        0.59976382        0.39175625        2.66000000        1.72522900
    30.37384966       41.96277127        0.60183270        0.39080676        2.66000000        1.72257682
    30.43479032       42.03068885        0.60390203        0.38985489        2.66000000        1.71992691
    30.49566242       42.09860644        0.60597180        0.38890063        2.66000000        1.71727925
    30.55646602       42.16652403        0.60804199        0.38794396        2.66000000        1.71463384
    30.61720117       42.23444161        0.61011259        0.38698489        2.66000000        1.71199069
    30.67786793       42.30235920        0.61218360        0.38602340        2.66000000        1.70934977
    30.73846633       42.37027679        0.61425499        0.38505948        2.66000000        1.70671110
    30.79899644       42.43819437        0.61632677        0.38409313        2.66000000        1.70407467
    30.85945829       42.50611196        0.61839891        0.38312433        2.66000000        1.70144046
    30.91985192       42.57402955        0.62047142        0.38215308        2.66000000        1.69880849
    30.98017738       42.64194713        0.62254426        0.38117936        2.66000000        1.69617875
    31.04043470       42.70986472        0.62461745        0.38020317        2.66000000        1.69355122
    31.10062391       42.77778231        0.62669096        0.37922449        2.66000000        1.69092592
    31.16074505       42.84569989        0.62876478        0.37824333        2.66000000        1.68830283
    31.22079815       42.91361748        0.63083891        0.37725966        2.66000000        1.68568195
    31.28078322       42.98153507        0.63291333        0.37627348        2.66000000        1.68306329
    31.34070030       43.04945265        0.63498802        0.37528479        2.66000000        1.68044682
    31.40054941       43.11737024        0.63706299        0.37429356        2.66000000        1.67783256
    31.46033056       43.18528783        0.63913821        0.37329980        2.66000000        1.67522050
    31.52004378       43.25320541        0.64121369        0.37230348        2.66000000        1.67261063
    31.57968908       43.32112300        0.64328939        0.37130461        2.66000000        1.67000296
    31.63926647       43.38904059        0.64536532        0.37030317        2.66000000        1.66739747
    31.69877595       43.45695818        0.64744147        0.36929915        2.66000000        1.66479417
    31.75821754       43.52487576        0.64951781        0.36829255        2.66000000        1.66219305
    31.81759125       43.59279335        0.65159435        0.36728335        2.66000000        1.65959411
    31.87689706       43.66071094        0.65367107        0.36627154        2.66000000        1.65699735
    31.93613500       43.72862852        0.65574795        0.36525712        2.66000000        1.65440276
    31.99530504       43.79654611        0.65782499        0.36424007        2.66000000        1.65181035
    32.05440719       43.86446370        0.65990218        0.36322039        2.66000000        1.64922009
    32.11344145       43.93238128        0.66197951        0.36219805        2.66000000        1.64663201
    32.17240780       44.00029887        0.66405695        0.36117307        2.66000000        1.64404608
    32.23130623       44.06821646        0.66613451        0.36014541        2.66000000        1.64146232
    32.29013672       44.13613404        0.66821217        0.35911508        2.66000000        1.63888071
    32.34889927       44.20405163        0.67028992        0.35808206        2.66000000        1.63630125
    32.40759386       44.27196922        0.67236775        0.35704635        2.66000000        1.63372395
    32.46622046       44.33988680        0.67444564        0.35600793        2.66000000        1.63114879
    32.52477905       44.40780439        0.67652359        0.35496679        2.66000000        1.62857578
    32.58326961       44.47572198        0.67860159        0.35392293        2.66000000        1.62600491
    32.64169210       44.54363956        0.68067962        0.35287633        2.66000000        1.62343618
    32.70004651       44.61155715        0.68275767        0.35182697        2.66000000        1.62086959
    32.75833280       44.67947474        0.68483573        0.35077486        2.66000000        1.61830513
    32.81655093       44.74739232        0.68691379        0.34971999        2.66000000        1.61574280
    32.87470088       44.81530991        0.68899184        0.34866233        2.66000000        1.61318261
    32.93278259       44.88322750        0.69106987        0.34760188        2.66000000        1.61062454
    32.99079604       44.95114509        0.69314786        0.34653863        2.66000000        1.60806860
    33.04874118       45.01906267        0.69522580        0.34547257        2.66000000        1.60551478
    33.10661796       45.08698026        0.69730369        0.34440368        2.66000000        1.60296307
    33.16442634       45.15489785        0.69938151        0.34333196        2.66000000        1.60041349
    33.22216627       45.22281543        0.70145925        0.34225740        2.66000000        1.59786603
    33.27983770       45.29073302        0.70353690        0.34117999        2.66000000        1.59532067
    33.33744057       45.35865061        0.70561444        0.34009970        2.66000000        1.59277743
    33.39497484       45.42656819        0.70769188        0.33901655        2.66000000        1.59023629
    33.45244043       45.49448578        0.70976918        0.33793050        2.66000000        1.58769727
    33.50983730       45.56240337        0.71184635        0.33684155        2.66000000        1.58516034
    33.56716538       45.63032095        0.71392337        0.33574969        2.66000000        1.58262552
    33.62442461       45.69823854        0.71600023        0.33465492        2.66000000        1.58009280
    33.68161492       45.76615613        0.71807693        0.33355720        2.66000000        1.57756218
    33.73873624       45.83407371        0.72015343        0.33245655        2.66000000        1.57503365
    33.79578850       45.90199130        0.72222975        0.33135294        2.66000000        1.57250722
    33.85277163       45.96990889        0.72430586        0.33024636        2.66000000        1.56998287
    33.90968556       46.03782647        0.72638175        0.32913681        2.66000000        1.56746062
    33.96653021       46.10574406        0.72845742        0.32802426        2.66000000        1.56494046
    34.02330550       46.17366165        0.73053285        0.32690871        2.66000000        1.56242238
    34.08001134       46.24157923        0.73260802        0.32579015        2.66000000        1.55990638
    34.13664766       46.30949682        0.73468293        0.32466857        2.66000000        1.55739247
    34.19321438       46.37741441        0.73675758        0.32354394        2.66000000        1.55488064
    34.24971139       46.44533199        0.73883193        0.32241627        2.66000000        1.55237088
    34.30613862       46.51324958        0.74090599        0.32128554        2.66000000        1.54986321
    34.36249598       46.58116717        0.74297974        0.32015174        2.66000000        1.54735760
    34.41878336       46.64908476        0.74505317        0.31901485        2.66000000        1.54485407
    34.47500067       46.71700234        0.74712628        0.31787487        2.66000000        1.54235261
    34.53114782       46.78491993        0.74919904        0.31673178        2.66000000        1.53985322
    34.58722471       46.85283752        0.75127144        0.31558557        2.66000000        1.53735590
    34.64323123       46.92075510        0.75334349        0.31443622        2.66000000        1.53486064
    34.69916727       46.98867269        0.75541515        0.31328373        2.66000000        1.53236745
    34.75503274       47.05659028        0.75748643        0.31212808        2.66000000        1.52987632
    34.81082753       47.12450786        0.75955731        0.31096927        2.66000000        1.52738725
    34.86655151       47.19242545        0.76162778        0.30980727        2.66000000        1.52490024
    34.92220459       47.26034304        0.76369782        0.30864207        2.66000000        1.52241529
    34.97778665       47.32826062        0.76576744        0.30747367        2.66000000        1.51993239
    35.03329756       47.39617821        0.76783660        0.30630205        2.66000000        1.51745155
    35.08873722       47.46409580        0.76990532        0.30512720        2.66000000        1.51497276
    35.14410549       47.53201338        0.77197356        0.30394910        2.66000000        1.51249602
    35.19940226       47.59993097        0.77404132        0.30276774        2.66000000        1.51002133
    35.25462740       47.66784856        0.77610860        0.30158311        2.66000000        1.50754869
    35.30978078       47.73576614        0.77817537        0.30039520        2.66000000        1.50507810
    35.36486228       47.80368373        0.78024163        0.29920399        2.66000000        1.50260956
    35.41987176       47.87160132        0.78230736        0.29800946        2.66000000        1.50014305
    35.47480909       47.93951890        0.78437256        0.29681162        2.66000000        1.49767859
    35.52967413       48.00743649        0.78643721        0.29561044        2.66000000        1.49521618
    35.58446674       48.07535408        0.78850130        0.29440591        2.66000000        1.49275580
    35.63918678       48.14327166        0.79056482        0.29319801        2.66000000        1.49029746
    35.69383412       48.21118925        0.79262776        0.29198674        2.66000000        1.48784116
    35.74840860       48.27910684        0.79469010        0.29077208        2.66000000        1.48538689
    35.80291008       48.34702443        0.79675184        0.28955401        2.66000000        1.48293466
    35.85733841       48.41494201        0.79881296        0.28833253        2.66000000        1.48048446
    35.91169344       48.48285960        0.80087346        0.28710761        2.66000000        1.47803630
    35.96597502       48.55077719        0.80293331        0.28587925        2.66000000        1.47559016
    36.02018298       48.61869477        0.80499252        0.28464743        2.66000000        1.47314606
    36.07431718       48.68661236        0.80705106        0.28341214        2.66000000        1.47070398
    36.12837746       48.75452995        0.80910893        0.28217336        2.66000000        1.46826393
    36.18236364       48.82244753        0.81116611        0.28093108        2.66000000        1.46582591
    36.23627557       48.89036512        0.81322259        0.27968529        2.66000000        1.46338991
    36.29011308       48.95828271        0.81527837        0.27843596        2.66000000        1.46095594
    36.34387601       49.02620029        0.81733343        0.27718310        2.66000000        1.45852399
    36.39756417       49.09411788        0.81938776        0.27592667        2.66000000        1.45609407
    36.45117740       49.16203547        0.82144134        0.27466667        2.66000000        1.45366616
    36.50471553       49.22995305        0.82349417        0.27340309        2.66000000        1.45124027
    36.55817837       49.29787064        0.82554624        0.27213590        2.66000000        1.44881640
    36.61156575       49.36578823        0.82759753        0.27086510        2.66000000        1.44639455
    36.66487748       49.43370581        0.82964803        0.26959067        2.66000000        1.44397472
    36.71811339       49.50162340        0.83169773        0.26831259        2.66000000        1.44155690
    36.77127327       49.56954099        0.83374662        0.26703085        2.66000000        1.43914110
    36.82435695       49.63745857        0.83579469        0.26574544        2.66000000        1.43672731
    36.87736423       49.70537616        0.83784193        0.26445633        2.66000000        1.43431554
    36.93029493       49.77329375        0.83988832        0.26316352        2.66000000        1.43190577
    36.98314884       49.84121134        0.84193385        0.26186699        2.66000000        1.42949802
    37.03592577       49.90912892        0.84397851        0.26056672        2.66000000        1.42709228
    37.08862552       49.97704651        0.84602230        0.25926271        2.66000000        1.42468855
    37.14124788       50.04496410        0.84806519        0.25795492        2.66000000        1.42228682
    37.19379265       50.11288168        0.85010718        0.25664335        2.66000000        1.41988711
    37.24625963       50.18079927        0.85214826        0.25532799        2.66000000        1.41748940
    37.29864860       50.24871686        0.85418841        0.25400881        2.66000000        1.41509370
    37.35095935       50.31663444        0.85622763        0.25268580        2.66000000        1.41270000
    37.40319167       50.38455203        0.85826589        0.25135895        2.66000000        1.41030831
    37.45534535       50.45246962        0.86030320        0.25002823        2.66000000        1.40791862
    37.50742015       50.52038720        0.86233954        0.24869364        2.66000000        1.40553093
    37.55941588       50.58830479        0.86437489        0.24735515        2.66000000        1.40314525
    37.61133229       50.65622238        0.86640926        0.24601276        2.66000000        1.40076157
    37.66316916       50.72413996        0.86844261        0.24466644        2.66000000        1.39837989
    37.71492627       50.79205755        0.87047495        0.24331618        2.66000000        1.39600021
    37.76660339       50.85997514        0.87250626        0.24196196        2.66000000        1.39362254
    37.81820027       50.92789272        0.87453654        0.24060376        2.66000000        1.39124686
    37.86971669       50.99581031        0.87656576        0.23924157        2.66000000        1.38887318
    37.92115242       51.06372790        0.87859392        0.23787538        2.66000000        1.38650149
    37.97250719       51.13164548        0.88062101        0.23650516        2.66000000        1.38413181
    38.02378079       51.19956307        0.88264701        0.23513089        2.66000000        1.38176412
    38.07497295       51.26748066        0.88467191        0.23375257        2.66000000        1.37939843
    38.12608344       51.33539824        0.88669571        0.23237017        2.66000000        1.37703474
    38.17711200       51.40331583        0.88871839        0.23098368        2.66000000        1.37467304
    38.22805837       51.47123342        0.89073994        0.22959308        2.66000000        1.37231333
    38.27892231       51.53915101        0.89276035        0.22819835        2.66000000        1.36995562
    38.32970356       51.60706859        0.89477961        0.22679948        2.66000000        1.36759991
    38.38040186       51.67498618        0.89679770        0.22539644        2.66000000        1.36524618
    38.43101693       51.74290377        0.89881461        0.22398923        2.66000000        1.36289445
    38.48154852       51.81082135        0.90083034        0.22257781        2.66000000        1.36054472
    38.53199636       51.87873894        0.90284487        0.22116218        2.66000000        1.35819698
    38.58236019       51.94665653        0.90485819        0.21974231        2.66000000        1.35585122
    38.63263971       52.01457411        0.90687029        0.21831820        2.66000000        1.35350746
    38.68283467       52.08249170        0.90888116        0.21688981        2.66000000        1.35116570
    38.73294477       52.15040929        0.91089078        0.21545714        2.66000000        1.34882592
    38.78296975       52.21832687        0.91289915        0.21402016        2.66000000        1.34648813
    38.83290931       52.28624446        0.91490626        0.21257885        2.66000000        1.34415234
    38.88276317       52.35416205        0.91691208        0.21113321        2.66000000        1.34181853
    38.93253105       52.42207963        0.91891662        0.20968320        2.66000000        1.33948672
    38.98221264       52.48999722        0.92091986        0.20822881        2.66000000        1.33715689
    39.03180765       52.55791481        0.92292178        0.20677002        2.66000000        1.33482906
    39.08131579       52.62583239        0.92492238        0.20530681        2.66000000        1.33250321
    39.13073676       52.69374998        0.92692165        0.20383917        2.66000000        1.33017935
    39.18007026       52.76166757        0.92891958        0.20236707        2.66000000        1.32785748
    39.22931597       52.82958515        0.93091614        0.20089050        2.66000000        1.32553760
    39.27847358       52.89750274        0.93291134        0.19940943        2.66000000        1.32321971
    39.32754281       52.96542033        0.93490516        0.19792384        2.66000000        1.32090381
    39.37652331       53.03333791        0.93689759        0.19643373        2.66000000        1.31858990
    39.42541478       53.10125550        0.93888862        0.19493906        2.66000000        1.31627797
    39.47421690       53.16917309        0.94087824        0.19343981        2.66000000        1.31396804
    39.52292935       53.23709068        0.94286643        0.19193598        2.66000000        1.31166009
    39.57155180       53.30500826        0.94485318        0.19042753        2.66000000        1.30935413
    39.62008392       53.37292585        0.94683849        0.18891445        2.66000000        1.30705016
    39.66852538       53.44084344        0.94882235        0.18739672        2.66000000        1.30474818
    39.71687584       53.50876102        0.95080473        0.18587431        2.66000000        1.30244818
    39.76513498       53.57667861        0.95278563        0.18434721        2.66000000        1.30015018
    39.81330245       53.64459620        0.95476504        0.18281540        2.66000000        1.29785416
    39.86137790       53.71251378        0.95674295        0.18127885        2.66000000        1.29556013
    39.90936099       53.78043137        0.95871935        0.17973755        2.66000000        1.29326809
    39.95725137       53.84834896        0.96069422        0.17819147        2.66000000        1.29097804
    40.00504870       53.91626654        0.96266755        0.17664060        2.66000000        1.28868998
    40.05275260       53.98418413        0.96463934        0.17508491        2.66000000        1.28640391
    40.10036273       54.05210172        0.96660957        0.17352438        2.66000000        1.28411982
    40.14787873       54.12001930        0.96857823        0.17195898        2.66000000        1.28183773
    40.19530022       54.18793689        0.97054530        0.17038871        2.66000000        1.27955763
    40.24262684       54.25585448        0.97251079        0.16881353        2.66000000        1.27727951
    40.28985823       54.32377206        0.97447467        0.16723343        2.66000000        1.27500339
    40.33699400       54.39168965        0.97643694        0.16564839        2.66000000        1.27272925
    40.38403378       54.45960724        0.97839758        0.16405837        2.66000000        1.27045711
    40.43097719       54.52752482        0.98035659        0.16246336        2.66000000        1.26818696
    40.47782385       54.59544241        0.98231395        0.16086335        2.66000000        1.26591880
    40.52457336       54.66336000        0.98426965        0.15925829        2.66000000        1.26365263
    40.57122534       54.73127759        0.98622368        0.15764818        2.66000000        1.26138846
    40.61777940       54.79919517        0.98817603        0.15603299        2.66000000        1.25912627
    40.66423513       54.86711276        0.99012668        0.15441270        2.66000000        1.25686608
    40.71059214       54.93503035        0.99207564        0.15278729        2.66000000        1.25460788
    40.75685002       55.00294793        0.99402288        0.15115672        2.66000000        1.25235168
    40.80300837       55.07086552        0.99596839        0.14952099        2.66000000        1.25009747
    40.84906677       55.13878311        0.99791217        0.14788006        2.66000000        1.24784525
    40.89502482       55.20670069        0.99985420        0.14623392        2.66000000        1.24559504
    40.94088209       55.27461828        1.00179447        0.14458254        2.66000000        1.24334681
    40.98663816       55.34253587        1.00373297        0.14292589        2.66000000        1.24110058
    41.03229262       55.41045345        1.00566969        0.14126395        2.66000000        1.23885635
    41.07784502       55.47837104        1.00760462        0.13959671        2.66000000        1.23661412
    41.12329494       55.54628863        1.00953774        0.13792413        2.66000000        1.23437388
    41.16864195       55.61420621        1.01146906        0.13624619        2.66000000        1.23213565
    41.21388561       55.68212380        1.01339854        0.13456287        2.66000000        1.22989941
    41.25902546       55.75004139        1.01532620        0.13287414        2.66000000        1.22766517
    41.30406108       55.81795897        1.01725200        0.13117998        2.66000000        1.22543294
    41.34899200       55.88587656        1.01917595        0.12948037        2.66000000        1.22320270
    41.39381777       55.95379415        1.02109803        0.12777527        2.66000000        1.22097447
    41.43853795       56.02171173        1.02301822        0.12606467        2.66000000        1.21874824
    41.48315206       56.08962932        1.02493653        0.12434854        2.66000000        1.21652401
    41.52765964       56.15754691        1.02685294        0.12262685        2.66000000        1.21430179
    41.57206022       56.22546449        1.02876743        0.12089958        2.66000000        1.21208157
    41.61635333       56.29338208        1.03068000        0.11916671        2.66000000        1.20986336
    41.66053850       56.36129967        1.03259064        0.11742821        2.66000000        1.20764716
    41.70461524       56.42921726        1.03449933        0.11568405        2.66000000        1.20543296
    41.74858307       56.49713484        1.03640606        0.11393421        2.66000000        1.20322077
    41.79244150       56.56505243        1.03831082        0.11217865        2.66000000        1.20101059
    41.83619003       56.63297002        1.04021361        0.11041737        2.66000000        1.19880242
    41.87982818       56.70088760        1.04211441        0.10865032        2.66000000        1.19659627
    41.92335545       56.76880519        1.04401321        0.10687749        2.66000000        1.19439212
    41.96677132       56.83672278        1.04590999        0.10509884        2.66000000        1.19218999
    42.01007529       56.90464036        1.04780476        0.10331436        2.66000000        1.18998988
    42.05326685       56.97255795        1.04969749        0.10152400        2.66000000        1.18779178
    42.09634548       57.04047554        1.05158818        0.09972776        2.66000000        1.18559569
    42.13931065       57.10839312        1.05347681        0.09792559        2.66000000        1.18340163
    42.18216186       57.17631071        1.05536338        0.09611748        2.66000000        1.18120958
    42.22489855       57.24422830        1.05724787        0.09430339        2.66000000        1.17901956
    42.26752021       57.31214588        1.05913028        0.09248329        2.66000000        1.17683155
    42.31002628       57.38006347        1.06101059        0.09065717        2.66000000        1.17464557
    42.35241624       57.44798106        1.06288879        0.08882499        2.66000000        1.17246161
    42.39468953       57.51589864        1.06476487        0.08698673        2.66000000        1.17027967
    42.43684560       57.58381623        1.06663882        0.08514235        2.66000000        1.16809976
    42.47888390       57.65173382        1.06851062        0.08329182        2.66000000        1.16592188
    42.52080386       57.71965140        1.07038028        0.08143513        2.66000000        1.16374603
    42.56260492       57.78756899        1.07224777        0.07957224        2.66000000        1.16157221
    42.60428652       57.85548658        1.07411309        0.07770312        2.66000000        1.15940042
    42.64584807       57.92340416        1.07597623        0.07582774        2.66000000        1.15723066
    42.68728899       57.99132175        1.07783717        0.07394608        2.66000000        1.15506294
    42.72860871       58.05923934        1.07969591        0.07205810        2.66000000        1.15289725
    42.76980663       58.12715693        1.08155242        0.07016378        2.66000000        1.15073360
    42.81088217       58.19507451        1.08340672        0.06826309        2.66000000        1.14857199
    42.85183472       58.26299210        1.08525877        0.06635599        2.66000000        1.14641242
    42.89266368       58.33090969        1.08710858        0.06444246        2.66000000        1.14425489
    42.93336845       58.39882727        1.08895612        0.06252247        2.66000000        1.14209941
    42.97394841       58.46674486        1.09080140        0.06059598        2.66000000        1.13994597
    43.01440294       58.53466245        1.09264439        0.05866297        2.66000000        1.13779458
    43.05473142       58.60258003        1.09448510        0.05672340        2.66000000        1.13564523
    43.09493323       58.67049762        1.09632350        0.05477725        2.66000000        1.13349794
    43.13500773       58.73841521        1.09815959        0.05282449        2.66000000        1.13135270
    43.17495428       58.80633279        1.09999335        0.05086508        2.66000000        1.12920951
    43.21477225       58.87425038        1.10182479        0.04889899        2.66000000        1.12706837
    43.25446097       58.94216797        1.10365387        0.04692620        2.66000000        1.12492930
    43.29401981       59.01008555        1.10548061        0.04494666        2.66000000        1.12279228
    43.33344809       59.07800314        1.10730497        0.04296035        2.66000000        1.12065732
    43.37274516       59.14592073        1.10912696        0.04096724        2.66000000        1.11852443
    43.41191035       59.21383831        1.11094657        0.03896730        2.66000000        1.11639360
    43.45094299       59.28175590        1.11276377        0.03696048        2.66000000        1.11426483
    43.48984238       59.34967349        1.11457857        0.03494677        2.66000000        1.11213814
    43.52860785       59.41759107        1.11639095        0.03292612        2.66000000        1.11001352
    43.56723870       59.48550866        1.11820089        0.03089851        2.66000000        1.10789097
    43.60573425       59.55342625        1.12000840        0.02886390        2.66000000        1.10577049
    43.64409377       59.62134384        1.12181346        0.02682226        2.66000000        1.10365209
    43.68231658       59.68926142        1.12361606        0.02477356        2.66000000        1.10153577
    43.72040194       59.75717901        1.12541618        0.02271776        2.66000000        1.09942153
    43.75834915       59.82509660        1.12721383        0.02065483        2.66000000        1.09730937
    43.79615748       59.89301418        1.12900898        0.01858473        2.66000000        1.09519930
    43.83382619       59.96093177        1.13080163        0.01650744        2.66000000        1.09309132
    43.87135455       60.02884936        1.13259176        0.01442292        2.66000000        1.09098543
    43.90874181       60.09676694        1.13437937        0.01233112        2.66000000        1.08888163
    43.94598723       60.16468453        1.13616445        0.01023203        2.66000000        1.08677992
    43.98309004       60.23260212        1.13794698        0.00812560        2.66000000        1.08468031
    44.02004950       60.30051970        1.13972696        0.00601180        2.66000000        1.08258280
    44.05686482       60.36843729        1.14150436        0.00389060        2.66000000        1.08048739
    44.09353523       60.43635488        1.14327920        0.00176196        2.66000000        1.07839409
    44.13005996       60.50427246        1.14505144       -0.00037416        2.66000000        1.07630289
    44.16643821       60.57219005        1.14682109       -0.00251779        2.66000000        1.07421381
    44.20266920       60.64010764        1.14858814       -0.00466897        2.66000000        1.07212683
    44.23875211       60.70802522        1.15035256       -0.00682773        2.66000000        1.07004197
    44.27468616       60.77594281        1.15211435       -0.00899411        2.66000000        1.06795923
    44.31047051       60.84386040        1.15387351       -0.01116814        2.66000000        1.06587861
    44.34610436       60.91177798        1.15563002       -0.01334986        2.66000000        1.06380011
    44.38158688       60.97969557        1.15738386       -0.01553931        2.66000000        1.06172373
    44.41691723       61.04761316        1.15913504       -0.01773653        2.66000000        1.05964949
    44.45209457       61.11553074        1.16088354       -0.01994155        2.66000000        1.05757737
    44.48711806       61.18344833        1.16262935       -0.02215440        2.66000000        1.05550739
    44.52198684       61.25136592        1.16437245       -0.02437513        2.66000000        1.05343955
    44.55670005       61.31928351        1.16611285       -0.02660378        2.66000000        1.05137384
    44.59125682       61.38720109        1.16785052       -0.02884037        2.66000000        1.04931028
    44.62565629       61.45511868        1.16958546       -0.03108496        2.66000000        1.04724887
    44.65989756       61.52303627        1.17131766       -0.03333757        2.66000000        1.04518960
    44.69397974       61.59095385        1.17304710       -0.03559825        2.66000000        1.04313248
    44.72790195       61.65887144        1.17477379       -0.03786703        2.66000000        1.04107752
    44.76166327       61.72678903        1.17649770       -0.04014396        2.66000000        1.03902472
    44.79526279       61.79470661        1.17821882       -0.04242906        2.66000000        1.03697408
    44.82869959       61.86262420        1.17993716       -0.04472239        2.66000000        1.03492560
    44.86197276       61.93054179        1.18165269       -0.04702398        2.66000000        1.03287929
    44.89508134       61.99845937        1.18336540       -0.04933386        2.66000000        1.03083516
    44.92802441       62.06637696        1.18507529       -0.05165208        2.66000000        1.02879319
    44.96080101       62.13429455        1.18678235       -0.05397869        2.66000000        1.02675341
    44.99341017       62.20221213        1.18848656       -0.05631371        2.66000000        1.02471581
    45.02585095       62.27012972        1.19018792       -0.05865719        2.66000000        1.02268039
    45.05812235       62.33804731        1.19188641       -0.06100917        2.66000000        1.02064716
    45.09022341       62.40596489        1.19358203       -0.06336968        2.66000000        1.01861612
    45.12215313       62.47388248        1.19527476       -0.06573878        2.66000000        1.01658728
    45.15391051       62.54180007        1.19696459       -0.06811650        2.66000000        1.01456063
    45.18549455       62.60971765        1.19865152       -0.07050289        2.66000000        1.01253619
    45.21690422       62.67763524        1.20033553       -0.07289797        2.66000000        1.01051396
    45.24813852       62.74555283        1.20201662       -0.07530180        2.66000000        1.00849393
    45.27919640       62.81347041        1.20369477       -0.07771442        2.66000000        1.00647612
    45.31007682       62.88138800        1.20536997       -0.08013587        2.66000000        1.00446053
    45.34077874       62.94930559        1.20704222       -0.08256619        2.66000000        1.00244716
    45.37130110       63.01722318        1.20871150       -0.08500543        2.66000000        1.00043601
    45.40164283       63.08514076        1.21037781       -0.08745361        2.66000000        0.99842710
    45.43180285       63.15305835        1.21204112       -0.08991080        2.66000000        0.99642042
    45.46178008       63.22097594        1.21370144       -0.09237703        2.66000000        0.99441597
    45.49157343       63.28889352        1.21535876       -0.09485235        2.66000000        0.99241377
    45.52118179       63.35681111        1.21701305       -0.09733679        2.66000000        0.99041382
    45.55060405       63.42472870        1.21866432       -0.09983040        2.66000000        0.98841611
    45.57983909       63.49264628        1.22031255       -0.10233323        2.66000000        0.98642066
    45.60888578       63.56056387        1.22195773       -0.10484532        2.66000000        0.98442747
    45.63774298       63.62848146        1.22359986       -0.10736671        2.66000000        0.98243654
    45.66640953       63.69639904        1.22523892       -0.10989745        2.66000000        0.98044788
    45.69488428       63.76431663        1.22687490       -0.11243758        2.66000000        0.97846149
    45.72316606       63.83223422        1.22850779       -0.11498714        2.66000000        0.97647738
    45.75125369       63.90015180        1.23013759       -0.11754619        2.66000000        0.97449555
    45.77914597       63.96806939        1.23176428       -0.12011476        2.66000000        0.97251600
    45.80684171       64.03598698        1.23338785       -0.12269291        2.66000000        0.97053875
    45.83433971       64.10390456        1.23500829       -0.12528067        2.66000000        0.96856379
    45.86163873       64.17182215        1.23662560       -0.12787809        2.66000000        0.96659113
    45.88873754       64.23973974        1.23823976       -0.13048522        2.66000000        0.96462077
    45.91563492       64.30765732        1.23985076       -0.13310211        2.66000000        0.96265273
    45.94232960       64.37557491        1.24145859       -0.13572879        2.66000000        0.96068700
    45.96882033       64.44349250        1.24306324       -0.13836532        2.66000000        0.95872358
    45.99510583       64.51141009        1.24466471       -0.14101174        2.66000000        0.95676249
    46.02118482       64.57932767        1.24626298       -0.14366810        2.66000000        0.95480374
    46.04705600       64.64724526        1.24785805       -0.14633445        2.66000000        0.95284731
    46.07271807       64.71516285        1.24944989       -0.14901083        2.66000000        0.95089322
    46.09816971       64.78308043        1.25103851       -0.15169729        2.66000000        0.94894148
    46.12340959       64.85099802        1.25262389       -0.15439388        2.66000000        0.94699209
    46.14843637       64.91891561        1.25420603       -0.15710064        2.66000000        0.94504506
    46.17324871       64.98683319        1.25578491       -0.15981763        2.66000000        0.94310038
    46.19784524       65.05475078        1.25736052       -0.16254489        2.66000000        0.94115807
    46.22222459       65.12266837        1.25893285       -0.16528246        2.66000000        0.93921814
    46.24638536       65.19058595        1.26050190       -0.16803040        2.66000000        0.93728058
    46.27032617       65.25850354        1.26206765       -0.17078876        2.66000000        0.93534540
    46.29404560       65.32642113        1.26363009       -0.17355758        2.66000000        0.93341261
    46.31754223       65.39433871        1.26518922       -0.17633691        2.66000000        0.93148221
    46.34081462       65.46225630        1.26674502       -0.17912680        2.66000000        0.92955422
    46.36386134       65.53017389        1.26829749       -0.18192731        2.66000000        0.92762863
    46.38668092       65.59809147        1.26984661       -0.18473847        2.66000000        0.92570545
    46.40927188       65.66600906        1.27139237       -0.18756034        2.66000000        0.92378469
    46.43163275       65.73392665        1.27293477       -0.19039297        2.66000000        0.92186635
    46.45376202       65.80184423        1.27447379       -0.19323641        2.66000000        0.91995044
    46.47565819       65.86976182        1.27600943       -0.19609070        2.66000000        0.91803697
    46.49731973       65.93767941        1.27754167       -0.19895590        2.66000000        0.91612594
    46.51874511       66.00559699        1.27907050       -0.20183206        2.66000000        0.91421736
    46.53993277       66.07351458        1.28059592       -0.20471922        2.66000000        0.91231123
    46.56088116       66.14143217        1.28211792       -0.20761745        2.66000000        0.91040756
    46.58158869       66.20934976        1.28363648       -0.21052678        2.66000000        0.90850636
    46.60205377       66.27726734        1.28515160       -0.21344727        2.66000000        0.90660763
    46.62227480       66.34518493        1.28666326       -0.21637897        2.66000000        0.90471138
    46.64225016       66.41310252        1.28817146       -0.21932193        2.66000000        0.90281762
    46.66197822       66.48102010        1.28967618       -0.22227620        2.66000000        0.90092635
    46.68145733       66.54893769        1.29117742       -0.22524183        2.66000000        0.89903759
    46.70068583       66.61685528        1.29267516       -0.22821887        2.66000000        0.89715133
    46.71966203       66.68477286        1.29416941       -0.23120738        2.66000000        0.89526758
    46.73838426       66.75269045        1.29566014       -0.23420741        2.66000000        0.89338635
    46.75685080       66.82060804        1.29714734       -0.23721900        2.66000000        0.89150765
    46.77505993       66.88852562        1.29863101       -0.24024222        2.66000000        0.88963149
    46.79300992       66.95644321        1.30011114       -0.24327710        2.66000000        0.88775787
    46.81069902       67.02436080        1.30158772       -0.24632370        2.66000000        0.88588680
    46.82812545       67.09227838        1.30306073       -0.24938208        2.66000000        0.88401828
    46.84528744       67.16019597        1.30453018       -0.25245229        2.66000000        0.88215233
    46.86218319       67.22811356        1.30599603       -0.25553437        2.66000000        0.88028894
    46.87881088       67.29603114        1.30745830       -0.25862838        2.66000000        0.87842814
    46.89516868       67.36394873        1.30891697       -0.26173437        2.66000000        0.87656992
    46.91125475       67.43186632        1.31037202       -0.26485240        2.66000000        0.87471430
    46.92706723       67.49978390        1.31182345       -0.26798252        2.66000000        0.87286128
    46.94260423       67.56770149        1.31327126       -0.27112477        2.66000000        0.87101087
    46.95786386       67.63561908        1.31471542       -0.27427921        2.66000000        0.86916307
    46.97284420       67.70353666        1.31615592       -0.27744590        2.66000000        0.86731790
    46.98754333       67.77145425        1.31759277       -0.28062488        2.66000000        0.86547536
    47.00195930       67.83937184        1.31902595       -0.28381621        2.66000000        0.86363547
    47.01609015       67.90728943        1.32045545       -0.28701994        2.66000000        0.86179822
    47.02993388       67.97520701        1.32188125       -0.29023613        2.66000000        0.85996363
    47.04348851       68.04312460        1.32330336       -0.29346481        2.66000000        0.85813171
    47.05675202       68.11104219        1.32472175       -0.29670606        2.66000000        0.85630246
    47.06972236       68.17895977        1.32613643       -0.29995991        2.66000000        0.85447589
    47.08239749       68.24687736        1.32754738       -0.30322643        2.66000000        0.85265201
    47.09477533       68.31479495        1.32895458       -0.30650566        2.66000000        0.85083083
    47.10685380       68.38271253        1.33035804       -0.30979765        2.66000000        0.84901236
    47.11863077       68.45063012        1.33175774       -0.31310247        2.66000000        0.84719661
    47.13010414       68.51854771        1.33315367       -0.31642016        2.66000000        0.84538359
    47.14127174       68.58646529        1.33454581       -0.31975076        2.66000000        0.84357329
    47.15213140       68.65438288        1.33593417       -0.32309435        2.66000000        0.84176575
    47.16268096       68.72230047        1.33731873       -0.32645096        2.66000000        0.83996095
    47.17291818       68.79021805        1.33869949       -0.32982065        2.66000000        0.83815892
    47.18284086       68.85813564        1.34007642       -0.33320347        2.66000000        0.83635966
    47.19244674       68.92605323        1.34144952       -0.33659947        2.66000000        0.83456317
    47.20173356       68.99397081        1.34281879       -0.34000870        2.66000000        0.83276948
    47.21069903       69.06188840        1.34418420       -0.34343122        2.66000000        0.83097859
    47.21934084       69.12980599        1.34554576       -0.34686708        2.66000000        0.82919051
    47.22765666       69.19772357        1.34690345       -0.35031632        2.66000000        0.82740524
    47.23564415       69.26564116        1.34825726       -0.35377900        2.66000000        0.82562280
    47.24330093       69.33355875        1.34960718       -0.35725517        2.66000000        0.82384321
    47.25062462       69.40147634        1.35095321       -0.36074487        2.66000000        0.82206645
    47.25761278       69.46939392        1.35229532       -0.36424817        2.66000000        0.82029256
    47.26426300       69.53731151        1.35363352       -0.36776511        2.66000000        0.81852154
    47.27057281       69.60522910        1.35496779       -0.37129573        2.66000000        0.81675339
    47.27653973       69.67314668        1.35629811       -0.37484010        2.66000000        0.81498813
    47.28216125       69.74106427        1.35762449       -0.37839825        2.66000000        0.81322577
    47.28743486       69.80898186        1.35894691       -0.38197024        2.66000000        0.81146632
    47.29235800       69.87689944        1.36026537       -0.38555611        2.66000000        0.80970979
    47.29692809       69.94481703        1.36157984       -0.38915592        2.66000000        0.80795620
    47.30114255       70.01273462        1.36289032       -0.39276972        2.66000000        0.80620554
    47.30499875       70.08065220        1.36419681       -0.39639754        2.66000000        0.80445783
    47.30849405       70.14856979        1.36549928       -0.40003944        2.66000000        0.80271309
    47.31162578       70.21648738        1.36679774       -0.40369547        2.66000000        0.80097132
    47.31439125       70.28440496        1.36809216       -0.40736567        2.66000000        0.79923253
    47.31678774       70.35232255        1.36938254       -0.41105009        2.66000000        0.79749675
    47.31881251       70.42024014        1.37066888       -0.41474877        2.66000000        0.79576397
    47.32046279       70.48815772        1.37195115       -0.41846176        2.66000000        0.79403420
    47.32173579       70.55607531        1.37322935       -0.42218911        2.66000000        0.79230747
    47.32262869       70.62399290        1.37450347       -0.42593085        2.66000000        0.79058378
    47.32313865       70.69191048        1.37577350       -0.42968704        2.66000000        0.78886315
    47.32326280       70.75982807        1.37703943       -0.43345771        2.66000000        0.78714557
