#  Theta paroi en deg Angle Choc en deg       Kp           Inverse Mach       Mach amont       Mach aval
     0.00000000       35.78853174        0.00000000        0.41520468        1.71000000
     2.12163958       35.79015808        0.00875177        0.41115349        1.71000000        1.70993918
     2.52519892       35.79243363        0.01176527        0.40976047        1.71000000        1.70985410
     2.97396293       35.79665677        0.01550400        0.40803349        1.71000000        1.70969621
     3.46547885       35.80412590        0.02003293        0.40594332        1.71000000        1.70941702
     3.97620494       35.81613943        0.02518644        0.40356718        1.71000000        1.70896814
     4.49169502       35.83399575        0.03082156        0.40097156        1.71000000        1.70830134
     5.00556797       35.85899326        0.03684844        0.39819823        1.71000000        1.70736865
     5.51575521       35.89243036        0.04321685        0.39527053        1.71000000        1.70612248
     6.02224498       35.93560545        0.04990226        0.39219987        1.71000000        1.70451578
     6.52596389       35.98981691        0.05689666        0.38898994        1.71000000        1.70250216
     6.94221538       36.04402838        0.06292859        0.38622360        1.71000000        1.70049273
     7.30160972       36.09823985        0.06831557        0.38375430        1.71000000        1.69848746
     7.62070624       36.15245132        0.07323488        0.38150025        1.71000000        1.69648633
     7.90956099       36.20666279        0.07779686        0.37941056        1.71000000        1.69448931
     8.17477691       36.26087426        0.08207545        0.37745112        1.71000000        1.69249636
     8.42094201       36.31508572        0.08612293        0.37559783        1.71000000        1.69050747
     8.65138422       36.36929719        0.08997777        0.37383297        1.71000000        1.68852260
     8.86860054       36.42350866        0.09366920        0.37214305        1.71000000        1.68654172
     9.07451634       36.47772013        0.09722003        0.37051756        1.71000000        1.68456482
     9.27065006       36.53193160        0.10064843        0.36894811        1.71000000        1.68259186
     9.45822209       36.58614307        0.10396915        0.36742792        1.71000000        1.68062281
     9.63822924       36.64035453        0.10719431        0.36595139        1.71000000        1.67865766
     9.81149701       36.69456600        0.11033406        0.36451385        1.71000000        1.67669637
     9.97871744       36.74877747        0.11339693        0.36311135        1.71000000        1.67473893
    10.14047681       36.80298894        0.11639024        0.36174052        1.71000000        1.67278529
    10.29727655       36.85720041        0.11932024        0.36039848        1.71000000        1.67083545
    10.44954913       36.91141187        0.12219238        0.35908271        1.71000000        1.66888937
    10.59767035       36.96562334        0.12501141        0.35779102        1.71000000        1.66694703
    10.74196905       37.01983481        0.12778152        0.35652148        1.71000000        1.66500840
    10.88273467       37.07404628        0.13050638        0.35527238        1.71000000        1.66307346
    11.02022349       37.12825775        0.13318930        0.35404220        1.71000000        1.66114220
    11.15466358       37.18246922        0.13583319        0.35282958        1.71000000        1.65921457
    11.28625885       37.23668068        0.13844070        0.35163331        1.71000000        1.65729057
    11.41519241       37.29089215        0.14101419        0.35045229        1.71000000        1.65537016
    11.54162938       37.34510362        0.14355582        0.34928552        1.71000000        1.65345332
    11.66571918       37.39931509        0.14606752        0.34813210        1.71000000        1.65154004
    11.78759752       37.45352656        0.14855107        0.34699120        1.71000000        1.64963028
    11.90738807       37.50773803        0.15100810        0.34586209        1.71000000        1.64772402
    12.02520381       37.56194949        0.15344008        0.34474405        1.71000000        1.64582126
    12.14114832       37.61616096        0.15584838        0.34363647        1.71000000        1.64392195
    12.25531679       37.67037243        0.15823426        0.34253874        1.71000000        1.64202608
    12.36779689       37.72458390        0.16059887        0.34145035        1.71000000        1.64013363
    12.47866958       37.77879537        0.16294328        0.34037077        1.71000000        1.63824457
    12.58800979       37.83300684        0.16526849        0.33929956        1.71000000        1.63635889
    12.69588704       37.88721830        0.16757543        0.33823627        1.71000000        1.63447656
    12.80236589       37.94142977        0.16986495        0.33718051        1.71000000        1.63259756
    12.90750647       37.99564124        0.17213784        0.33613189        1.71000000        1.63072188
    13.01136488       38.04985271        0.17439487        0.33509008        1.71000000        1.62884949
    13.11399349       38.10406418        0.17663673        0.33405472        1.71000000        1.62698037
    13.21544137       38.15827564        0.17886407        0.33302553        1.71000000        1.62511450
    13.31575446       38.21248711        0.18107752        0.33200221        1.71000000        1.62325187
    13.41497589       38.26669858        0.18327763        0.33098448        1.71000000        1.62139244
    13.51314624       38.32091005        0.18546497        0.32997209        1.71000000        1.61953621
    13.61030365       38.37512152        0.18764005        0.32896480        1.71000000        1.61768315
    13.70648411       38.42933299        0.18980333        0.32796237        1.71000000        1.61583324
    13.80172156       38.48354445        0.19195529        0.32696459        1.71000000        1.61398647
    13.89604806       38.53775592        0.19409634        0.32597125        1.71000000        1.61214281
    13.98949396       38.59196739        0.19622690        0.32498217        1.71000000        1.61030225
    14.08208795       38.64617886        0.19834736        0.32399714        1.71000000        1.60846476
    14.17385728       38.70039033        0.20045808        0.32301600        1.71000000        1.60663034
    14.26482775       38.75460180        0.20255940        0.32203859        1.71000000        1.60479896
    14.35502390       38.80881326        0.20465165        0.32106474        1.71000000        1.60297060
    14.44446905       38.86302473        0.20673515        0.32009429        1.71000000        1.60114525
    14.53318536       38.91723620        0.20881020        0.31912712        1.71000000        1.59932289
    14.62119399       38.97144767        0.21087708        0.31816307        1.71000000        1.59750350
    14.70851504       39.02565914        0.21293606        0.31720201        1.71000000        1.59568706
    14.79516774       39.07987061        0.21498739        0.31624383        1.71000000        1.59387355
    14.88117040       39.13408207        0.21703133        0.31528840        1.71000000        1.59206297
    14.96654055       39.18829354        0.21906811        0.31433560        1.71000000        1.59025528
    15.05129492       39.24250501        0.22109794        0.31338532        1.71000000        1.58845049
    15.13544953       39.29671648        0.22312106        0.31243746        1.71000000        1.58664856
    15.21901971       39.35092795        0.22513765        0.31149192        1.71000000        1.58484948
    15.30202015       39.40513941        0.22714793        0.31054860        1.71000000        1.58305324
    15.38446494       39.45935088        0.22915206        0.30960740        1.71000000        1.58125982
    15.46636758       39.51356235        0.23115025        0.30866823        1.71000000        1.57946920
    15.54774101       39.56777382        0.23314265        0.30773101        1.71000000        1.57768137
    15.62859772       39.62198529        0.23512943        0.30679565        1.71000000        1.57589631
    15.70894964       39.67619676        0.23711076        0.30586207        1.71000000        1.57411400
    15.78880827       39.73040822        0.23908679        0.30493020        1.71000000        1.57233444
    15.86818468       39.78461969        0.24105765        0.30399996        1.71000000        1.57055760
    15.94708951       39.83883116        0.24302350        0.30307127        1.71000000        1.56878348
    16.02553301       39.89304263        0.24498447        0.30214407        1.71000000        1.56701204
    16.10352506       39.94725410        0.24694069        0.30121829        1.71000000        1.56524329
    16.18107517       40.00146557        0.24889228        0.30029387        1.71000000        1.56347720
    16.25819252       40.05567703        0.25083937        0.29937073        1.71000000        1.56171377
    16.33488595       40.10988850        0.25278207        0.29844883        1.71000000        1.55995297
    16.41116403       40.16409997        0.25472050        0.29752810        1.71000000        1.55819479
    16.48703500       40.21831144        0.25665476        0.29660848        1.71000000        1.55643922
    16.56250682       40.27252291        0.25858495        0.29568992        1.71000000        1.55468624
    16.63758721       40.32673437        0.26051118        0.29477236        1.71000000        1.55293584
    16.71228360       40.38094584        0.26243355        0.29385576        1.71000000        1.55118801
    16.78660319       40.43515731        0.26435214        0.29294006        1.71000000        1.54944273
    16.86055295       40.48936878        0.26626705        0.29202521        1.71000000        1.54769998
    16.93413963       40.54358025        0.26817837        0.29111117        1.71000000        1.54595977
    17.00736975       40.59779172        0.27008617        0.29019788        1.71000000        1.54422206
    17.08024964       40.65200318        0.27199055        0.28928532        1.71000000        1.54248685
    17.15278541       40.70621465        0.27389157        0.28837342        1.71000000        1.54075412
    17.22498301       40.76042612        0.27578932        0.28746215        1.71000000        1.53902386
    17.29684820       40.81463759        0.27768388        0.28655146        1.71000000        1.53729607
    17.36838655       40.86884906        0.27957530        0.28564132        1.71000000        1.53557071
    17.43960348       40.92306053        0.28146366        0.28473169        1.71000000        1.53384779
    17.51050424       40.97727199        0.28334903        0.28382253        1.71000000        1.53212730
    17.58109394       41.03148346        0.28523146        0.28291380        1.71000000        1.53040920
    17.65137753       41.08569493        0.28711103        0.28200547        1.71000000        1.52869351
    17.72135982       41.13990640        0.28898780        0.28109749        1.71000000        1.52698019
    17.79104548       41.19411787        0.29086182        0.28018984        1.71000000        1.52526925
    17.86043907       41.24832934        0.29273314        0.27928249        1.71000000        1.52356067
    17.92954498       41.30254080        0.29460184        0.27837539        1.71000000        1.52185443
    17.99836752       41.35675227        0.29646795        0.27746852        1.71000000        1.52015053
    18.06691085       41.41096374        0.29833152        0.27656185        1.71000000        1.51844895
    18.13517905       41.46517521        0.30019262        0.27565534        1.71000000        1.51674968
    18.20317607       41.51938668        0.30205129        0.27474896        1.71000000        1.51505271
    18.27090574       41.57359814        0.30390757        0.27384270        1.71000000        1.51335803
    18.33837182       41.62780961        0.30576151        0.27293651        1.71000000        1.51166563
    18.40557794       41.68202108        0.30761316        0.27203037        1.71000000        1.50997549
    18.47252767       41.73623255        0.30946256        0.27112425        1.71000000        1.50828761
    18.53922446       41.79044402        0.31130974        0.27021813        1.71000000        1.50660197
    18.60567168       41.84465549        0.31315476        0.26931198        1.71000000        1.50491856
    18.67187262       41.89886695        0.31499765        0.26840578        1.71000000        1.50323738
    18.73783049       41.95307842        0.31683844        0.26749949        1.71000000        1.50155840
    18.80354839       42.00728989        0.31867719        0.26659310        1.71000000        1.49988163
    18.86902938       42.06150136        0.32051391        0.26568658        1.71000000        1.49820704
    18.93427643       42.11571283        0.32234865        0.26477990        1.71000000        1.49653464
    18.99929242       42.16992430        0.32418144        0.26387305        1.71000000        1.49486440
    19.06408020       42.22413576        0.32601232        0.26296600        1.71000000        1.49319632
    19.12864252       42.27834723        0.32784131        0.26205873        1.71000000        1.49153039
    19.19298207       42.33255870        0.32966844        0.26115122        1.71000000        1.48986660
    19.25710148       42.38677017        0.33149376        0.26024344        1.71000000        1.48820493
    19.32100331       42.44098164        0.33331728        0.25933537        1.71000000        1.48654539
    19.38469008       42.49519311        0.33513903        0.25842700        1.71000000        1.48488795
    19.44816423       42.54940457        0.33695905        0.25751831        1.71000000        1.48323261
    19.51142815       42.60361604        0.33877736        0.25660927        1.71000000        1.48157936
    19.57448419       42.65782751        0.34059399        0.25569986        1.71000000        1.47992819
    19.63733462       42.71203898        0.34240896        0.25479007        1.71000000        1.47827908
    19.69998167       42.76625045        0.34422229        0.25387987        1.71000000        1.47663204
    19.76242753       42.82046191        0.34603401        0.25296925        1.71000000        1.47498705
    19.82467433       42.87467338        0.34784415        0.25205819        1.71000000        1.47334410
    19.88672416       42.92888485        0.34965273        0.25114667        1.71000000        1.47170318
    19.94857905       42.98309632        0.35145976        0.25023468        1.71000000        1.47006428
    20.01024100       43.03730779        0.35326528        0.24932219        1.71000000        1.46842740
    20.07171197       43.09151926        0.35506929        0.24840919        1.71000000        1.46679253
    20.13299385       43.14573072        0.35687183        0.24749566        1.71000000        1.46515965
    20.19408853       43.19994219        0.35867291        0.24658159        1.71000000        1.46352875
    20.25499782       43.25415366        0.36047255        0.24566696        1.71000000        1.46189984
    20.31572352       43.30836513        0.36227077        0.24475175        1.71000000        1.46027289
    20.37626737       43.36257660        0.36406759        0.24383595        1.71000000        1.45864791
    20.43663109       43.41678807        0.36586302        0.24291954        1.71000000        1.45702488
    20.49681636       43.47099953        0.36765709        0.24200250        1.71000000        1.45540380
    20.55682483       43.52521100        0.36944980        0.24108483        1.71000000        1.45378465
    20.61665809       43.57942247        0.37124118        0.24016650        1.71000000        1.45216743
    20.67631773       43.63363394        0.37303124        0.23924751        1.71000000        1.45055212
    20.73580529       43.68784541        0.37482000        0.23832783        1.71000000        1.44893873
    20.79512228       43.74205688        0.37660747        0.23740746        1.71000000        1.44732725
    20.85427019       43.79626834        0.37839366        0.23648637        1.71000000        1.44571766
    20.91325047       43.85047981        0.38017860        0.23556456        1.71000000        1.44410995
    20.97206453       43.90469128        0.38196229        0.23464200        1.71000000        1.44250413
    21.03071377       43.95890275        0.38374474        0.23371870        1.71000000        1.44090018
    21.08919956       44.01311422        0.38552598        0.23279462        1.71000000        1.43929809
    21.14752324       44.06732568        0.38730601        0.23186977        1.71000000        1.43769786
    21.20568611       44.12153715        0.38908484        0.23094413        1.71000000        1.43609947
    21.26368946       44.17574862        0.39086249        0.23001767        1.71000000        1.43450293
    21.32153457       44.22996009        0.39263896        0.22909040        1.71000000        1.43290823
    21.37922265       44.28417156        0.39441428        0.22816230        1.71000000        1.43131535
    21.43675494       44.33838303        0.39618844        0.22723336        1.71000000        1.42972428
    21.49413260       44.39259449        0.39796147        0.22630355        1.71000000        1.42813503
    21.55135682       44.44680596        0.39973337        0.22537288        1.71000000        1.42654759
    21.60842873       44.50101743        0.40150414        0.22444133        1.71000000        1.42496194
    21.66534945       44.55522890        0.40327381        0.22350889        1.71000000        1.42337809
    21.72212009       44.60944037        0.40504237        0.22257554        1.71000000        1.42179601
    21.77874173       44.66365184        0.40680985        0.22164127        1.71000000        1.42021572
    21.83521542       44.71786330        0.40857624        0.22070608        1.71000000        1.41863719
    21.89154221       44.77207477        0.41034155        0.21976995        1.71000000        1.41706043
    21.94772311       44.82628624        0.41210581        0.21883286        1.71000000        1.41548542
    22.00375912       44.88049771        0.41386900        0.21789482        1.71000000        1.41391216
    22.05965123       44.93470918        0.41563114        0.21695580        1.71000000        1.41234065
    22.11540040       44.98892065        0.41739224        0.21601580        1.71000000        1.41077087
    22.17100757       45.04313211        0.41915230        0.21507480        1.71000000        1.40920282
    22.22647368       45.09734358        0.42091133        0.21413280        1.71000000        1.40763650
    22.28179963       45.15155505        0.42266934        0.21318978        1.71000000        1.40607189
    22.33698631       45.20576652        0.42442634        0.21224574        1.71000000        1.40450899
    22.39203461       45.25997799        0.42618233        0.21130065        1.71000000        1.40294780
    22.44694539       45.31418945        0.42793731        0.21035452        1.71000000        1.40138830
    22.50171949       45.36840092        0.42969130        0.20940733        1.71000000        1.39983050
    22.55635775       45.42261239        0.43144429        0.20845907        1.71000000        1.39827438
    22.61086096       45.47682386        0.43319630        0.20750974        1.71000000        1.39671995
    22.66522995       45.53103533        0.43494733        0.20655931        1.71000000        1.39516718
    22.71946549       45.58524680        0.43669738        0.20560779        1.71000000        1.39361609
    22.77356836       45.63945826        0.43844647        0.20465515        1.71000000        1.39206665
    22.82753930       45.69366973        0.44019458        0.20370140        1.71000000        1.39051887
    22.88137908       45.74788120        0.44194174        0.20274652        1.71000000        1.38897274
    22.93508840       45.80209267        0.44368794        0.20179051        1.71000000        1.38742826
    22.98866801       45.85630414        0.44543318        0.20083334        1.71000000        1.38588542
    23.04211859       45.91051561        0.44717748        0.19987502        1.71000000        1.38434420
    23.09544085       45.96472707        0.44892083        0.19891554        1.71000000        1.38280462
    23.14863545       46.01893854        0.45066324        0.19795487        1.71000000        1.38126666
    23.20170306       46.07315001        0.45240472        0.19699303        1.71000000        1.37973031
    23.25464435       46.12736148        0.45414526        0.19602999        1.71000000        1.37819558
    23.30745995       46.18157295        0.45588486        0.19506574        1.71000000        1.37666245
    23.36015050       46.23578442        0.45762354        0.19410028        1.71000000        1.37513092
    23.41271662       46.28999588        0.45936130        0.19313361        1.71000000        1.37360099
    23.46515891       46.34420735        0.46109814        0.19216570        1.71000000        1.37207264
    23.51747798       46.39841882        0.46283405        0.19119655        1.71000000        1.37054588
    23.56967441       46.45263029        0.46456905        0.19022615        1.71000000        1.36902070
    23.62174879       46.50684176        0.46630313        0.18925450        1.71000000        1.36749710
    23.67370167       46.56105322        0.46803631        0.18828158        1.71000000        1.36597506
    23.72553361       46.61526469        0.46976857        0.18730739        1.71000000        1.36445459
    23.77724517       46.66947616        0.47149992        0.18633192        1.71000000        1.36293568
    23.82883688       46.72368763        0.47323037        0.18535515        1.71000000        1.36141832
    23.88030926       46.77789910        0.47495992        0.18437708        1.71000000        1.35990251
    23.93166284       46.83211057        0.47668856        0.18339771        1.71000000        1.35838825
    23.98289812       46.88632203        0.47841630        0.18241702        1.71000000        1.35687553
    24.03401560       46.94053350        0.48014314        0.18143500        1.71000000        1.35536434
    24.08501578       46.99474497        0.48186909        0.18045165        1.71000000        1.35385468
    24.13589913       47.04895644        0.48359413        0.17946696        1.71000000        1.35234655
    24.18666614       47.10316791        0.48531828        0.17848091        1.71000000        1.35083994
    24.23731726       47.15737938        0.48704154        0.17749351        1.71000000        1.34933485
    24.28785295       47.21159084        0.48876390        0.17650475        1.71000000        1.34783127
    24.33827366       47.26580231        0.49048537        0.17551460        1.71000000        1.34632920
    24.38857982       47.32001378        0.49220595        0.17452308        1.71000000        1.34482863
    24.43877188       47.37422525        0.49392563        0.17353016        1.71000000        1.34332956
    24.48885025       47.42843672        0.49564443        0.17253585        1.71000000        1.34183198
    24.53881535       47.48264819        0.49736233        0.17154013        1.71000000        1.34033589
    24.58866759       47.53685965        0.49907934        0.17054299        1.71000000        1.33884130
    24.63840738       47.59107112        0.50079546        0.16954444        1.71000000        1.33734818
    24.68803509       47.64528259        0.50251070        0.16854445        1.71000000        1.33585654
    24.73755113       47.69949406        0.50422504        0.16754302        1.71000000        1.33436637
    24.78695587       47.75370553        0.50593849        0.16654015        1.71000000        1.33287768
    24.83624969       47.80791699        0.50765105        0.16553583        1.71000000        1.33139045
    24.88543294       47.86212846        0.50936272        0.16453004        1.71000000        1.32990468
    24.93450599       47.91633993        0.51107350        0.16352279        1.71000000        1.32842036
    24.98346919       47.97055140        0.51278338        0.16251406        1.71000000        1.32693751
    25.03232288       48.02476287        0.51449238        0.16150384        1.71000000        1.32545610
    25.08106741       48.07897434        0.51620048        0.16049213        1.71000000        1.32397613
    25.12970310       48.13318580        0.51790769        0.15947893        1.71000000        1.32249761
    25.17823028       48.18739727        0.51961401        0.15846421        1.71000000        1.32102053
    25.22664928       48.24160874        0.52131943        0.15744799        1.71000000        1.31954488
    25.27496040       48.29582021        0.52302396        0.15643024        1.71000000        1.31807067
    25.32316395       48.35003168        0.52472759        0.15541096        1.71000000        1.31659788
    25.37126023       48.40424315        0.52643032        0.15439015        1.71000000        1.31512651
    25.41924955       48.45845461        0.52813216        0.15336779        1.71000000        1.31365656
    25.46713218       48.51266608        0.52983310        0.15234388        1.71000000        1.31218803
    25.51490841       48.56687755        0.53153313        0.15131841        1.71000000        1.31072091
    25.56257853       48.62108902        0.53323227        0.15029138        1.71000000        1.30925520
    25.61014280       48.67530049        0.53493050        0.14926277        1.71000000        1.30779090
    25.65760148       48.72951196        0.53662783        0.14823258        1.71000000        1.30632800
    25.70495486       48.78372342        0.53832425        0.14720081        1.71000000        1.30486650
    25.75220316       48.83793489        0.54001977        0.14616744        1.71000000        1.30340639
    25.79934666       48.89214636        0.54171437        0.14513246        1.71000000        1.30194768
    25.84638559       48.94635783        0.54340807        0.14409588        1.71000000        1.30049035
    25.89332020       49.00056930        0.54510085        0.14305768        1.71000000        1.29903442
    25.94015072       49.05478076        0.54679272        0.14201786        1.71000000        1.29757986
    25.98687738       49.10899223        0.54848368        0.14097641        1.71000000        1.29612668
    26.03350041       49.16320370        0.55017372        0.13993332        1.71000000        1.29467488
    26.08002003       49.21741517        0.55186284        0.13888859        1.71000000        1.29322446
    26.12643644       49.27162664        0.55355103        0.13784220        1.71000000        1.29177540
    26.17274987       49.32583811        0.55523831        0.13679416        1.71000000        1.29032771
    26.21896052       49.38004957        0.55692466        0.13574445        1.71000000        1.28888138
    26.26506860       49.43426104        0.55861008        0.13469307        1.71000000        1.28743642
    26.31107429       49.48847251        0.56029457        0.13364000        1.71000000        1.28599281
    26.35697779       49.54268398        0.56197813        0.13258525        1.71000000        1.28455056
    26.40277929       49.59689545        0.56366076        0.13152881        1.71000000        1.28310966
    26.44847898       49.65110692        0.56534245        0.13047067        1.71000000        1.28167011
    26.49407702       49.70531838        0.56702321        0.12941082        1.71000000        1.28023191
    26.53957360       49.75952985        0.56870302        0.12834925        1.71000000        1.27879505
    26.58496888       49.81374132        0.57038189        0.12728597        1.71000000        1.27735953
    26.63026304       49.86795279        0.57205981        0.12622095        1.71000000        1.27592536
    26.67545623       49.92216426        0.57373679        0.12515420        1.71000000        1.27449251
    26.72054860       49.97637573        0.57541281        0.12408571        1.71000000        1.27306100
    26.76554033       50.03058719        0.57708789        0.12301547        1.71000000        1.27163082
    26.81043155       50.08479866        0.57876200        0.12194348        1.71000000        1.27020197
    26.85522240       50.13901013        0.58043516        0.12086972        1.71000000        1.26877444
    26.89991304       50.19322160        0.58210736        0.11979419        1.71000000        1.26734824
    26.94450359       50.24743307        0.58377859        0.11871689        1.71000000        1.26592336
    26.98899420       50.30164453        0.58544885        0.11763781        1.71000000        1.26449979
    27.03338499       50.35585600        0.58711815        0.11655693        1.71000000        1.26307754
    27.07767608       50.41006747        0.58878647        0.11547426        1.71000000        1.26165660
    27.12186760       50.46427894        0.59045382        0.11438979        1.71000000        1.26023698
    27.16595967       50.51849041        0.59212019        0.11330351        1.71000000        1.25881866
    27.20995240       50.57270188        0.59378558        0.11221541        1.71000000        1.25740164
    27.25384591       50.62691334        0.59544999        0.11112550        1.71000000        1.25598593
    27.29764029       50.68112481        0.59711340        0.11003375        1.71000000        1.25457153
    27.34133566       50.73533628        0.59877583        0.10894016        1.71000000        1.25315842
    27.38493211       50.78954775        0.60043726        0.10784473        1.71000000        1.25174660
    27.42842975       50.84375922        0.60209770        0.10674746        1.71000000        1.25033609
    27.47182865       50.89797069        0.60375714        0.10564832        1.71000000        1.24892686
    27.51512892       50.95218215        0.60541557        0.10454733        1.71000000        1.24751892
    27.55833064       51.00639362        0.60707300        0.10344447        1.71000000        1.24611228
    27.60143390       51.06060509        0.60872941        0.10233973        1.71000000        1.24470691
    27.64443876       51.11481656        0.61038482        0.10123310        1.71000000        1.24330284
    27.68734531       51.16902803        0.61203921        0.10012459        1.71000000        1.24190004
    27.73015362       51.22323950        0.61369258        0.09901419        1.71000000        1.24049853
    27.77286377       51.27745096        0.61534492        0.09790188        1.71000000        1.23909829
    27.81547581       51.33166243        0.61699624        0.09678766        1.71000000        1.23769933
    27.85798980       51.38587390        0.61864653        0.09567153        1.71000000        1.23630164
    27.90040582       51.44008537        0.62029579        0.09455348        1.71000000        1.23490522
    27.94272392       51.49429684        0.62194401        0.09343349        1.71000000        1.23351008
    27.98494414       51.54850830        0.62359119        0.09231158        1.71000000        1.23211620
    28.02706654       51.60271977        0.62523733        0.09118772        1.71000000        1.23072359
    28.06909117       51.65693124        0.62688241        0.09006191        1.71000000        1.22933224
    28.11101807       51.71114271        0.62852645        0.08893416        1.71000000        1.22794216
    28.15284728       51.76535418        0.63016943        0.08780444        1.71000000        1.22655334
    28.19457884       51.81956565        0.63181136        0.08667275        1.71000000        1.22516578
    28.23621279       51.87377711        0.63345222        0.08553909        1.71000000        1.22377947
    28.27774916       51.92798858        0.63509201        0.08440345        1.71000000        1.22239443
    28.31918797       51.98220005        0.63673074        0.08326582        1.71000000        1.22101063
    28.36052925       52.03641152        0.63836839        0.08212620        1.71000000        1.21962809
    28.40177303       52.09062299        0.64000497        0.08098458        1.71000000        1.21824680
    28.44291933       52.14483446        0.64164046        0.07984096        1.71000000        1.21686676
    28.48396816       52.19904592        0.64327488        0.07869532        1.71000000        1.21548797
    28.52491955       52.25325739        0.64490820        0.07754767        1.71000000        1.21411043
    28.56577349       52.30746886        0.64654043        0.07639798        1.71000000        1.21273413
    28.60653000       52.36168033        0.64817156        0.07524627        1.71000000        1.21135907
    28.64718909       52.41589180        0.64980159        0.07409252        1.71000000        1.20998526
    28.68775076       52.47010327        0.65143052        0.07293673        1.71000000        1.20861269
    28.72821501       52.52431473        0.65305834        0.07177888        1.71000000        1.20724135
    28.76858183       52.57852620        0.65468505        0.07061898        1.71000000        1.20587126
    28.80885124       52.63273767        0.65631064        0.06945701        1.71000000        1.20450240
    28.84902320       52.68694914        0.65793511        0.06829298        1.71000000        1.20313478
    28.88909773       52.74116061        0.65955846        0.06712687        1.71000000        1.20176839
    28.92907480       52.79537207        0.66118068        0.06595867        1.71000000        1.20040323
    28.96895439       52.84958354        0.66280176        0.06478839        1.71000000        1.19903930
    29.00873650       52.90379501        0.66442171        0.06361601        1.71000000        1.19767661
    29.04842110       52.95800648        0.66604052        0.06244153        1.71000000        1.19631514
    29.08800816       53.01221795        0.66765819        0.06126494        1.71000000        1.19495490
    29.12749766       53.06642942        0.66927470        0.06008624        1.71000000        1.19359589
    29.16688958       53.12064088        0.67089007        0.05890542        1.71000000        1.19223810
    29.20618387       53.17485235        0.67250427        0.05772247        1.71000000        1.19088154
    29.24538051       53.22906382        0.67411732        0.05653739        1.71000000        1.18952620
    29.28447947       53.28327529        0.67572920        0.05535017        1.71000000        1.18817208
    29.32348069       53.33748676        0.67733990        0.05416080        1.71000000        1.18681919
    29.36238415       53.39169823        0.67894944        0.05296928        1.71000000        1.18546751
    29.40118980       53.44590969        0.68055780        0.05177560        1.71000000        1.18411705
    29.43989758       53.50012116        0.68216497        0.05057976        1.71000000        1.18276781
    29.47850746       53.55433263        0.68377096        0.04938174        1.71000000        1.18141979
    29.51701939       53.60854410        0.68537575        0.04818155        1.71000000        1.18007298
    29.55543330       53.66275557        0.68697935        0.04697918        1.71000000        1.17872739
    29.59374914       53.71696704        0.68858175        0.04577461        1.71000000        1.17738301
    29.63196685       53.77117850        0.69018294        0.04456785        1.71000000        1.17603985
    29.67008639       53.82538997        0.69178293        0.04335889        1.71000000        1.17469790
    29.70810767       53.87960144        0.69338170        0.04214772        1.71000000        1.17335716
    29.74603063       53.93381291        0.69497926        0.04093433        1.71000000        1.17201763
    29.78385521       53.98802438        0.69657559        0.03971872        1.71000000        1.17067930
    29.82158134       54.04223584        0.69817070        0.03850089        1.71000000        1.16934219
    29.85920894       54.09644731        0.69976457        0.03728082        1.71000000        1.16800629
    29.89673794       54.15065878        0.70135721        0.03605851        1.71000000        1.16667159
    29.93416826       54.20487025        0.70294861        0.03483395        1.71000000        1.16533810
    29.97149983       54.25908172        0.70453877        0.03360715        1.71000000        1.16400582
    30.00873255       54.31329319        0.70612768        0.03237808        1.71000000        1.16267474
    30.04586634       54.36750465        0.70771533        0.03114675        1.71000000        1.16134487
    30.08290112       54.42171612        0.70930173        0.02991315        1.71000000        1.16001620
    30.11983681       54.47592759        0.71088686        0.02867728        1.71000000        1.15868873
    30.15667330       54.53013906        0.71247073        0.02743912        1.71000000        1.15736247
    30.19341050       54.58435053        0.71405332        0.02619867        1.71000000        1.15603741
    30.23004832       54.63856200        0.71563464        0.02495592        1.71000000        1.15471355
    30.26658666       54.69277346        0.71721468        0.02371087        1.71000000        1.15339089
    30.30302542       54.74698493        0.71879343        0.02246352        1.71000000        1.15206943
    30.33936450       54.80119640        0.72037089        0.02121385        1.71000000        1.15074917
    30.37560379       54.85540787        0.72194706        0.01996186        1.71000000        1.14943011
    30.41174319       54.90961934        0.72352193        0.01870755        1.71000000        1.14811225
    30.44778257       54.96383081        0.72509550        0.01745090        1.71000000        1.14679559
    30.48372185       55.01804227        0.72666775        0.01619191        1.71000000        1.14548012
    30.51956089       55.07225374        0.72823870        0.01493058        1.71000000        1.14416586
    30.55529958       55.12646521        0.72980832        0.01366690        1.71000000        1.14285279
    30.59093781       55.18067668        0.73137662        0.01240086        1.71000000        1.14154092
    30.62647546       55.23488815        0.73294360        0.01113246        1.71000000        1.14023024
    30.66191239       55.28909961        0.73450924        0.00986169        1.71000000        1.13892076
    30.69724849       55.34331108        0.73607355        0.00858854        1.71000000        1.13761248
    30.73248363       55.39752255        0.73763651        0.00731301        1.71000000        1.13630539
    30.76761769       55.45173402        0.73919813        0.00603510        1.71000000        1.13499950
    30.80265052       55.50594549        0.74075840        0.00475479        1.71000000        1.13369480
    30.83758199       55.56015696        0.74231731        0.00347208        1.71000000        1.13239130
    30.87241197       55.61436842        0.74387487        0.00218697        1.71000000        1.13108899
    30.90714032       55.66857989        0.74543105        0.00089945        1.71000000        1.12978787
    30.94176690       55.72279136        0.74698587       -0.00039050        1.71000000        1.12848795
    30.97629158       55.77700283        0.74853931       -0.00168286        1.71000000        1.12718922
    31.01071419       55.83121430        0.75009137       -0.00297766        1.71000000        1.12589169
    31.04503460       55.88542577        0.75164205       -0.00427489        1.71000000        1.12459535
    31.07925265       55.93963723        0.75319134       -0.00557456        1.71000000        1.12330020
    31.11336821       55.99384870        0.75473923       -0.00687668        1.71000000        1.12200625
    31.14738110       56.04806017        0.75628573       -0.00818126        1.71000000        1.12071349
    31.18129118       56.10227164        0.75783082       -0.00948829        1.71000000        1.11942192
    31.21509829       56.15648311        0.75937450       -0.01079779        1.71000000        1.11813155
    31.24880227       56.21069458        0.76091677       -0.01210976        1.71000000        1.11684237
    31.28240296       56.26490604        0.76245762       -0.01342421        1.71000000        1.11555438
    31.31590020       56.31911751        0.76399705       -0.01474114        1.71000000        1.11426759
    31.34929381       56.37332898        0.76553505       -0.01606056        1.71000000        1.11298199
    31.38258363       56.42754045        0.76707161       -0.01738248        1.71000000        1.11169758
    31.41576949       56.48175192        0.76860674       -0.01870690        1.71000000        1.11041436
    31.44885122       56.53596338        0.77014043       -0.02003382        1.71000000        1.10913234
    31.48182864       56.59017485        0.77167266       -0.02136326        1.71000000        1.10785151
    31.51470157       56.64438632        0.77320345       -0.02269522        1.71000000        1.10657188
    31.54746984       56.69859779        0.77473278       -0.02402970        1.71000000        1.10529344
    31.58013327       56.75280926        0.77626064       -0.02536671        1.71000000        1.10401619
    31.61269166       56.80702073        0.77778704       -0.02670626        1.71000000        1.10274013
    31.64514485       56.86123219        0.77931196       -0.02804835        1.71000000        1.10146527
    31.67749263       56.91544366        0.78083541       -0.02939299        1.71000000        1.10019161
    31.70973482       56.96965513        0.78235737       -0.03074018        1.71000000        1.09891914
    31.74187123       57.02386660        0.78387785       -0.03208993        1.71000000        1.09764786
    31.77390166       57.07807807        0.78539683       -0.03344225        1.71000000        1.09637778
    31.80582593       57.13228954        0.78691432       -0.03479714        1.71000000        1.09510889
    31.83764382       57.18650100        0.78843030       -0.03615461        1.71000000        1.09384120
    31.86935514       57.24071247        0.78994478       -0.03751465        1.71000000        1.09257470
    31.90095968       57.29492394        0.79145774       -0.03887729        1.71000000        1.09130940
    31.93245726       57.34913541        0.79296919       -0.04024252        1.71000000        1.09004530
    31.96384765       57.40334688        0.79447911       -0.04161036        1.71000000        1.08878239
    31.99513064       57.45755835        0.79598751       -0.04298079        1.71000000        1.08752068
    32.02630603       57.51176981        0.79749437       -0.04435384        1.71000000        1.08626017
    32.05737361       57.56598128        0.79899970       -0.04572951        1.71000000        1.08500085
    32.08833315       57.62019275        0.80050348       -0.04710779        1.71000000        1.08374274
    32.11918444       57.67440422        0.80200572       -0.04848871        1.71000000        1.08248582
    32.14992727       57.72861569        0.80350640       -0.04987226        1.71000000        1.08123010
    32.18056141       57.78282715        0.80500553       -0.05125845        1.71000000        1.07997558
    32.21108663       57.83703862        0.80650309       -0.05264728        1.71000000        1.07872226
    32.24150272       57.89125009        0.80799908       -0.05403877        1.71000000        1.07747014
    32.27180944       57.94546156        0.80949351       -0.05543291        1.71000000        1.07621923
    32.30200656       57.99967303        0.81098635       -0.05682971        1.71000000        1.07496951
    32.33209385       58.05388450        0.81247761       -0.05822918        1.71000000        1.07372100
    32.36207108       58.10809596        0.81396728       -0.05963133        1.71000000        1.07247368
    32.39193801       58.16230743        0.81545536       -0.06103615        1.71000000        1.07122758
    32.42169440       58.21651890        0.81694184       -0.06244365        1.71000000        1.06998267
    32.45134001       58.27073037        0.81842671       -0.06385384        1.71000000        1.06873897
    32.48087460       58.32494184        0.81990998       -0.06526673        1.71000000        1.06749648
    32.51029793       58.37915331        0.82139163       -0.06668232        1.71000000        1.06625519
    32.53960974       58.43336477        0.82287167       -0.06810061        1.71000000        1.06501510
    32.56880979       58.48757624        0.82435008       -0.06952162        1.71000000        1.06377623
    32.59789782       58.54178771        0.82582686       -0.07094534        1.71000000        1.06253856
    32.62687358       58.59599918        0.82730200       -0.07237178        1.71000000        1.06130210
    32.65573682       58.65021065        0.82877551       -0.07380095        1.71000000        1.06006685
    32.68448728       58.70442211        0.83024737       -0.07523285        1.71000000        1.05883281
    32.71312470       58.75863358        0.83171758       -0.07666748        1.71000000        1.05759998
    32.74164881       58.81284505        0.83318614       -0.07810486        1.71000000        1.05636836
    32.77005935       58.86705652        0.83465304       -0.07954499        1.71000000        1.05513795
    32.79835606       58.92126799        0.83611827       -0.08098787        1.71000000        1.05390875
    32.82653866       58.97547946        0.83758183       -0.08243350        1.71000000        1.05268077
    32.85460688       59.02969092        0.83904371       -0.08388190        1.71000000        1.05145401
    32.88256046       59.08390239        0.84050392       -0.08533307        1.71000000        1.05022846
    32.91039912       59.13811386        0.84196243       -0.08678701        1.71000000        1.04900412
    32.93812257       59.19232533        0.84341926       -0.08824373        1.71000000        1.04778101
    32.96573054       59.24653680        0.84487439       -0.08970324        1.71000000        1.04655911
    32.99322275       59.30074827        0.84632781       -0.09116553        1.71000000        1.04533843
    33.02059891       59.35495973        0.84777953       -0.09263061        1.71000000        1.04411897
    33.04785874       59.40917120        0.84922954       -0.09409850        1.71000000        1.04290073
    33.07500195       59.46338267        0.85067783       -0.09556918        1.71000000        1.04168371
    33.10202824       59.51759414        0.85212440       -0.09704268        1.71000000        1.04046791
    33.12893733       59.57180561        0.85356924       -0.09851899        1.71000000        1.03925334
    33.15572891       59.62601708        0.85501235       -0.09999811        1.71000000        1.03804000
    33.18240270       59.68022854        0.85645372       -0.10148006        1.71000000        1.03682788
    33.20895839       59.73444001        0.85789334       -0.10296484        1.71000000        1.03561698
    33.23539568       59.78865148        0.85933122       -0.10445245        1.71000000        1.03440732
    33.26171426       59.84286295        0.86076734       -0.10594289        1.71000000        1.03319888
    33.28791383       59.89707442        0.86220170       -0.10743618        1.71000000        1.03199167
    33.31399409       59.95128588        0.86363430       -0.10893231        1.71000000        1.03078570
    33.33995471       60.00549735        0.86506513       -0.11043129        1.71000000        1.02958095
    33.36579539       60.05970882        0.86649418       -0.11193313        1.71000000        1.02837744
    33.39151581       60.11392029        0.86792145       -0.11343783        1.71000000        1.02717517
    33.41711566       60.16813176        0.86934694       -0.11494540        1.71000000        1.02597413
    33.44259461       60.22234323        0.87077063       -0.11645583        1.71000000        1.02477432
    33.46795234       60.27655469        0.87219253       -0.11796914        1.71000000        1.02357576
    33.49318852       60.33076616        0.87361263       -0.11948532        1.71000000        1.02237843
    33.51830284       60.38497763        0.87503092       -0.12100439        1.71000000        1.02118234
    33.54329495       60.43918910        0.87644740       -0.12252634        1.71000000        1.01998750
    33.56816454       60.49340057        0.87786206       -0.12405119        1.71000000        1.01879390
    33.59291126       60.54761204        0.87927490       -0.12557893        1.71000000        1.01760154
    33.61753478       60.60182350        0.88068591       -0.12710957        1.71000000        1.01641043
    33.64203477       60.65603497        0.88209508       -0.12864311        1.71000000        1.01522056
    33.66641087       60.71024644        0.88350242       -0.13017956        1.71000000        1.01403194
    33.69066275       60.76445791        0.88490792       -0.13171893        1.71000000        1.01284458
    33.71479007       60.81866938        0.88631156       -0.13326120        1.71000000        1.01165846
    33.73879246       60.87288085        0.88771335       -0.13480640        1.71000000        1.01047359
    33.76266960       60.92709231        0.88911328       -0.13635453        1.71000000        1.00928998
    33.78642111       60.98130378        0.89051135       -0.13790558        1.71000000        1.00810762
    33.81004666       61.03551525        0.89190754       -0.13945956        1.71000000        1.00692652
    33.83354587       61.08972672        0.89330186       -0.14101648        1.71000000        1.00574668
    33.85691839       61.14393819        0.89469430       -0.14257634        1.71000000        1.00456810
    33.88016387       61.19814965        0.89608485       -0.14413914        1.71000000        1.00339077
    33.90328193       61.25236112        0.89747350       -0.14570489        1.71000000        1.00221471
    33.92627221       61.30657259        0.89886026       -0.14727359        1.71000000        1.00103991
    33.94913433       61.36078406        0.90024512       -0.14884524        1.71000000        0.99986638
    33.97186794       61.41499553        0.90162807       -0.15041985        1.71000000        0.99869411
    33.99447265       61.46920700        0.90300911       -0.15199742        1.71000000        0.99752311
    34.01694809       61.52341846        0.90438822       -0.15357796        1.71000000        0.99635339
    34.03929387       61.57762993        0.90576542       -0.15516146        1.71000000        0.99518493
    34.06150963       61.63184140        0.90714068       -0.15674794        1.71000000        0.99401774
    34.08359497       61.68605287        0.90851401       -0.15833739        1.71000000        0.99285183
    34.10554951       61.74026434        0.90988540       -0.15992982        1.71000000        0.99168719
    34.12737286       61.79447581        0.91125484       -0.16152523        1.71000000        0.99052384
    34.14906463       61.84868727        0.91262233       -0.16312362        1.71000000        0.98936176
    34.17062443       61.90289874        0.91398786       -0.16472501        1.71000000        0.98820096
    34.19205185       61.95711021        0.91535143       -0.16632938        1.71000000        0.98704144
    34.21334651       62.01132168        0.91671304       -0.16793674        1.71000000        0.98588321
    34.23450800       62.06553315        0.91807267       -0.16954711        1.71000000        0.98472626
    34.25553592       62.11974462        0.91943032       -0.17116047        1.71000000        0.98357061
    34.27642986       62.17395608        0.92078599       -0.17277683        1.71000000        0.98241624
    34.29718942       62.22816755        0.92213967       -0.17439620        1.71000000        0.98126316
    34.31781418       62.28237902        0.92349135       -0.17601857        1.71000000        0.98011137
    34.33830373       62.33659049        0.92484104       -0.17764396        1.71000000        0.97896088
    34.35865766       62.39080196        0.92618872       -0.17927235        1.71000000        0.97781168
    34.37887554       62.44501342        0.92753439       -0.18090377        1.71000000        0.97666379
    34.39895696       62.49922489        0.92887804       -0.18253820        1.71000000        0.97551719
    34.41890148       62.55343636        0.93021967       -0.18417564        1.71000000        0.97437189
    34.43870870       62.60764783        0.93155927       -0.18581612        1.71000000        0.97322790
    34.45837817       62.66185930        0.93289684       -0.18745961        1.71000000        0.97208521
    34.47790947       62.71607077        0.93423237       -0.18910613        1.71000000        0.97094383
    34.49730216       62.77028223        0.93556586       -0.19075568        1.71000000        0.96980376
    34.51655581       62.82449370        0.93689730       -0.19240826        1.71000000        0.96866500
    34.53566997       62.87870517        0.93822668       -0.19406387        1.71000000        0.96752755
    34.55464421       62.93291664        0.93955401       -0.19572252        1.71000000        0.96639142
    34.57347808       62.98712811        0.94087927       -0.19738420        1.71000000        0.96525661
    34.59217114       63.04133958        0.94220245       -0.19904891        1.71000000        0.96412311
    34.61072293       63.09555104        0.94352356       -0.20071667        1.71000000        0.96299093
    34.62913301       63.14976251        0.94484259       -0.20238747        1.71000000        0.96186008
    34.64740091       63.20397398        0.94615953       -0.20406131        1.71000000        0.96073055
    34.66552618       63.25818545        0.94747438       -0.20573819        1.71000000        0.95960235
    34.68350837       63.31239692        0.94878713       -0.20741812        1.71000000        0.95847547
    34.70134700       63.36660839        0.95009777       -0.20910109        1.71000000        0.95734993
    34.71904162       63.42081985        0.95140630       -0.21078711        1.71000000        0.95622572
    34.73659175       63.47503132        0.95271272       -0.21247617        1.71000000        0.95510285
    34.75399693       63.52924279        0.95401702       -0.21416829        1.71000000        0.95398131
    34.77125668       63.58345426        0.95531919       -0.21586345        1.71000000        0.95286111
    34.78837052       63.63766573        0.95661923       -0.21756167        1.71000000        0.95174225
    34.80533798       63.69187719        0.95791713       -0.21926293        1.71000000        0.95062474
    34.82215857       63.74608866        0.95921289       -0.22096725        1.71000000        0.94950857
    34.83883181       63.80030013        0.96050650       -0.22267462        1.71000000        0.94839375
    34.85535721       63.85451160        0.96179796       -0.22438504        1.71000000        0.94728028
    34.87173428       63.90872307        0.96308725       -0.22609851        1.71000000        0.94616816
    34.88796254       63.96293454        0.96437438       -0.22781504        1.71000000        0.94505739
    34.90404148       64.01714600        0.96565934       -0.22953462        1.71000000        0.94394799
    34.91997061       64.07135747        0.96694212       -0.23125725        1.71000000        0.94283994
    34.93574941       64.12556894        0.96822272       -0.23298294        1.71000000        0.94173325
    34.95137741       64.17978041        0.96950114       -0.23471167        1.71000000        0.94062792
    34.96685407       64.23399188        0.97077736       -0.23644346        1.71000000        0.93952396
    34.98217890       64.28820335        0.97205138       -0.23817830        1.71000000        0.93842137
    34.99735138       64.34241481        0.97332319       -0.23991620        1.71000000        0.93732015
    35.01237100       64.39662628        0.97459279       -0.24165714        1.71000000        0.93622030
    35.02723724       64.45083775        0.97586018       -0.24340113        1.71000000        0.93512183
    35.04194957       64.50504922        0.97712535       -0.24514817        1.71000000        0.93402474
    35.05650748       64.55926069        0.97838829       -0.24689826        1.71000000        0.93292902
    35.07091044       64.61347216        0.97964900       -0.24865140        1.71000000        0.93183468
    35.08515791       64.66768362        0.98090746       -0.25040758        1.71000000        0.93074173
    35.09924937       64.72189509        0.98216369       -0.25216680        1.71000000        0.92965017
    35.11318428       64.77610656        0.98341766       -0.25392907        1.71000000        0.92856000
    35.12696210       64.83031803        0.98466938       -0.25569438        1.71000000        0.92747122
    35.14058229       64.88452950        0.98591884       -0.25746273        1.71000000        0.92638383
    35.15404431       64.93874096        0.98716603       -0.25923411        1.71000000        0.92529784
    35.16734761       64.99295243        0.98841094       -0.26100854        1.71000000        0.92421325
    35.18049164       65.04716390        0.98965358       -0.26278599        1.71000000        0.92313006
    35.19347584       65.10137537        0.99089394       -0.26456648        1.71000000        0.92204827
    35.20629966       65.15558684        0.99213200       -0.26634999        1.71000000        0.92096790
    35.21896254       65.20979831        0.99336777       -0.26813654        1.71000000        0.91988893
    35.23146392       65.26400977        0.99460124       -0.26992610        1.71000000        0.91881137
    35.24380323       65.31822124        0.99583240       -0.27171869        1.71000000        0.91773523
    35.25597991       65.37243271        0.99706124       -0.27351430        1.71000000        0.91666050
    35.26799338       65.42664418        0.99828777       -0.27531292        1.71000000        0.91558720
    35.27984307       65.48085565        0.99951198       -0.27711455        1.71000000        0.91451532
    35.29152841       65.53506712        1.00073385       -0.27891920        1.71000000        0.91344486
    35.30304881       65.58927858        1.00195339       -0.28072684        1.71000000        0.91237583
    35.31440369       65.64349005        1.00317058       -0.28253749        1.71000000        0.91130823
    35.32559246       65.69770152        1.00438543       -0.28435114        1.71000000        0.91024206
    35.33661453       65.75191299        1.00559793       -0.28616779        1.71000000        0.90917733
    35.34746932       65.80612446        1.00680806       -0.28798742        1.71000000        0.90811404
    35.35815622       65.86033593        1.00801583       -0.28981004        1.71000000        0.90705219
    35.36867463       65.91454739        1.00922123       -0.29163564        1.71000000        0.90599179
    35.37902396       65.96875886        1.01042426       -0.29346422        1.71000000        0.90493283
    35.38920360       66.02297033        1.01162490       -0.29529577        1.71000000        0.90387532
    35.39921294       66.07718180        1.01282315       -0.29713029        1.71000000        0.90281926
    35.40905137       66.13139327        1.01401900       -0.29896777        1.71000000        0.90176466
    35.41871828       66.18560473        1.01521246       -0.30080821        1.71000000        0.90071151
    35.42821304       66.23981620        1.01640351       -0.30265160        1.71000000        0.89965983
    35.43753504       66.29402767        1.01759215       -0.30449794        1.71000000        0.89860961
    35.44668365       66.34823914        1.01877837       -0.30634722        1.71000000        0.89756086
    35.45565825       66.40245061        1.01996217       -0.30819943        1.71000000        0.89651358
    35.46445820       66.45666208        1.02114354       -0.31005458        1.71000000        0.89546777
    35.47308287       66.51087354        1.02232247       -0.31191264        1.71000000        0.89442344
    35.48153162       66.56508501        1.02349896       -0.31377363        1.71000000        0.89338058
    35.48980382       66.61929648        1.02467300       -0.31563752        1.71000000        0.89233920
    35.49789881       66.67350795        1.02584459       -0.31750432        1.71000000        0.89129931
    35.50581596       66.72771942        1.02701371       -0.31937401        1.71000000        0.89026091
    35.51355461       66.78193089        1.02818038       -0.32124659        1.71000000        0.88922400
    35.52111411       66.83614235        1.02934457       -0.32312206        1.71000000        0.88818858
    35.52849381       66.89035382        1.03050628       -0.32500040        1.71000000        0.88715466
    35.53569303       66.94456529        1.03166551       -0.32688160        1.71000000        0.88612223
    35.54271113       66.99877676        1.03282225       -0.32876567        1.71000000        0.88509131
    35.54954743       67.05298823        1.03397650       -0.33065259        1.71000000        0.88406189
    35.55620126       67.10719970        1.03512824       -0.33254234        1.71000000        0.88303399
    35.56267195       67.16141116        1.03627747       -0.33443494        1.71000000        0.88200759
    35.56895882       67.21562263        1.03742419       -0.33633035        1.71000000        0.88098271
    35.57506120       67.26983410        1.03856839       -0.33822859        1.71000000        0.87995935
    35.58097839       67.32404557        1.03971007       -0.34012963        1.71000000        0.87893751
    35.58670972       67.37825704        1.04084921       -0.34203347        1.71000000        0.87791719
    35.59225449       67.43246850        1.04198581       -0.34394010        1.71000000        0.87689840
    35.59761200       67.48667997        1.04311987       -0.34584950        1.71000000        0.87588114
    35.60278157       67.54089144        1.04425138       -0.34776168        1.71000000        0.87486542
    35.60776249       67.59510291        1.04538033       -0.34967661        1.71000000        0.87385123
    35.61255406       67.64931438        1.04650672       -0.35159429        1.71000000        0.87283858
    35.61715556       67.70352585        1.04763053       -0.35351471        1.71000000        0.87182748
    35.62156630       67.75773731        1.04875178       -0.35543785        1.71000000        0.87081792
    35.62578555       67.81194878        1.04987044       -0.35736371        1.71000000        0.86980991
    35.62981259       67.86616025        1.05098651       -0.35929227        1.71000000        0.86880346
    35.63364671       67.92037172        1.05209999       -0.36122352        1.71000000        0.86779856
    35.63728718       67.97458319        1.05321087       -0.36315745        1.71000000        0.86679522
    35.64073327       68.02879466        1.05431914       -0.36509405        1.71000000        0.86579345
    35.64398426       68.08300612        1.05542480       -0.36703331        1.71000000        0.86479324
    35.64703940       68.13721759        1.05652783       -0.36897521        1.71000000        0.86379461
    35.64989795       68.19142906        1.05762825       -0.37091973        1.71000000        0.86279754
    35.65255918       68.24564053        1.05872603       -0.37286688        1.71000000        0.86180206
    35.65502233       68.29985200        1.05982117       -0.37481662        1.71000000        0.86080815
    35.65728667       68.35406347        1.06091366       -0.37676896        1.71000000        0.85981583
    35.65935143       68.40827493        1.06200351       -0.37872387        1.71000000        0.85882510
    35.66121585       68.46248640        1.06309070       -0.38068134        1.71000000        0.85783595
    35.66287919       68.51669787        1.06417522       -0.38264136        1.71000000        0.85684840
    35.66434067       68.57090934        1.06525707       -0.38460391        1.71000000        0.85586245
    35.66559952       68.62512081        1.06633625       -0.38656898        1.71000000        0.85487810
    35.66665498       68.67933227        1.06741274       -0.38853654        1.71000000        0.85389535
    35.66750627       68.73354374        1.06848654       -0.39050660        1.71000000        0.85291422
    35.66815262       68.78775521        1.06955765       -0.39247912        1.71000000        0.85193469
    35.66859323       68.84196668        1.07062605       -0.39445409        1.71000000        0.85095678
    35.66882733       68.89617815        1.07169174       -0.39643151        1.71000000        0.84998049
    35.66885412       68.95038962        1.07275472       -0.39841134        1.71000000        0.84900582
