#  Theta paroi en deg Angle Choc en deg       Kp           Inverse Mach       Mach amont       Mach aval
     0.00000000       46.00698325        0.00000000        0.28057554        1.39000000
     2.19213413       46.00830304        0.01026423        0.27544753        1.39000000        1.38996303
     2.55740106       46.01014966        0.01338545        0.27388448        1.39000000        1.38991131
     2.98328316       46.01357677        0.01742464        0.27185910        1.39000000        1.38981532
     3.46113859       46.01963803        0.02243659        0.26934174        1.39000000        1.38964559
     3.96374702       46.02938710        0.02822135        0.26643030        1.39000000        1.38937266
     4.47393120       46.04387764        0.03459981        0.26321251        1.39000000        1.38896713
     4.98349500       46.06416331        0.04145289        0.25974623        1.39000000        1.38839974
     5.48913832       46.09129777        0.04870732        0.25606640        1.39000000        1.38764136
     5.98994847       46.12633467        0.05631974        0.25219300        1.39000000        1.38666307
     6.48613893       46.17032769        0.06426594        0.24813623        1.39000000        1.38543623
     6.89431881       46.21432071        0.07109494        0.24463846        1.39000000        1.38421109
     7.24515007       46.25831372        0.07717007        0.24151776        1.39000000        1.38298763
     7.55526168       46.30230674        0.08269533        0.23867192        1.39000000        1.38176586
     7.83477083       46.34629976        0.08779824        0.23603707        1.39000000        1.38054575
     8.09033028       46.39029277        0.09256458        0.23357021        1.39000000        1.37932732
     8.32656830       46.43428579        0.09705517        0.23124085        1.39000000        1.37811055
     8.54684542       46.47827881        0.10131493        0.22902648        1.39000000        1.37689544
     8.75368533       46.52227182        0.10537806        0.22690994        1.39000000        1.37568198
     8.94903549       46.56626484        0.10927133        0.22487782        1.39000000        1.37447016
     9.13443283       46.61025786        0.11301609        0.22291941        1.39000000        1.37325999
     9.31111338       46.65425087        0.11662971        0.22102599        1.39000000        1.37205145
     9.48008727       46.69824389        0.12012652        0.21919037        1.39000000        1.37084454
     9.64219149       46.74223691        0.12351851        0.21740654        1.39000000        1.36963926
     9.79812804       46.78622993        0.12681581        0.21566942        1.39000000        1.36843559
     9.94849192       46.83022294        0.13002708        0.21397466        1.39000000        1.36723354
    10.09379220       46.87421596        0.13315978        0.21231851        1.39000000        1.36603309
    10.23446813       46.91820898        0.13622039        0.21069773        1.39000000        1.36483424
    10.37090158       46.96220199        0.13921458        0.20910946        1.39000000        1.36363700
    10.50342673       47.00619501        0.14214733        0.20755121        1.39000000        1.36244134
    10.63233792       47.05018803        0.14502308        0.20602074        1.39000000        1.36124727
    10.75789581       47.09418104        0.14784576        0.20451609        1.39000000        1.36005479
    10.88033240       47.13817406        0.15061888        0.20303548        1.39000000        1.35886387
    10.99985525       47.18216708        0.15334562        0.20157732        1.39000000        1.35767453
    11.11665075       47.22616009        0.15602882        0.20014019        1.39000000        1.35648676
    11.23088702       47.27015311        0.15867109        0.19872277        1.39000000        1.35530055
    11.34271629       47.31414613        0.16127476        0.19732388        1.39000000        1.35411589
    11.45227680       47.35813914        0.16384198        0.19594246        1.39000000        1.35293278
    11.55969459       47.40213216        0.16637471        0.19457750        1.39000000        1.35175122
    11.66508481       47.44612518        0.16887475        0.19322811        1.39000000        1.35057120
    11.76855310       47.49011819        0.17134377        0.19189345        1.39000000        1.34939271
    11.87019649       47.53411121        0.17378327        0.19057276        1.39000000        1.34821576
    11.97010443       47.57810423        0.17619468        0.18926531        1.39000000        1.34704033
    12.06835954       47.62209724        0.17857931        0.18797047        1.39000000        1.34586642
    12.16503827       47.66609026        0.18093835        0.18668760        1.39000000        1.34469403
    12.26021157       47.71008328        0.18327295        0.18541615        1.39000000        1.34352316
    12.35394538       47.75407629        0.18558416        0.18415558        1.39000000        1.34235379
    12.44630108       47.79806931        0.18787295        0.18290540        1.39000000        1.34118592
    12.53733597       47.84206233        0.19014025        0.18166514        1.39000000        1.34001955
    12.62710357       47.88605534        0.19238692        0.18043437        1.39000000        1.33885467
    12.71565400       47.93004836        0.19461376        0.17921269        1.39000000        1.33769128
    12.80303420       47.97404138        0.19682153        0.17799970        1.39000000        1.33652937
    12.88928830       48.01803439        0.19901094        0.17679505        1.39000000        1.33536895
    12.97445775       48.06202741        0.20118267        0.17559840        1.39000000        1.33421000
    13.05858156       48.10602043        0.20333735        0.17440942        1.39000000        1.33305252
    13.14169655       48.15001344        0.20547558        0.17322782        1.39000000        1.33189650
    13.22383742       48.19400646        0.20759792        0.17205331        1.39000000        1.33074195
    13.30503699       48.23799948        0.20970491        0.17088561        1.39000000        1.32958885
    13.38532631       48.28199249        0.21179706        0.16972447        1.39000000        1.32843721
    13.46473475       48.32598551        0.21387485        0.16856964        1.39000000        1.32728702
    13.54329020       48.36997853        0.21593873        0.16742090        1.39000000        1.32613827
    13.62101907       48.41397154        0.21798914        0.16627801        1.39000000        1.32499096
    13.69794651       48.45796456        0.22002650        0.16514078        1.39000000        1.32384508
    13.77409639       48.50195758        0.22205119        0.16400900        1.39000000        1.32270064
    13.84949143       48.54595060        0.22406359        0.16288247        1.39000000        1.32155762
    13.92415326       48.58994361        0.22606406        0.16176102        1.39000000        1.32041603
    13.99810253       48.63393663        0.22805293        0.16064448        1.39000000        1.31927586
    14.07135893       48.67792965        0.23003055        0.15953267        1.39000000        1.31813710
    14.14394122       48.72192266        0.23199720        0.15842544        1.39000000        1.31699975
    14.21586739       48.76591568        0.23395320        0.15732263        1.39000000        1.31586381
    14.28715458       48.80990870        0.23589883        0.15622411        1.39000000        1.31472927
    14.35781923       48.85390171        0.23783436        0.15512972        1.39000000        1.31359613
    14.42787706       48.89789473        0.23976005        0.15403934        1.39000000        1.31246438
    14.49734315       48.94188775        0.24167616        0.15295283        1.39000000        1.31133403
    14.56623194       48.98588076        0.24358291        0.15187008        1.39000000        1.31020506
    14.63455728       49.02987378        0.24548056        0.15079096        1.39000000        1.30907748
    14.70233249       49.07386680        0.24736930        0.14971536        1.39000000        1.30795127
    14.76957033       49.11785981        0.24924937        0.14864317        1.39000000        1.30682644
    14.83628309       49.16185283        0.25112097        0.14757428        1.39000000        1.30570298
    14.90248258       49.20584585        0.25298428        0.14650860        1.39000000        1.30458089
    14.96818015       49.24983886        0.25483951        0.14544601        1.39000000        1.30346016
    15.03338673       49.29383188        0.25668683        0.14438644        1.39000000        1.30234080
    15.09811286       49.33782490        0.25852642        0.14332978        1.39000000        1.30122279
    15.16236869       49.38181791        0.26035846        0.14227595        1.39000000        1.30010613
    15.22616398       49.42581093        0.26218309        0.14122487        1.39000000        1.29899082
    15.28950817       49.46980395        0.26400049        0.14017645        1.39000000        1.29787686
    15.35241036       49.51379696        0.26581081        0.13913061        1.39000000        1.29676424
    15.41487933       49.55778998        0.26761419        0.13808727        1.39000000        1.29565295
    15.47692357       49.60178300        0.26941077        0.13704636        1.39000000        1.29454301
    15.53855127       49.64577601        0.27120069        0.13600781        1.39000000        1.29343439
    15.59977034       49.68976903        0.27298409        0.13497156        1.39000000        1.29232710
    15.66058846       49.73376205        0.27476109        0.13393752        1.39000000        1.29122114
    15.72101302       49.77775506        0.27653182        0.13290564        1.39000000        1.29011649
    15.78105120       49.82174808        0.27829640        0.13187585        1.39000000        1.28901316
    15.84070991       49.86574110        0.28005494        0.13084809        1.39000000        1.28791115
    15.89999590       49.90973411        0.28180756        0.12982230        1.39000000        1.28681045
    15.95891566       49.95372713        0.28355437        0.12879843        1.39000000        1.28571105
    16.01747549       49.99772015        0.28529547        0.12777641        1.39000000        1.28461296
    16.07568151       50.04171316        0.28703096        0.12675620        1.39000000        1.28351617
    16.13353965       50.08570618        0.28876095        0.12573773        1.39000000        1.28242068
    16.19105565       50.12969920        0.29048553        0.12472097        1.39000000        1.28132648
    16.24823509       50.17369221        0.29220479        0.12370585        1.39000000        1.28023357
    16.30508337       50.21768523        0.29391883        0.12269233        1.39000000        1.27914195
    16.36160576       50.26167825        0.29562773        0.12168037        1.39000000        1.27805161
    16.41780736       50.30567127        0.29733158        0.12066991        1.39000000        1.27696255
    16.47369312       50.34966428        0.29903047        0.11966092        1.39000000        1.27587477
    16.52926787       50.39365730        0.30072446        0.11865334        1.39000000        1.27478827
    16.58453627       50.43765032        0.30241365        0.11764714        1.39000000        1.27370303
    16.63950288       50.48164333        0.30409811        0.11664227        1.39000000        1.27261907
    16.69417213       50.52563635        0.30577790        0.11563870        1.39000000        1.27153637
    16.74854832       50.56962937        0.30745312        0.11463639        1.39000000        1.27045493
    16.80263563       50.61362238        0.30912381        0.11363529        1.39000000        1.26937475
    16.85643815       50.65761540        0.31079006        0.11263537        1.39000000        1.26829583
    16.90995984       50.70160842        0.31245193        0.11163659        1.39000000        1.26721816
    16.96320455       50.74560143        0.31410948        0.11063892        1.39000000        1.26614174
    17.01617606       50.78959445        0.31576278        0.10964233        1.39000000        1.26506657
    17.06887802       50.83358747        0.31741188        0.10864678        1.39000000        1.26399265
    17.12131401       50.87758048        0.31905685        0.10765223        1.39000000        1.26291996
    17.17348749       50.92157350        0.32069775        0.10665866        1.39000000        1.26184851
    17.22540188       50.96556652        0.32233463        0.10566603        1.39000000        1.26077830
    17.27706046       51.00955953        0.32396755        0.10467432        1.39000000        1.25970932
    17.32846645       51.05355255        0.32559655        0.10368349        1.39000000        1.25864158
    17.37962301       51.09754557        0.32722170        0.10269351        1.39000000        1.25757505
    17.43053319       51.14153858        0.32884304        0.10170436        1.39000000        1.25650976
    17.48120001       51.18553160        0.33046063        0.10071600        1.39000000        1.25544568
    17.53162635       51.22952462        0.33207451        0.09972842        1.39000000        1.25438283
    17.58181509       51.27351763        0.33368473        0.09874157        1.39000000        1.25332119
    17.63176899       51.31751065        0.33529133        0.09775545        1.39000000        1.25226076
    17.68149077       51.36150367        0.33689437        0.09677002        1.39000000        1.25120154
    17.73098310       51.40549668        0.33849388        0.09578525        1.39000000        1.25014353
    17.78024854       51.44948970        0.34008991        0.09480113        1.39000000        1.24908673
    17.82928964       51.49348272        0.34168249        0.09381763        1.39000000        1.24803113
    17.87810888       51.53747573        0.34327168        0.09283472        1.39000000        1.24697673
    17.92670865       51.58146875        0.34485751        0.09185238        1.39000000        1.24592353
    17.97509132       51.62546177        0.34644001        0.09087059        1.39000000        1.24487152
    18.02325921       51.66945478        0.34801924        0.08988933        1.39000000        1.24382071
    18.07121457       51.71344780        0.34959522        0.08890858        1.39000000        1.24277108
    18.11895959       51.75744082        0.35116798        0.08792831        1.39000000        1.24172265
    18.16649645       51.80143383        0.35273758        0.08694850        1.39000000        1.24067539
    18.21382725       51.84542685        0.35430404        0.08596914        1.39000000        1.23962932
    18.26095405       51.88941987        0.35586739        0.08499020        1.39000000        1.23858443
    18.30787887       51.93341288        0.35742766        0.08401167        1.39000000        1.23754072
    18.35460369       51.97740590        0.35898490        0.08303352        1.39000000        1.23649818
    18.40113045       52.02139892        0.36053913        0.08205574        1.39000000        1.23545682
    18.44746102       52.06539194        0.36209039        0.08107831        1.39000000        1.23441662
    18.49359727       52.10938495        0.36363869        0.08010121        1.39000000        1.23337759
    18.53954101       52.15337797        0.36518408        0.07912442        1.39000000        1.23233973
    18.58529401       52.19737099        0.36672658        0.07814793        1.39000000        1.23130303
    18.63085802       52.24136400        0.36826622        0.07717171        1.39000000        1.23026749
    18.67623473       52.28535702        0.36980302        0.07619576        1.39000000        1.22923311
    18.72142580       52.32935004        0.37133703        0.07522005        1.39000000        1.22819989
    18.76643289       52.37334305        0.37286825        0.07424457        1.39000000        1.22716782
    18.81125758       52.41733607        0.37439671        0.07326930        1.39000000        1.22613690
    18.85590144       52.46132909        0.37592246        0.07229423        1.39000000        1.22510714
    18.90036600       52.50532210        0.37744549        0.07131935        1.39000000        1.22407851
    18.94465278       52.54931512        0.37896585        0.07034463        1.39000000        1.22305104
    18.98876325       52.59330814        0.38048355        0.06937007        1.39000000        1.22202471
    19.03269884       52.63730115        0.38199862        0.06839564        1.39000000        1.22099951
    19.07646099       52.68129417        0.38351109        0.06742134        1.39000000        1.21997546
    19.12005107       52.72528719        0.38502096        0.06644714        1.39000000        1.21895254
    19.16347046       52.76928020        0.38652827        0.06547305        1.39000000        1.21793076
    19.20672049       52.81327322        0.38803304        0.06449904        1.39000000        1.21691011
    19.24980245       52.85726624        0.38953528        0.06352509        1.39000000        1.21589059
    19.29271766       52.90125925        0.39103502        0.06255121        1.39000000        1.21487219
    19.33546734       52.94525227        0.39253228        0.06157737        1.39000000        1.21385493
    19.37805276       52.98924529        0.39402707        0.06060356        1.39000000        1.21283878
    19.42047511       53.03323830        0.39551942        0.05962976        1.39000000        1.21182376
    19.46273560       53.07723132        0.39700935        0.05865598        1.39000000        1.21080986
    19.50483537       53.12122434        0.39849687        0.05768219        1.39000000        1.20979708
    19.54677558       53.16521735        0.39998200        0.05670839        1.39000000        1.20878541
    19.58855735       53.20921037        0.40146477        0.05573455        1.39000000        1.20777485
    19.63018178       53.25320339        0.40294518        0.05476068        1.39000000        1.20676541
    19.67164997       53.29719640        0.40442325        0.05378675        1.39000000        1.20575708
    19.71296295       53.34118942        0.40589900        0.05281277        1.39000000        1.20474986
    19.75412178       53.38518244        0.40737245        0.05183871        1.39000000        1.20374374
    19.79512748       53.42917545        0.40884361        0.05086457        1.39000000        1.20273873
    19.83598106       53.47316847        0.41031250        0.04989033        1.39000000        1.20173482
    19.87668350       53.51716149        0.41177914        0.04891599        1.39000000        1.20073201
    19.91723576       53.56115450        0.41324353        0.04794153        1.39000000        1.19973030
    19.95763881       53.60514752        0.41470570        0.04696695        1.39000000        1.19872968
    19.99789356       53.64914054        0.41616565        0.04599224        1.39000000        1.19773016
    20.03800093       53.69313355        0.41762341        0.04501738        1.39000000        1.19673174
    20.07796184       53.73712657        0.41907898        0.04404237        1.39000000        1.19573440
    20.11777715       53.78111959        0.42053238        0.04306720        1.39000000        1.19473816
    20.15744774       53.82511261        0.42198363        0.04209185        1.39000000        1.19374301
    20.19697445       53.86910562        0.42343272        0.04111632        1.39000000        1.19274894
    20.23635813       53.91309864        0.42487969        0.04014061        1.39000000        1.19175595
    20.27559960       53.95709166        0.42632454        0.03916469        1.39000000        1.19076405
    20.31469967       54.00108467        0.42776729        0.03818856        1.39000000        1.18977323
    20.35365912       54.04507769        0.42920793        0.03721222        1.39000000        1.18878349
    20.39247874       54.08907071        0.43064650        0.03623566        1.39000000        1.18779483
    20.43115928       54.13306372        0.43208299        0.03525886        1.39000000        1.18680724
    20.46970152       54.17705674        0.43351743        0.03428182        1.39000000        1.18582073
    20.50810617       54.22104976        0.43494981        0.03330453        1.39000000        1.18483529
    20.54637398       54.26504277        0.43638016        0.03232698        1.39000000        1.18385092
    20.58450565       54.30903579        0.43780848        0.03134917        1.39000000        1.18286762
    20.62250188       54.35302881        0.43923479        0.03037108        1.39000000        1.18188540
    20.66036337       54.39702182        0.44065908        0.02939272        1.39000000        1.18090423
    20.69809078       54.44101484        0.44208139        0.02841406        1.39000000        1.17992414
    20.73568479       54.48500786        0.44350170        0.02743511        1.39000000        1.17894510
    20.77314604       54.52900087        0.44492004        0.02645586        1.39000000        1.17796713
    20.81047518       54.57299389        0.44633641        0.02547630        1.39000000        1.17699022
    20.84767284       54.61698691        0.44775082        0.02449642        1.39000000        1.17601437
    20.88473965       54.66097992        0.44916328        0.02351621        1.39000000        1.17503957
    20.92167620       54.70497294        0.45057381        0.02253568        1.39000000        1.17406584
    20.95848311       54.74896596        0.45198240        0.02155481        1.39000000        1.17309315
    20.99516094       54.79295897        0.45338907        0.02057359        1.39000000        1.17212152
    21.03171030       54.83695199        0.45479382        0.01959203        1.39000000        1.17115094
    21.06813175       54.88094501        0.45619667        0.01861010        1.39000000        1.17018142
    21.10442584       54.92493802        0.45759762        0.01762781        1.39000000        1.16921294
    21.14059312       54.96893104        0.45899668        0.01664516        1.39000000        1.16824551
    21.17663414       55.01292406        0.46039386        0.01566212        1.39000000        1.16727912
    21.21254942       55.05691707        0.46178916        0.01467870        1.39000000        1.16631378
    21.24833949       55.10091009        0.46318259        0.01369490        1.39000000        1.16534949
    21.28400485       55.14490311        0.46457417        0.01271070        1.39000000        1.16438623
    21.31954603       55.18889612        0.46596389        0.01172610        1.39000000        1.16342402
    21.35496350       55.23288914        0.46735177        0.01074110        1.39000000        1.16246284
    21.39025776       55.27688216        0.46873780        0.00975568        1.39000000        1.16150271
    21.42542928       55.32087517        0.47012201        0.00876984        1.39000000        1.16054361
    21.46047854       55.36486819        0.47150439        0.00778359        1.39000000        1.15958555
    21.49540600       55.40886121        0.47288495        0.00679690        1.39000000        1.15862852
    21.53021210       55.45285423        0.47426369        0.00580978        1.39000000        1.15767252
    21.56489731       55.49684724        0.47564063        0.00482222        1.39000000        1.15671756
    21.59946206       55.54084026        0.47701577        0.00383422        1.39000000        1.15576363
    21.63390677       55.58483328        0.47838912        0.00284577        1.39000000        1.15481073
    21.66823188       55.62882629        0.47976067        0.00185687        1.39000000        1.15385885
    21.70243780       55.67281931        0.48113044        0.00086750        1.39000000        1.15290800
    21.73652494       55.71681233        0.48249844       -0.00012233        1.39000000        1.15195818
    21.77049371       55.76080534        0.48386466       -0.00111263        1.39000000        1.15100938
    21.80434449       55.80479836        0.48522911       -0.00210340        1.39000000        1.15006161
    21.83807768       55.84879138        0.48659180       -0.00309465        1.39000000        1.14911486
    21.87169366       55.89278439        0.48795274       -0.00408639        1.39000000        1.14816913
    21.90519281       55.93677741        0.48931192       -0.00507861        1.39000000        1.14722442
    21.93857549       55.98077043        0.49066936       -0.00607132        1.39000000        1.14628073
    21.97184207       56.02476344        0.49202505       -0.00706454        1.39000000        1.14533806
    22.00499290       56.06875646        0.49337901       -0.00805825        1.39000000        1.14439641
    22.03802833       56.11274948        0.49473124       -0.00905247        1.39000000        1.14345577
    22.07094871       56.15674249        0.49608173       -0.01004720        1.39000000        1.14251614
    22.10375438       56.20073551        0.49743051       -0.01104244        1.39000000        1.14157753
    22.13644566       56.24472853        0.49877756       -0.01203820        1.39000000        1.14063994
    22.16902289       56.28872154        0.50012290       -0.01303448        1.39000000        1.13970335
    22.20148638       56.33271456        0.50146652       -0.01403129        1.39000000        1.13876777
    22.23383645       56.37670758        0.50280844       -0.01502863        1.39000000        1.13783321
    22.26607341       56.42070059        0.50414866       -0.01602651        1.39000000        1.13689965
    22.29819755       56.46469361        0.50548717       -0.01702492        1.39000000        1.13596710
    22.33020919       56.50868663        0.50682400       -0.01802387        1.39000000        1.13503556
    22.36210860       56.55267964        0.50815912       -0.01902337        1.39000000        1.13410503
    22.39389609       56.59667266        0.50949256       -0.02002342        1.39000000        1.13317549
    22.42557192       56.64066568        0.51082432       -0.02102402        1.39000000        1.13224697
    22.45713639       56.68465869        0.51215439       -0.02202518        1.39000000        1.13131944
    22.48858975       56.72865171        0.51348279       -0.02302689        1.39000000        1.13039292
    22.51993229       56.77264473        0.51480951       -0.02402917        1.39000000        1.12946740
    22.55116425       56.81663774        0.51613455       -0.02503202        1.39000000        1.12854288
    22.58228590       56.86063076        0.51745793       -0.02603544        1.39000000        1.12761936
    22.61329749       56.90462378        0.51877964       -0.02703943        1.39000000        1.12669683
    22.64419926       56.94861679        0.52009969       -0.02804399        1.39000000        1.12577531
    22.67499147       56.99260981        0.52141808       -0.02904914        1.39000000        1.12485478
    22.70567434       57.03660283        0.52273481       -0.03005487        1.39000000        1.12393525
    22.73624812       57.08059584        0.52404989       -0.03106118        1.39000000        1.12301671
    22.76671302       57.12458886        0.52536332       -0.03206808        1.39000000        1.12209917
    22.79706929       57.16858188        0.52667509       -0.03307558        1.39000000        1.12118262
    22.82731713       57.21257490        0.52798522       -0.03408367        1.39000000        1.12026707
    22.85745677       57.25656791        0.52929371       -0.03509235        1.39000000        1.11935250
    22.88748841       57.30056093        0.53060055       -0.03610164        1.39000000        1.11843893
    22.91741227       57.34455395        0.53190575       -0.03711153        1.39000000        1.11752635
    22.94722855       57.38854696        0.53320932       -0.03812203        1.39000000        1.11661475
    22.97693745       57.43253998        0.53451125       -0.03913313        1.39000000        1.11570415
    23.00653916       57.47653300        0.53581154       -0.04014485        1.39000000        1.11479453
    23.03603388       57.52052601        0.53711021       -0.04115718        1.39000000        1.11388591
    23.06542179       57.56451903        0.53840724       -0.04217012        1.39000000        1.11297826
    23.09470308       57.60851205        0.53970265       -0.04318369        1.39000000        1.11207161
    23.12387793       57.65250506        0.54099643       -0.04419787        1.39000000        1.11116594
    23.15294651       57.69649808        0.54228859       -0.04521268        1.39000000        1.11026125
    23.18190900       57.74049110        0.54357913       -0.04622812        1.39000000        1.10935755
    23.21076556       57.78448411        0.54486804       -0.04724418        1.39000000        1.10845484
    23.23951637       57.82847713        0.54615534       -0.04826087        1.39000000        1.10755310
    23.26816158       57.87247015        0.54744102       -0.04927820        1.39000000        1.10665235
    23.29670135       57.91646316        0.54872509       -0.05029616        1.39000000        1.10575258
    23.32513584       57.96045618        0.55000754       -0.05131476        1.39000000        1.10485379
    23.35346519       58.00444920        0.55128838       -0.05233399        1.39000000        1.10395598
    23.38168957       58.04844221        0.55256760       -0.05335387        1.39000000        1.10305915
    23.40980910       58.09243523        0.55384522       -0.05437439        1.39000000        1.10216330
    23.43782393       58.13642825        0.55512123       -0.05539556        1.39000000        1.10126842
    23.46573420       58.18042126        0.55639563       -0.05641737        1.39000000        1.10037453
    23.49354004       58.22441428        0.55766842       -0.05743983        1.39000000        1.09948161
    23.52124159       58.26840730        0.55893961       -0.05846294        1.39000000        1.09858967
    23.54883898       58.31240031        0.56020920       -0.05948670        1.39000000        1.09769870
    23.57633231       58.35639333        0.56147718       -0.06051112        1.39000000        1.09680871
    23.60372173       58.40038635        0.56274356       -0.06153619        1.39000000        1.09591970
    23.63100734       58.44437936        0.56400834       -0.06256192        1.39000000        1.09503166
    23.65818927       58.48837238        0.56527151       -0.06358831        1.39000000        1.09414459
    23.68526762       58.53236540        0.56653309       -0.06461536        1.39000000        1.09325850
    23.71224251       58.57635841        0.56779307       -0.06564307        1.39000000        1.09237338
    23.73911404       58.62035143        0.56905145       -0.06667145        1.39000000        1.09148924
    23.76588232       58.66434445        0.57030823       -0.06770049        1.39000000        1.09060606
    23.79254744       58.70833746        0.57156342       -0.06873019        1.39000000        1.08972386
    23.81910951       58.75233048        0.57281701       -0.06976056        1.39000000        1.08884263
    23.84556862       58.79632350        0.57406901       -0.07079160        1.39000000        1.08796237
    23.87192486       58.84031651        0.57531941       -0.07182332        1.39000000        1.08708308
    23.89817831       58.88430953        0.57656821       -0.07285570        1.39000000        1.08620476
    23.92432908       58.92830255        0.57781542       -0.07388875        1.39000000        1.08532741
    23.95037724       58.97229557        0.57906104       -0.07492248        1.39000000        1.08445103
    23.97632288       59.01628858        0.58030507       -0.07595688        1.39000000        1.08357562
    24.00216606       59.06028160        0.58154750       -0.07699196        1.39000000        1.08270118
    24.02790688       59.10427462        0.58278834       -0.07802772        1.39000000        1.08182770
    24.05354540       59.14826763        0.58402758       -0.07906415        1.39000000        1.08095519
    24.07908169       59.19226065        0.58526524       -0.08010126        1.39000000        1.08008365
    24.10451582       59.23625367        0.58650130       -0.08113905        1.39000000        1.07921308
    24.12984786       59.28024668        0.58773577       -0.08217752        1.39000000        1.07834347
    24.15507786       59.32423970        0.58896865       -0.08321668        1.39000000        1.07747483
    24.18020590       59.36823272        0.59019994       -0.08425651        1.39000000        1.07660715
    24.20523203       59.41222573        0.59142963       -0.08529703        1.39000000        1.07574044
    24.23015630       59.45621875        0.59265774       -0.08633823        1.39000000        1.07487470
    24.25497878       59.50021177        0.59388425       -0.08738011        1.39000000        1.07400992
    24.27969950       59.54420478        0.59510917       -0.08842268        1.39000000        1.07314610
    24.30431852       59.58819780        0.59633250       -0.08946593        1.39000000        1.07228325
    24.32883589       59.63219082        0.59755423       -0.09050987        1.39000000        1.07142136
    24.35325164       59.67618383        0.59877438       -0.09155450        1.39000000        1.07056044
    24.37756583       59.72017685        0.59999293       -0.09259981        1.39000000        1.06970048
    24.40177849       59.76416987        0.60120989       -0.09364581        1.39000000        1.06884148
    24.42588965       59.80816288        0.60242526       -0.09469249        1.39000000        1.06798345
    24.44989936       59.85215590        0.60363903       -0.09573987        1.39000000        1.06712638
    24.47380765       59.89614892        0.60485121       -0.09678793        1.39000000        1.06627027
    24.49761454       59.94014193        0.60606180       -0.09783668        1.39000000        1.06541513
    24.52132006       59.98413495        0.60727079       -0.09888611        1.39000000        1.06456095
    24.54492425       60.02812797        0.60847818       -0.09993624        1.39000000        1.06370773
    24.56842712       60.07212098        0.60968399       -0.10098706        1.39000000        1.06285547
    24.59182870       60.11611400        0.61088819       -0.10203856        1.39000000        1.06200417
    24.61512900       60.16010702        0.61209080       -0.10309075        1.39000000        1.06115383
    24.63832805       60.20410003        0.61329182       -0.10414363        1.39000000        1.06030446
    24.66142587       60.24809305        0.61449124       -0.10519720        1.39000000        1.05945604
    24.68442245       60.29208607        0.61568906       -0.10625146        1.39000000        1.05860859
    24.70731782       60.33607908        0.61688528       -0.10730641        1.39000000        1.05776210
    24.73011199       60.38007210        0.61807990       -0.10836205        1.39000000        1.05691657
    24.75280496       60.42406512        0.61927292       -0.10941837        1.39000000        1.05607200
    24.77539675       60.46805813        0.62046435       -0.11047538        1.39000000        1.05522839
    24.79788734       60.51205115        0.62165417       -0.11153308        1.39000000        1.05438574
    24.82027675       60.55604417        0.62284239       -0.11259147        1.39000000        1.05354405
    24.84256497       60.60003718        0.62402901       -0.11365054        1.39000000        1.05270332
    24.86475201       60.64403020        0.62521402       -0.11471031        1.39000000        1.05186355
    24.88683785       60.68802322        0.62639743       -0.11577075        1.39000000        1.05102474
    24.90882250       60.73201624        0.62757923       -0.11683189        1.39000000        1.05018689
    24.93070594       60.77600925        0.62875943       -0.11789370        1.39000000        1.04935000
    24.95248816       60.82000227        0.62993803       -0.11895621        1.39000000        1.04851407
    24.97416916       60.86399529        0.63111501       -0.12001939        1.39000000        1.04767910
    24.99574893       60.90798830        0.63229039       -0.12108326        1.39000000        1.04684509
    25.01722743       60.95198132        0.63346415       -0.12214782        1.39000000        1.04601204
    25.03860467       60.99597434        0.63463631       -0.12321305        1.39000000        1.04517994
    25.05988061       61.03996735        0.63580685       -0.12427897        1.39000000        1.04434881
    25.08105525       61.08396037        0.63697579       -0.12534556        1.39000000        1.04351864
    25.10212855       61.12795339        0.63814310       -0.12641284        1.39000000        1.04268943
    25.12310049       61.17194640        0.63930881       -0.12748079        1.39000000        1.04186117
    25.14397105       61.21593942        0.64047289       -0.12854943        1.39000000        1.04103388
    25.16474021       61.25993244        0.64163537       -0.12961874        1.39000000        1.04020755
    25.18540793       61.30392545        0.64279622       -0.13068872        1.39000000        1.03938217
    25.20597417       61.34791847        0.64395545       -0.13175938        1.39000000        1.03855776
    25.22643891       61.39191149        0.64511306       -0.13283072        1.39000000        1.03773430
    25.24680211       61.43590450        0.64626905       -0.13390272        1.39000000        1.03691181
    25.26706375       61.47989752        0.64742342       -0.13497540        1.39000000        1.03609027
    25.28722377       61.52389054        0.64857617       -0.13604875        1.39000000        1.03526970
    25.30728215       61.56788355        0.64972728       -0.13712276        1.39000000        1.03445008
    25.32723883       61.61187657        0.65087677       -0.13819745        1.39000000        1.03363143
    25.34709378       61.65586959        0.65202464       -0.13927280        1.39000000        1.03281373
    25.36684695       61.69986260        0.65317087       -0.14034881        1.39000000        1.03199700
    25.38649831       61.74385562        0.65431547       -0.14142549        1.39000000        1.03118122
    25.40604779       61.78784864        0.65545845       -0.14250283        1.39000000        1.03036641
    25.42549536       61.83184165        0.65659978       -0.14358083        1.39000000        1.02955256
    25.44484095       61.87583467        0.65773948       -0.14465949        1.39000000        1.02873966
    25.46408453       61.91982769        0.65887755       -0.14573881        1.39000000        1.02792773
    25.48322604       61.96382070        0.66001398       -0.14681878        1.39000000        1.02711676
    25.50226542       62.00781372        0.66114877       -0.14789941        1.39000000        1.02630675
    25.52120261       62.05180674        0.66228191       -0.14898068        1.39000000        1.02549770
    25.54003755       62.09579975        0.66341342       -0.15006261        1.39000000        1.02468962
    25.55877019       62.13979277        0.66454328       -0.15114519        1.39000000        1.02388249
    25.57740048       62.18378579        0.66567150       -0.15222841        1.39000000        1.02307633
    25.59592833       62.22777880        0.66679806       -0.15331228        1.39000000        1.02227113
    25.61435370       62.27177182        0.66792298       -0.15439680        1.39000000        1.02146689
    25.63267650       62.31576484        0.66904625       -0.15548195        1.39000000        1.02066361
    25.65089669       62.35975785        0.67016787       -0.15656774        1.39000000        1.01986129
    25.66901419       62.40375087        0.67128784       -0.15765417        1.39000000        1.01905994
    25.68702892       62.44774389        0.67240615       -0.15874123        1.39000000        1.01825955
    25.70494082       62.49173691        0.67352280       -0.15982892        1.39000000        1.01746013
    25.72274982       62.53572992        0.67463779       -0.16091725        1.39000000        1.01666167
    25.74045584       62.57972294        0.67575113       -0.16200620        1.39000000        1.01586417
    25.75805880       62.62371596        0.67686280       -0.16309578        1.39000000        1.01506763
    25.77555863       62.66770897        0.67797281       -0.16418598        1.39000000        1.01427206
    25.79295526       62.71170199        0.67908115       -0.16527680        1.39000000        1.01347745
    25.81024859       62.75569501        0.68018782       -0.16636824        1.39000000        1.01268381
    25.82743855       62.79968802        0.68129283       -0.16746030        1.39000000        1.01189114
    25.84452506       62.84368104        0.68239617       -0.16855297        1.39000000        1.01109943
    25.86150804       62.88767406        0.68349783       -0.16964625        1.39000000        1.01030868
    25.87838739       62.93166707        0.68459782       -0.17074014        1.39000000        1.00951890
    25.89516303       62.97566009        0.68569613       -0.17183463        1.39000000        1.00873009
    25.91183487       63.01965311        0.68679276       -0.17292973        1.39000000        1.00794224
    25.92840284       63.06364612        0.68788772       -0.17402542        1.39000000        1.00715536
    25.94486682       63.10763914        0.68898099       -0.17512172        1.39000000        1.00636944
    25.96122674       63.15163216        0.69007258       -0.17621861        1.39000000        1.00558450
    25.97748249       63.19562517        0.69116248       -0.17731608        1.39000000        1.00480052
    25.99363398       63.23961819        0.69225069       -0.17841415        1.39000000        1.00401751
    26.00968113       63.28361121        0.69333722       -0.17951280        1.39000000        1.00323547
    26.02562383       63.32760422        0.69442205       -0.18061204        1.39000000        1.00245439
    26.04146198       63.37159724        0.69550519       -0.18171185        1.39000000        1.00167429
    26.05719549       63.41559026        0.69658663       -0.18281224        1.39000000        1.00089515
    26.07282425       63.45958327        0.69766637       -0.18391320        1.39000000        1.00011699
    26.08834815       63.50357629        0.69874442       -0.18501473        1.39000000        0.99933979
    26.10376711       63.54756931        0.69982076       -0.18611683        1.39000000        0.99856357
    26.11908100       63.59156232        0.70089540       -0.18721949        1.39000000        0.99778831
    26.13428973       63.63555534        0.70196833       -0.18832271        1.39000000        0.99701403
    26.14939319       63.67954836        0.70303956       -0.18942648        1.39000000        0.99624072
    26.16439127       63.72354137        0.70410907       -0.19053081        1.39000000        0.99546838
    26.17928386       63.76753439        0.70517688       -0.19163568        1.39000000        0.99469702
    26.19407086       63.81152741        0.70624296       -0.19274110        1.39000000        0.99392662
    26.20875213       63.85552042        0.70730733       -0.19384706        1.39000000        0.99315720
    26.22332758       63.89951344        0.70836998       -0.19495356        1.39000000        0.99238876
    26.23779710       63.94350646        0.70943092       -0.19606059        1.39000000        0.99162129
    26.25216055       63.98749947        0.71049012       -0.19716816        1.39000000        0.99085479
    26.26641783       64.03149249        0.71154760       -0.19827625        1.39000000        0.99008927
    26.28056882       64.07548551        0.71260336       -0.19938486        1.39000000        0.98932473
    26.29461340       64.11947853        0.71365738       -0.20049399        1.39000000        0.98856116
    26.30855145       64.16347154        0.71470967       -0.20160363        1.39000000        0.98779856
    26.32238285       64.20746456        0.71576023       -0.20271378        1.39000000        0.98703695
    26.33610747       64.25145758        0.71680905       -0.20382444        1.39000000        0.98627631
    26.34972519       64.29545059        0.71785613       -0.20493560        1.39000000        0.98551665
    26.36323588       64.33944361        0.71890147       -0.20604726        1.39000000        0.98475797
    26.37663942       64.38343663        0.71994507       -0.20715941        1.39000000        0.98400026
    26.38993569       64.42742964        0.72098692       -0.20827205        1.39000000        0.98324354
    26.40312454       64.47142266        0.72202702       -0.20938518        1.39000000        0.98248780
    26.41620586       64.51541568        0.72306537       -0.21049878        1.39000000        0.98173304
    26.42917951       64.55940869        0.72410197       -0.21161286        1.39000000        0.98097926
    26.44204536       64.60340171        0.72513681       -0.21272741        1.39000000        0.98022646
    26.45480328       64.64739473        0.72616989       -0.21384242        1.39000000        0.97947464
    26.46745312       64.69138774        0.72720122       -0.21495790        1.39000000        0.97872380
    26.47999477       64.73538076        0.72823078       -0.21607383        1.39000000        0.97797395
    26.49242806       64.77937378        0.72925857       -0.21719022        1.39000000        0.97722508
    26.50475289       64.82336679        0.73028460       -0.21830705        1.39000000        0.97647720
    26.51696910       64.86735981        0.73130886       -0.21942433        1.39000000        0.97573030
    26.52907655       64.91135283        0.73233134       -0.22054204        1.39000000        0.97498439
    26.54107510       64.95534584        0.73335205       -0.22166018        1.39000000        0.97423946
    26.55296461       64.99933886        0.73437099       -0.22277875        1.39000000        0.97349552
    26.56474494       65.04333188        0.73538814       -0.22389774        1.39000000        0.97275257
    26.57641594       65.08732489        0.73640351       -0.22501715        1.39000000        0.97201061
    26.58797747       65.13131791        0.73741709       -0.22613696        1.39000000        0.97126963
    26.59942938       65.17531093        0.73842889       -0.22725719        1.39000000        0.97052964
    26.61077152       65.21930394        0.73943889       -0.22837781        1.39000000        0.96979065
    26.62200375       65.26329696        0.74044710       -0.22949883        1.39000000        0.96905264
    26.63312591       65.30728998        0.74145352       -0.23062024        1.39000000        0.96831562
    26.64413785       65.35128299        0.74245814       -0.23174203        1.39000000        0.96757960
    26.65503943       65.39527601        0.74346096       -0.23286420        1.39000000        0.96684457
    26.66583049       65.43926903        0.74446197       -0.23398674        1.39000000        0.96611053
    26.67651087       65.48326204        0.74546118       -0.23510965        1.39000000        0.96537748
    26.68708042       65.52725506        0.74645858       -0.23623292        1.39000000        0.96464543
    26.69753899       65.57124808        0.74745417       -0.23735655        1.39000000        0.96391437
    26.70788642       65.61524109        0.74844794       -0.23848052        1.39000000        0.96318431
    26.71812254       65.65923411        0.74943990       -0.23960484        1.39000000        0.96245525
    26.72824720       65.70322713        0.75043004       -0.24072949        1.39000000        0.96172718
    26.73826025       65.74722014        0.75141835       -0.24185447        1.39000000        0.96100011
    26.74816151       65.79121316        0.75240484       -0.24297978        1.39000000        0.96027403
    26.75795084       65.83520618        0.75338951       -0.24410541        1.39000000        0.95954896
    26.76762805       65.87919920        0.75437234       -0.24523134        1.39000000        0.95882489
    26.77719299       65.92319221        0.75535334       -0.24635759        1.39000000        0.95810181
    26.78664551       65.96718523        0.75633250       -0.24748413        1.39000000        0.95737974
    26.79598541       66.01117825        0.75730982       -0.24861096        1.39000000        0.95665867
    26.80521255       66.05517126        0.75828530       -0.24973808        1.39000000        0.95593860
    26.81432675       66.09916428        0.75925894       -0.25086548        1.39000000        0.95521953
    26.82332785       66.14315730        0.76023073       -0.25199315        1.39000000        0.95450147
    26.83221567       66.18715031        0.76120067       -0.25312109        1.39000000        0.95378442
    26.84099004       66.23114333        0.76216876       -0.25424928        1.39000000        0.95306836
    26.84965079       66.27513635        0.76313499       -0.25537773        1.39000000        0.95235332
    26.85819774       66.31912936        0.76409936       -0.25650642        1.39000000        0.95163928
    26.86663074       66.36312238        0.76506187       -0.25763535        1.39000000        0.95092625
    26.87494958       66.40711540        0.76602252       -0.25876451        1.39000000        0.95021423
    26.88315411       66.45110841        0.76698130       -0.25989389        1.39000000        0.94950321
    26.89124414       66.49510143        0.76793821       -0.26102349        1.39000000        0.94879321
    26.89921950       66.53909445        0.76889324       -0.26215330        1.39000000        0.94808422
    26.90708001       66.58308746        0.76984640       -0.26328331        1.39000000        0.94737624
    26.91482548       66.62708048        0.77079768       -0.26441351        1.39000000        0.94666927
    26.92245574       66.67107350        0.77174708       -0.26554390        1.39000000        0.94596331
    26.92997060       66.71506651        0.77269459       -0.26667447        1.39000000        0.94525837
    26.93736989       66.75905953        0.77364021       -0.26780520        1.39000000        0.94455444
    26.94465342       66.80305255        0.77458394       -0.26893610        1.39000000        0.94385153
    26.95182099       66.84704556        0.77552578       -0.27006716        1.39000000        0.94314963
    26.95887243       66.89103858        0.77646572       -0.27119836        1.39000000        0.94244876
    26.96580756       66.93503160        0.77740376       -0.27232970        1.39000000        0.94174890
    26.97262618       66.97902461        0.77833990       -0.27346118        1.39000000        0.94105005
    26.97932810       67.02301763        0.77927413       -0.27459277        1.39000000        0.94035223
    26.98591313       67.06701065        0.78020645       -0.27572448        1.39000000        0.93965543
    26.99238109       67.11100366        0.78113685       -0.27685630        1.39000000        0.93895965
    26.99873179       67.15499668        0.78206535       -0.27798822        1.39000000        0.93826489
    27.00496502       67.19898970        0.78299192       -0.27912022        1.39000000        0.93757116
    27.01108060       67.24298271        0.78391657       -0.28025231        1.39000000        0.93687845
    27.01707834       67.28697573        0.78483929       -0.28138447        1.39000000        0.93618676
    27.02295804       67.33096875        0.78576009       -0.28251669        1.39000000        0.93549610
    27.02871950       67.37496176        0.78667895       -0.28364897        1.39000000        0.93480647
    27.03436252       67.41895478        0.78759588       -0.28478129        1.39000000        0.93411786
    27.03988691       67.46294780        0.78851087       -0.28591365        1.39000000        0.93343028
    27.04529248       67.50694081        0.78942392       -0.28704604        1.39000000        0.93274373
    27.05057901       67.55093383        0.79033503       -0.28817845        1.39000000        0.93205821
    27.05574632       67.59492685        0.79124419       -0.28931087        1.39000000        0.93137372
    27.06079419       67.63891987        0.79215139       -0.29044329        1.39000000        0.93069026
    27.06572243       67.68291288        0.79305665       -0.29157570        1.39000000        0.93000784
    27.07053083       67.72690590        0.79395994       -0.29270810        1.39000000        0.92932645
    27.07521919       67.77089892        0.79486127       -0.29384047        1.39000000        0.92864609
    27.07978730       67.81489193        0.79576064       -0.29497280        1.39000000        0.92796677
    27.08423496       67.85888495        0.79665805       -0.29610508        1.39000000        0.92728849
    27.08856197       67.90287797        0.79755348       -0.29723731        1.39000000        0.92661124
    27.09276810       67.94687098        0.79844693       -0.29836947        1.39000000        0.92593504
    27.09685317       67.99086400        0.79933841       -0.29950156        1.39000000        0.92525987
    27.10081695       68.03485702        0.80022791       -0.30063356        1.39000000        0.92458574
    27.10465924       68.07885003        0.80111543       -0.30176547        1.39000000        0.92391265
    27.10837982       68.12284305        0.80200095       -0.30289727        1.39000000        0.92324060
    27.11197848       68.16683607        0.80288449       -0.30402895        1.39000000        0.92256960
    27.11545502       68.21082908        0.80376603       -0.30516051        1.39000000        0.92189964
    27.11880921       68.25482210        0.80464557       -0.30629193        1.39000000        0.92123073
    27.12204084       68.29881512        0.80552311       -0.30742321        1.39000000        0.92056286
    27.12514971       68.34280813        0.80639864       -0.30855433        1.39000000        0.91989604
    27.12813558       68.38680115        0.80727217       -0.30968528        1.39000000        0.91923027
    27.13099824       68.43079417        0.80814369       -0.31081605        1.39000000        0.91856554
    27.13373748       68.47478718        0.80901319       -0.31194663        1.39000000        0.91790187
    27.13635308       68.51878020        0.80988067       -0.31307701        1.39000000        0.91723925
    27.13884481       68.56277322        0.81074613       -0.31420718        1.39000000        0.91657767
    27.14121247       68.60676623        0.81160956       -0.31533713        1.39000000        0.91591716
    27.14345581       68.65075925        0.81247096       -0.31646684        1.39000000        0.91525769
    27.14557463       68.69475227        0.81333033       -0.31759631        1.39000000        0.91459928
    27.14756870       68.73874528        0.81418766       -0.31872552        1.39000000        0.91394193
    27.14943780       68.78273830        0.81504295       -0.31985447        1.39000000        0.91328563
    27.15118170       68.82673132        0.81589620       -0.32098313        1.39000000        0.91263039
    27.15280017       68.87072433        0.81674740       -0.32211151        1.39000000        0.91197621
    27.15429299       68.91471735        0.81759655       -0.32323958        1.39000000        0.91132309
    27.15565994       68.95871037        0.81844364       -0.32436734        1.39000000        0.91067103
    27.15690078       69.00270338        0.81928868       -0.32549478        1.39000000        0.91002004
    27.15801529       69.04669640        0.82013165       -0.32662187        1.39000000        0.90937010
    27.15900323       69.09068942        0.82097256       -0.32774862        1.39000000        0.90872123
    27.15986438       69.13468243        0.82181139       -0.32887500        1.39000000        0.90807343
    27.16059850       69.17867545        0.82264816       -0.33000101        1.39000000        0.90742669
    27.16120537       69.22266847        0.82348284       -0.33112664        1.39000000        0.90678102
    27.16168474       69.26666148        0.82431545       -0.33225186        1.39000000        0.90613642
    27.16203640       69.31065450        0.82514597       -0.33337668        1.39000000        0.90549289
    27.16226009       69.35464752        0.82597440       -0.33450107        1.39000000        0.90485043
    27.16235559       69.39864054        0.82680074       -0.33562502        1.39000000        0.90420904
