#  Theta paroi en deg Angle Choc en deg       Kp           Inverse Mach       Mach amont       Mach aval
     0.00000000       27.85850971        0.00000000        0.53271028        2.14000000
     1.93702225       27.86037395        0.00682466        0.52966807        2.14000000        2.13990815
     2.32599524       27.86298236        0.00928739        0.52857642        2.14000000        2.13977965
     2.74940984       27.86782326        0.01228157        0.52725349        2.14000000        2.13954121
     3.20847301       27.87638498        0.01586857        0.52567469        2.14000000        2.13911965
     3.68333514       27.89015584        0.01992596        0.52389664        2.14000000        2.13844199
     4.16205803       27.91062417        0.02435130        0.52196652        2.14000000        2.13743566
     4.63975977       27.93927830        0.02908444        0.51991245        2.14000000        2.13602866
     5.11529077       27.97760656        0.03409635        0.51774865        2.14000000        2.13414990
     5.58925113       28.02709727        0.03937815        0.51548044        2.14000000        2.13172945
     6.06301656       28.08923876        0.04493406        0.51310749        2.14000000        2.12869895
     6.45665837       28.15138025        0.04975476        0.51105894        2.14000000        2.12567799
     6.79828522       28.21352174        0.05408568        0.50922648        2.14000000        2.12266648
     7.10308203       28.27566323        0.05806333        0.50754993        2.14000000        2.11966432
     7.38026073       28.33780472        0.06177242        0.50599197        2.14000000        2.11667140
     7.63586519       28.39994621        0.06526956        0.50452767        2.14000000        2.11368762
     7.87409219       28.46208770        0.06859469        0.50313945        2.14000000        2.11071290
     8.09798427       28.52422919        0.07177713        0.50181441        2.14000000        2.10774713
     8.30982314       28.58637068        0.07483912        0.50054275        2.14000000        2.10479023
     8.51136749       28.64851217        0.07779798        0.49931687        2.14000000        2.10184208
     8.70400381       28.71065366        0.08066748        0.49813069        2.14000000        2.09890262
     8.88884606       28.77279515        0.08345878        0.49697932        2.14000000        2.09597174
     9.06680385       28.83493664        0.08618105        0.49585870        2.14000000        2.09304936
     9.23863025       28.89707813        0.08884193        0.49476549        2.14000000        2.09013538
     9.40495640       28.95921962        0.09144786        0.49369682        2.14000000        2.08722973
     9.56631689       29.02136111        0.09400433        0.49265030        2.14000000        2.08433232
     9.72316884       29.08350260        0.09651604        0.49162384        2.14000000        2.08144305
     9.87590637       29.14564409        0.09898707        0.49061564        2.14000000        2.07856186
    10.02487194       29.20778558        0.10142099        0.48962412        2.14000000        2.07568865
    10.17036512       29.26992707        0.10382091        0.48864791        2.14000000        2.07282334
    10.31264956       29.33206856        0.10618959        0.48768578        2.14000000        2.06996587
    10.45195864       29.39421006        0.10852948        0.48673665        2.14000000        2.06711614
    10.58850003       29.45635155        0.11084276        0.48579955        2.14000000        2.06427407
    10.72245935       29.51849304        0.11313139        0.48487360        2.14000000        2.06143960
    10.85400330       29.58063453        0.11539713        0.48395804        2.14000000        2.05861265
    10.98328211       29.64277602        0.11764157        0.48305214        2.14000000        2.05579314
    11.11043177       29.70491751        0.11986614        0.48215526        2.14000000        2.05298099
    11.23557575       29.76705900        0.12207217        0.48126682        2.14000000        2.05017614
    11.35882651       29.82920049        0.12426083        0.48038628        2.14000000        2.04737851
    11.48028683       29.89134198        0.12643324        0.47951315        2.14000000        2.04458803
    11.60005092       29.95348347        0.12859038        0.47864698        2.14000000        2.04180464
    11.71820529       30.01562496        0.13073318        0.47778735        2.14000000        2.03902826
    11.83482965       30.07776645        0.13286250        0.47693388        2.14000000        2.03625882
    11.94999763       30.13990794        0.13497910        0.47608621        2.14000000        2.03349626
    12.06377731       30.20204943        0.13708373        0.47524402        2.14000000        2.03074051
    12.17623183       30.26419092        0.13917705        0.47440699        2.14000000        2.02799151
    12.28741991       30.32633241        0.14125969        0.47357485        2.14000000        2.02524919
    12.39739616       30.38847390        0.14333223        0.47274731        2.14000000        2.02251348
    12.50621153       30.45061539        0.14539521        0.47192414        2.14000000        2.01978433
    12.61391360       30.51275688        0.14744914        0.47110511        2.14000000        2.01706167
    12.72054692       30.57489837        0.14949450        0.47028998        2.14000000        2.01434544
    12.82615322       30.63703986        0.15153172        0.46947856        2.14000000        2.01163557
    12.93077169       30.69918135        0.15356123        0.46867065        2.14000000        2.00893202
    13.03443912       30.76132284        0.15558341        0.46786606        2.14000000        2.00623472
    13.13719018       30.82346433        0.15759863        0.46706464        2.14000000        2.00354361
    13.23905753       30.88560582        0.15960724        0.46626621        2.14000000        2.00085863
    13.34007196       30.94774731        0.16160956        0.46547061        2.14000000        1.99817973
    13.44026259       31.00988880        0.16360590        0.46467771        2.14000000        1.99550686
    13.53965694       31.07203029        0.16559655        0.46388737        2.14000000        1.99283994
    13.63828107       31.13417178        0.16758178        0.46309945        2.14000000        1.99017894
    13.73615969       31.19631327        0.16956185        0.46231383        2.14000000        1.98752380
    13.83331622       31.25845476        0.17153702        0.46153039        2.14000000        1.98487446
    13.92977292       31.32059625        0.17350750        0.46074902        2.14000000        1.98223087
    14.02555093       31.38273774        0.17547352        0.45996960        2.14000000        1.97959297
    14.12067039       31.44487923        0.17743530        0.45919205        2.14000000        1.97696073
    14.21515046       31.50702073        0.17939302        0.45841625        2.14000000        1.97433408
    14.30900939       31.56916222        0.18134688        0.45764211        2.14000000        1.97171298
    14.40226461       31.63130371        0.18329706        0.45686955        2.14000000        1.96909738
    14.49493275       31.69344520        0.18524373        0.45609848        2.14000000        1.96648722
    14.58702968       31.75558669        0.18718704        0.45532882        2.14000000        1.96388246
    14.67857059       31.81772818        0.18912717        0.45456048        2.14000000        1.96128306
    14.76957001       31.87986967        0.19106425        0.45379339        2.14000000        1.95868896
    14.86004184       31.94201116        0.19299843        0.45302749        2.14000000        1.95610012
    14.94999941       32.00415265        0.19492984        0.45226269        2.14000000        1.95351649
    15.03945548       32.06629414        0.19685860        0.45149893        2.14000000        1.95093802
    15.12842230       32.12843563        0.19878485        0.45073616        2.14000000        1.94836468
    15.21691163       32.19057712        0.20070871        0.44997429        2.14000000        1.94579642
    15.30493475       32.25271861        0.20263027        0.44921328        2.14000000        1.94323320
    15.39250251       32.31486010        0.20454966        0.44845307        2.14000000        1.94067496
    15.47962535       32.37700159        0.20646697        0.44769359        2.14000000        1.93812167
    15.56631328       32.43914308        0.20838230        0.44693481        2.14000000        1.93557329
    15.65257597       32.50128457        0.21029575        0.44617666        2.14000000        1.93302977
    15.73842270       32.56342606        0.21220741        0.44541909        2.14000000        1.93049108
    15.82386245       32.62556755        0.21411736        0.44466206        2.14000000        1.92795717
    15.90890384       32.68770904        0.21602570        0.44390552        2.14000000        1.92542800
    15.99355519       32.74985053        0.21793249        0.44314942        2.14000000        1.92290354
    16.07782453       32.81199202        0.21983781        0.44239372        2.14000000        1.92038374
    16.16171963       32.87413351        0.22174175        0.44163837        2.14000000        1.91786856
    16.24524795       32.93627500        0.22364437        0.44088334        2.14000000        1.91535797
    16.32841673       32.99841649        0.22554573        0.44012858        2.14000000        1.91285194
    16.41123298       33.06055798        0.22744591        0.43937406        2.14000000        1.91035041
    16.49370342       33.12269947        0.22934496        0.43861974        2.14000000        1.90785336
    16.57583460       33.18484096        0.23124295        0.43786557        2.14000000        1.90536075
    16.65763286       33.24698245        0.23313993        0.43711153        2.14000000        1.90287254
    16.73910429       33.30912394        0.23503597        0.43635758        2.14000000        1.90038870
    16.82025483       33.37126543        0.23693110        0.43560369        2.14000000        1.89790919
    16.90109023       33.43340692        0.23882540        0.43484982        2.14000000        1.89543398
    16.98161603       33.49554841        0.24071890        0.43409594        2.14000000        1.89296303
    17.06183764       33.55768990        0.24261165        0.43334202        2.14000000        1.89049631
    17.14176027       33.61983140        0.24450370        0.43258802        2.14000000        1.88803378
    17.22138900       33.68197289        0.24639510        0.43183393        2.14000000        1.88557542
    17.30072875       33.74411438        0.24828588        0.43107971        2.14000000        1.88312119
    17.37978429       33.80625587        0.25017609        0.43032533        2.14000000        1.88067106
    17.45856025       33.86839736        0.25206577        0.42957076        2.14000000        1.87822500
    17.53706115       33.93053885        0.25395495        0.42881598        2.14000000        1.87578296
    17.61529134       33.99268034        0.25584367        0.42806096        2.14000000        1.87334493
    17.69325508       34.05482183        0.25773197        0.42730568        2.14000000        1.87091088
    17.77095649       34.11696332        0.25961988        0.42655011        2.14000000        1.86848076
    17.84839960       34.17910481        0.26150744        0.42579423        2.14000000        1.86605456
    17.92558831       34.24124630        0.26339467        0.42503800        2.14000000        1.86363224
    18.00252640       34.30338779        0.26528161        0.42428142        2.14000000        1.86121377
    18.07921759       34.36552928        0.26716828        0.42352445        2.14000000        1.85879913
    18.15566545       34.42767077        0.26905472        0.42276708        2.14000000        1.85638828
    18.23187351       34.48981226        0.27094094        0.42200927        2.14000000        1.85398120
    18.30784516       34.55195375        0.27282699        0.42125102        2.14000000        1.85157786
    18.38358372       34.61409524        0.27471288        0.42049229        2.14000000        1.84917823
    18.45909243       34.67623673        0.27659863        0.41973307        2.14000000        1.84678228
    18.53437443       34.73837822        0.27848427        0.41897334        2.14000000        1.84438999
    18.60943280       34.80051971        0.28036983        0.41821308        2.14000000        1.84200133
    18.68427054       34.86266120        0.28225532        0.41745227        2.14000000        1.83961627
    18.75889055       34.92480269        0.28414077        0.41669088        2.14000000        1.83723479
    18.83329570       34.98694418        0.28602619        0.41592890        2.14000000        1.83485686
    18.90748874       35.04908567        0.28791161        0.41516632        2.14000000        1.83248246
    18.98147239       35.11122716        0.28979704        0.41440311        2.14000000        1.83011156
    19.05524930       35.17336865        0.29168250        0.41363925        2.14000000        1.82774413
    19.12882204       35.23551014        0.29356801        0.41287473        2.14000000        1.82538016
    19.20219312       35.29765163        0.29545359        0.41210953        2.14000000        1.82301961
    19.27536502       35.35979312        0.29733924        0.41134364        2.14000000        1.82066246
    19.34834012       35.42193461        0.29922500        0.41057703        2.14000000        1.81830870
    19.42112077       35.48407610        0.30111086        0.40980969        2.14000000        1.81595829
    19.49370927       35.54621759        0.30299685        0.40904161        2.14000000        1.81361121
    19.56610784       35.60835908        0.30488298        0.40827277        2.14000000        1.81126744
    19.63831868       35.67050057        0.30676926        0.40750314        2.14000000        1.80892696
    19.71034393       35.73264207        0.30865571        0.40673273        2.14000000        1.80658974
    19.78218566       35.79478356        0.31054234        0.40596151        2.14000000        1.80425576
    19.85384593       35.85692505        0.31242915        0.40518946        2.14000000        1.80192501
    19.92532673       35.91906654        0.31431616        0.40441658        2.14000000        1.79959745
    19.99663000       35.98120803        0.31620338        0.40364284        2.14000000        1.79727307
    20.06775767       36.04334952        0.31809082        0.40286824        2.14000000        1.79495184
    20.13871160       36.10549101        0.31997849        0.40209276        2.14000000        1.79263375
    20.20949362       36.16763250        0.32186640        0.40131638        2.14000000        1.79031877
    20.28010551       36.22977399        0.32375456        0.40053910        2.14000000        1.78800689
    20.35054903       36.29191548        0.32564297        0.39976089        2.14000000        1.78569808
    20.42082588       36.35405697        0.32753165        0.39898175        2.14000000        1.78339232
    20.49093776       36.41619846        0.32942060        0.39820166        2.14000000        1.78108960
    20.56088629       36.47833995        0.33130983        0.39742060        2.14000000        1.77878988
    20.63067308       36.54048144        0.33319935        0.39663857        2.14000000        1.77649317
    20.70029972       36.60262293        0.33508915        0.39585556        2.14000000        1.77419943
    20.76976773       36.66476442        0.33697926        0.39507154        2.14000000        1.77190864
    20.83907864       36.72690591        0.33886967        0.39428651        2.14000000        1.76962079
    20.90823391       36.78904740        0.34076039        0.39350045        2.14000000        1.76733586
    20.97723501       36.85118889        0.34265143        0.39271336        2.14000000        1.76505384
    21.04608334       36.91333038        0.34454279        0.39192522        2.14000000        1.76277469
    21.11478031       36.97547187        0.34643447        0.39113602        2.14000000        1.76049841
    21.18332727       37.03761336        0.34832648        0.39034574        2.14000000        1.75822498
    21.25172556       37.09975485        0.35021883        0.38955438        2.14000000        1.75595437
    21.31997649       37.16189634        0.35211152        0.38876192        2.14000000        1.75368658
    21.38808135       37.22403783        0.35400454        0.38796835        2.14000000        1.75142159
    21.45604140       37.28617932        0.35589791        0.38717366        2.14000000        1.74915937
    21.52385787       37.34832081        0.35779163        0.38637785        2.14000000        1.74689991
    21.59153197       37.41046230        0.35968570        0.38558089        2.14000000        1.74464320
    21.65906489       37.47260379        0.36158012        0.38478278        2.14000000        1.74238922
    21.72645779       37.53474528        0.36347489        0.38398350        2.14000000        1.74013795
    21.79371182       37.59688677        0.36537003        0.38318305        2.14000000        1.73788938
    21.86082809       37.65902826        0.36726552        0.38238141        2.14000000        1.73564349
    21.92780772       37.72116975        0.36916137        0.38157858        2.14000000        1.73340026
    21.99465176       37.78331124        0.37105759        0.38077454        2.14000000        1.73115969
    22.06136129       37.84545274        0.37295417        0.37996928        2.14000000        1.72892174
    22.12793735       37.90759423        0.37485111        0.37916279        2.14000000        1.72668642
    22.19438095       37.96973572        0.37674842        0.37835507        2.14000000        1.72445371
    22.26069309       38.03187721        0.37864609        0.37754610        2.14000000        1.72222358
    22.32687475       38.09401870        0.38054414        0.37673586        2.14000000        1.71999603
    22.39292691       38.15616019        0.38244254        0.37592436        2.14000000        1.71777104
    22.45885050       38.21830168        0.38434132        0.37511158        2.14000000        1.71554859
    22.52464645       38.28044317        0.38624046        0.37429752        2.14000000        1.71332868
    22.59031567       38.34258466        0.38813997        0.37348215        2.14000000        1.71111128
    22.65585907       38.40472615        0.39003985        0.37266547        2.14000000        1.70889640
    22.72127752       38.46686764        0.39194009        0.37184748        2.14000000        1.70668400
    22.78657187       38.52900913        0.39384069        0.37102816        2.14000000        1.70447408
    22.85174299       38.59115062        0.39574167        0.37020750        2.14000000        1.70226662
    22.91679170       38.65329211        0.39764300        0.36938549        2.14000000        1.70006162
    22.98171882       38.71543360        0.39954469        0.36856212        2.14000000        1.69785905
    23.04652515       38.77757509        0.40144675        0.36773739        2.14000000        1.69565891
    23.11121149       38.83971658        0.40334917        0.36691128        2.14000000        1.69346118
    23.17577860       38.90185807        0.40525194        0.36608379        2.14000000        1.69126585
    23.24022725       38.96399956        0.40715507        0.36525490        2.14000000        1.68907291
    23.30455818       39.02614105        0.40905855        0.36442461        2.14000000        1.68688234
    23.36877213       39.08828254        0.41096238        0.36359291        2.14000000        1.68469413
    23.43286981       39.15042403        0.41286657        0.36275978        2.14000000        1.68250828
    23.49685195       39.21256552        0.41477110        0.36192522        2.14000000        1.68032476
    23.56071922       39.27470701        0.41667598        0.36108923        2.14000000        1.67814358
    23.62447233       39.33684850        0.41858120        0.36025178        2.14000000        1.67596470
    23.68811194       39.39898999        0.42048676        0.35941287        2.14000000        1.67378813
    23.75163871       39.46113148        0.42239266        0.35857249        2.14000000        1.67161386
    23.81505328       39.52327297        0.42429889        0.35773064        2.14000000        1.66944186
    23.87835630       39.58541446        0.42620545        0.35688731        2.14000000        1.66727213
    23.94154840       39.64755595        0.42811235        0.35604247        2.14000000        1.66510467
    24.00463018       39.70969744        0.43001957        0.35519614        2.14000000        1.66293945
    24.06760226       39.77183893        0.43192711        0.35434829        2.14000000        1.66077646
    24.13046523       39.83398042        0.43383497        0.35349892        2.14000000        1.65861571
    24.19321966       39.89612191        0.43574314        0.35264803        2.14000000        1.65645717
    24.25586614       39.95826341        0.43765163        0.35179559        2.14000000        1.65430083
    24.31840523       40.02040490        0.43956043        0.35094161        2.14000000        1.65214669
    24.38083749       40.08254639        0.44146953        0.35008607        2.14000000        1.64999474
    24.44316346       40.14468788        0.44337893        0.34922897        2.14000000        1.64784496
    24.50538367       40.20682937        0.44528863        0.34837029        2.14000000        1.64569734
    24.56749865       40.26897086        0.44719862        0.34751003        2.14000000        1.64355188
    24.62950891       40.33111235        0.44910890        0.34664819        2.14000000        1.64140857
    24.69141497       40.39325384        0.45101947        0.34578474        2.14000000        1.63926739
    24.75321733       40.45539533        0.45293031        0.34491969        2.14000000        1.63712833
    24.81491648       40.51753682        0.45484144        0.34405302        2.14000000        1.63499140
    24.87651289       40.57967831        0.45675283        0.34318472        2.14000000        1.63285657
    24.93800705       40.64181980        0.45866450        0.34231480        2.14000000        1.63072384
    24.99939941       40.70396129        0.46057642        0.34144323        2.14000000        1.62859319
    25.06069044       40.76610278        0.46248861        0.34057002        2.14000000        1.62646463
    25.12188059       40.82824427        0.46440104        0.33969514        2.14000000        1.62433814
    25.18297029       40.89038576        0.46631373        0.33881860        2.14000000        1.62221371
    25.24395999       40.95252725        0.46822666        0.33794039        2.14000000        1.62009133
    25.30485010       41.01466874        0.47013983        0.33706049        2.14000000        1.61797100
    25.36564105       41.07681023        0.47205324        0.33617890        2.14000000        1.61585270
    25.42633326       41.13895172        0.47396687        0.33529562        2.14000000        1.61373644
    25.48692712       41.20109321        0.47588073        0.33441062        2.14000000        1.61162219
    25.54742303       41.26323470        0.47779480        0.33352391        2.14000000        1.60950995
    25.60782139       41.32537619        0.47970910        0.33263547        2.14000000        1.60739972
    25.66812257       41.38751768        0.48162360        0.33174530        2.14000000        1.60529148
    25.72832696       41.44965917        0.48353830        0.33085339        2.14000000        1.60318522
    25.78843492       41.51180066        0.48545320        0.32995973        2.14000000        1.60108095
    25.84844682       41.57394215        0.48736829        0.32906432        2.14000000        1.59897865
    25.90836302       41.63608364        0.48928358        0.32816713        2.14000000        1.59687831
    25.96818387       41.69822513        0.49119904        0.32726818        2.14000000        1.59477992
    26.02790971       41.76036662        0.49311468        0.32636744        2.14000000        1.59268349
    26.08754088       41.82250811        0.49503048        0.32546491        2.14000000        1.59058900
    26.14707772       41.88464960        0.49694646        0.32456058        2.14000000        1.58849643
    26.20652054       41.94679109        0.49886259        0.32365444        2.14000000        1.58640580
    26.26586968       42.00893258        0.50077888        0.32274649        2.14000000        1.58431708
    26.32512544       42.07107407        0.50269531        0.32183672        2.14000000        1.58223028
    26.38428814       42.13321557        0.50461188        0.32092511        2.14000000        1.58014538
    26.44335807       42.19535706        0.50652859        0.32001167        2.14000000        1.57806238
    26.50233555       42.25749855        0.50844543        0.31909638        2.14000000        1.57598127
    26.56122085       42.31964004        0.51036239        0.31817923        2.14000000        1.57390204
    26.62001426       42.38178153        0.51227947        0.31726021        2.14000000        1.57182470
    26.67871607       42.44392302        0.51419666        0.31633933        2.14000000        1.56974922
    26.73732655       42.50606451        0.51611395        0.31541656        2.14000000        1.56767560
    26.79584598       42.56820600        0.51803134        0.31449190        2.14000000        1.56560385
    26.85427461       42.63034749        0.51994883        0.31356535        2.14000000        1.56353394
    26.91261271       42.69248898        0.52186640        0.31263689        2.14000000        1.56146588
    26.97086054       42.75463047        0.52378405        0.31170652        2.14000000        1.55939966
    27.02901834       42.81677196        0.52570178        0.31077423        2.14000000        1.55733527
    27.08708636       42.87891345        0.52761957        0.30984000        2.14000000        1.55527270
    27.14506484       42.94105494        0.52953742        0.30890384        2.14000000        1.55321196
    27.20295403       43.00319643        0.53145533        0.30796573        2.14000000        1.55115303
    27.26075414       43.06533792        0.53337329        0.30702567        2.14000000        1.54909591
    27.31846540       43.12747941        0.53529128        0.30608364        2.14000000        1.54704059
    27.37608805       43.18962090        0.53720931        0.30513965        2.14000000        1.54498707
    27.43362228       43.25176239        0.53912737        0.30419367        2.14000000        1.54293533
    27.49106833       43.31390388        0.54104545        0.30324571        2.14000000        1.54088538
    27.54842639       43.37604537        0.54296354        0.30229575        2.14000000        1.53883722
    27.60569667       43.43818686        0.54488164        0.30134378        2.14000000        1.53679082
    27.66287937       43.50032835        0.54679974        0.30038981        2.14000000        1.53474619
    27.71997469       43.56246984        0.54871784        0.29943381        2.14000000        1.53270333
    27.77698281       43.62461133        0.55063592        0.29847579        2.14000000        1.53066222
    27.83390392       43.68675282        0.55255398        0.29751572        2.14000000        1.52862287
    27.89073821       43.74889431        0.55447202        0.29655362        2.14000000        1.52658526
    27.94748586       43.81103580        0.55639002        0.29558945        2.14000000        1.52454940
    28.00414703       43.87317729        0.55830799        0.29462323        2.14000000        1.52251527
    28.06072191       43.93531878        0.56022590        0.29365493        2.14000000        1.52048287
    28.11721065       43.99746027        0.56214376        0.29268456        2.14000000        1.51845220
    28.17361342       44.05960176        0.56406156        0.29171210        2.14000000        1.51642325
    28.22993038       44.12174325        0.56597930        0.29073754        2.14000000        1.51439602
    28.28616168       44.18388474        0.56789695        0.28976088        2.14000000        1.51237050
    28.34230748       44.24602624        0.56981453        0.28878211        2.14000000        1.51034669
    28.39836791       44.30816773        0.57173201        0.28780122        2.14000000        1.50832458
    28.45434313       44.37030922        0.57364940        0.28681820        2.14000000        1.50630417
    28.51023328       44.43245071        0.57556668        0.28583304        2.14000000        1.50428545
    28.56603849       44.49459220        0.57748385        0.28484573        2.14000000        1.50226842
    28.62175889       44.55673369        0.57940090        0.28385627        2.14000000        1.50025308
    28.67739462       44.61887518        0.58131783        0.28286465        2.14000000        1.49823941
    28.73294578       44.68101667        0.58323462        0.28187085        2.14000000        1.49622742
    28.78841253       44.74315816        0.58515128        0.28087488        2.14000000        1.49421710
    28.84379496       44.80529965        0.58706778        0.27987672        2.14000000        1.49220845
    28.89909319       44.86744114        0.58898413        0.27887636        2.14000000        1.49020146
    28.95430734       44.92958263        0.59090032        0.27787380        2.14000000        1.48819613
    29.00943751       44.99172412        0.59281634        0.27686902        2.14000000        1.48619245
    29.06448381       45.05386561        0.59473218        0.27586202        2.14000000        1.48419043
    29.11944634       45.11600710        0.59664784        0.27485278        2.14000000        1.48219004
    29.17432519       45.17814859        0.59856330        0.27384131        2.14000000        1.48019131
    29.22912047       45.24029008        0.60047857        0.27282759        2.14000000        1.47819421
    29.28383226       45.30243157        0.60239362        0.27181161        2.14000000        1.47619874
    29.33846065       45.36457306        0.60430846        0.27079337        2.14000000        1.47420491
    29.39300573       45.42671455        0.60622308        0.26977285        2.14000000        1.47221270
    29.44746758       45.48885604        0.60813747        0.26875005        2.14000000        1.47022212
    29.50184628       45.55099753        0.61005163        0.26772496        2.14000000        1.46823315
    29.55614189       45.61313902        0.61196554        0.26669757        2.14000000        1.46624580
    29.61035451       45.67528051        0.61387919        0.26566787        2.14000000        1.46426007
    29.66448419       45.73742200        0.61579259        0.26463585        2.14000000        1.46227594
    29.71853101       45.79956349        0.61770571        0.26360150        2.14000000        1.46029342
    29.77249502       45.86170498        0.61961856        0.26256482        2.14000000        1.45831249
    29.82637628       45.92384647        0.62153113        0.26152579        2.14000000        1.45633317
    29.88017486       45.98598796        0.62344341        0.26048441        2.14000000        1.45435544
    29.93389081       46.04812945        0.62535539        0.25944067        2.14000000        1.45237931
    29.98752417       46.11027094        0.62726706        0.25839456        2.14000000        1.45040476
    30.04107501       46.17241243        0.62917842        0.25734606        2.14000000        1.44843180
    30.09454335       46.23455392        0.63108946        0.25629518        2.14000000        1.44646042
    30.14792925       46.29669541        0.63300016        0.25524190        2.14000000        1.44449062
    30.20123275       46.35883691        0.63491053        0.25418621        2.14000000        1.44252239
    30.25445389       46.42097840        0.63682056        0.25312811        2.14000000        1.44055574
    30.30759269       46.48311989        0.63873023        0.25206758        2.14000000        1.43859065
    30.36064919       46.54526138        0.64063954        0.25100462        2.14000000        1.43662714
    30.41362341       46.60740287        0.64254848        0.24993922        2.14000000        1.43466518
    30.46651539       46.66954436        0.64445705        0.24887136        2.14000000        1.43270479
    30.51932515       46.73168585        0.64636523        0.24780104        2.14000000        1.43074595
    30.57205271       46.79382734        0.64827301        0.24672825        2.14000000        1.42878867
    30.62469808       46.85596883        0.65018040        0.24565298        2.14000000        1.42683295
    30.67726127       46.91811032        0.65208738        0.24457523        2.14000000        1.42487877
    30.72974232       46.98025181        0.65399395        0.24349497        2.14000000        1.42292614
    30.78214121       47.04239330        0.65590009        0.24241221        2.14000000        1.42097505
    30.83445796       47.10453479        0.65780579        0.24132693        2.14000000        1.41902550
    30.88669258       47.16667628        0.65971106        0.24023912        2.14000000        1.41707750
    30.93884506       47.22881777        0.66161588        0.23914878        2.14000000        1.41513102
    30.99091540       47.29095926        0.66352025        0.23805590        2.14000000        1.41318609
    31.04290360       47.35310075        0.66542415        0.23696046        2.14000000        1.41124268
    31.09480966       47.41524224        0.66732757        0.23586245        2.14000000        1.40930080
    31.14663356       47.47738373        0.66923052        0.23476188        2.14000000        1.40736045
    31.19837530       47.53952522        0.67113298        0.23365872        2.14000000        1.40542163
    31.25003486       47.60166671        0.67303495        0.23255297        2.14000000        1.40348432
    31.30161221       47.66380820        0.67493641        0.23144462        2.14000000        1.40154854
    31.35310736       47.72594969        0.67683736        0.23033366        2.14000000        1.39961427
    31.40452027       47.78809118        0.67873779        0.22922008        2.14000000        1.39768151
    31.45585091       47.85023267        0.68063769        0.22810386        2.14000000        1.39575027
    31.50709927       47.91237416        0.68253705        0.22698501        2.14000000        1.39382054
    31.55826531       47.97451565        0.68443587        0.22586351        2.14000000        1.39189232
    31.60934900       48.03665714        0.68633414        0.22473935        2.14000000        1.38996560
    31.66035031       48.09879863        0.68823185        0.22361252        2.14000000        1.38804039
    31.71126920       48.16094012        0.69012898        0.22248301        2.14000000        1.38611668
    31.76210563       48.22308161        0.69202554        0.22135082        2.14000000        1.38419447
    31.81285957       48.28522310        0.69392152        0.22021592        2.14000000        1.38227376
    31.86353096       48.34736459        0.69581690        0.21907832        2.14000000        1.38035454
    31.91411976       48.40950608        0.69771169        0.21793800        2.14000000        1.37843682
    31.96462593       48.47164758        0.69960586        0.21679495        2.14000000        1.37652059
    32.01504941       48.53378907        0.70149941        0.21564916        2.14000000        1.37460586
    32.06539014       48.59593056        0.70339234        0.21450063        2.14000000        1.37269261
    32.11564808       48.65807205        0.70528464        0.21334934        2.14000000        1.37078084
    32.16582315       48.72021354        0.70717629        0.21219528        2.14000000        1.36887057
    32.21591532       48.78235503        0.70906730        0.21103844        2.14000000        1.36696177
    32.26592450       48.84449652        0.71095764        0.20987882        2.14000000        1.36505446
    32.31585063       48.90663801        0.71284732        0.20871640        2.14000000        1.36314863
    32.36569366       48.96877950        0.71473632        0.20755117        2.14000000        1.36124427
    32.41545350       49.03092099        0.71662464        0.20638312        2.14000000        1.35934139
    32.46513008       49.09306248        0.71851227        0.20521224        2.14000000        1.35743999
    32.51472333       49.15520397        0.72039920        0.20403852        2.14000000        1.35554006
    32.56423317       49.21734546        0.72228542        0.20286196        2.14000000        1.35364161
    32.61365953       49.27948695        0.72417092        0.20168253        2.14000000        1.35174462
    32.66300232       49.34162844        0.72605570        0.20050023        2.14000000        1.34984911
    32.71226145       49.40376993        0.72793975        0.19931506        2.14000000        1.34795506
    32.76143684       49.46591142        0.72982306        0.19812699        2.14000000        1.34606248
    32.81052840       49.52805291        0.73170561        0.19693602        2.14000000        1.34417136
    32.85953604       49.59019440        0.73358741        0.19574215        2.14000000        1.34228171
    32.90845967       49.65233589        0.73546845        0.19454534        2.14000000        1.34039351
    32.95729919       49.71447738        0.73734871        0.19334561        2.14000000        1.33850678
    33.00605450       49.77661887        0.73922818        0.19214293        2.14000000        1.33662151
    33.05472549       49.83876036        0.74110687        0.19093730        2.14000000        1.33473770
    33.10331209       49.90090185        0.74298476        0.18972870        2.14000000        1.33285535
    33.15181416       49.96304334        0.74486184        0.18851713        2.14000000        1.33097445
    33.20023160       50.02518483        0.74673811        0.18730257        2.14000000        1.32909501
    33.24856432       50.08732632        0.74861355        0.18608502        2.14000000        1.32721702
    33.29681219       50.14946781        0.75048816        0.18486445        2.14000000        1.32534048
    33.34497510       50.21160930        0.75236192        0.18364087        2.14000000        1.32346540
    33.39305293       50.27375079        0.75423484        0.18241426        2.14000000        1.32159177
    33.44104557       50.33589228        0.75610691        0.18118461        2.14000000        1.31971958
    33.48895289       50.39803377        0.75797810        0.17995190        2.14000000        1.31784885
    33.53677477       50.46017526        0.75984843        0.17871613        2.14000000        1.31597956
    33.58451108       50.52231675        0.76171787        0.17747729        2.14000000        1.31411172
    33.63216170       50.58445825        0.76358642        0.17623537        2.14000000        1.31224533
    33.67972650       50.64659974        0.76545407        0.17499035        2.14000000        1.31038038
    33.72720534       50.70874123        0.76732082        0.17374222        2.14000000        1.30851687
    33.77459809       50.77088272        0.76918665        0.17249097        2.14000000        1.30665481
    33.82190461       50.83302421        0.77105155        0.17123660        2.14000000        1.30479419
    33.86912476       50.89516570        0.77291552        0.16997908        2.14000000        1.30293501
    33.91625840       50.95730719        0.77477856        0.16871841        2.14000000        1.30107727
    33.96330539       51.01944868        0.77664064        0.16745458        2.14000000        1.29922098
    34.01026557       51.08159017        0.77850177        0.16618757        2.14000000        1.29736612
    34.05713881       51.14373166        0.78036193        0.16491738        2.14000000        1.29551270
    34.10392494       51.20587315        0.78222111        0.16364398        2.14000000        1.29366072
    34.15062383       51.26801464        0.78407932        0.16236738        2.14000000        1.29181018
    34.19723530       51.33015613        0.78593653        0.16108756        2.14000000        1.28996107
    34.24375921       51.39229762        0.78779274        0.15980450        2.14000000        1.28811340
    34.29019539       51.45443911        0.78964795        0.15851820        2.14000000        1.28626717
    34.33654368       51.51658060        0.79150214        0.15722865        2.14000000        1.28442237
    34.38280392       51.57872209        0.79335530        0.15593582        2.14000000        1.28257900
    34.42897594       51.64086358        0.79520743        0.15463972        2.14000000        1.28073707
    34.47505956       51.70300507        0.79705852        0.15334033        2.14000000        1.27889658
    34.52105463       51.76514656        0.79890857        0.15203763        2.14000000        1.27705751
    34.56696096       51.82728805        0.80075755        0.15073161        2.14000000        1.27521988
    34.61277837       51.88942954        0.80260547        0.14942227        2.14000000        1.27338368
    34.65850670       51.95157103        0.80445231        0.14810960        2.14000000        1.27154892
    34.70414575       52.01371252        0.80629807        0.14679356        2.14000000        1.26971558
    34.74969535       52.07585401        0.80814273        0.14547417        2.14000000        1.26788368
    34.79515531       52.13799550        0.80998630        0.14415140        2.14000000        1.26605321
    34.84052544       52.20013699        0.81182876        0.14282524        2.14000000        1.26422417
    34.88580555       52.26227848        0.81367010        0.14149569        2.14000000        1.26239655
    34.93099544       52.32441997        0.81551032        0.14016272        2.14000000        1.26057037
    34.97609494       52.38656146        0.81734940        0.13882633        2.14000000        1.25874562
    35.02110382       52.44870295        0.81918734        0.13748650        2.14000000        1.25692230
    35.06602191       52.51084444        0.82102413        0.13614322        2.14000000        1.25510041
    35.11084898       52.57298593        0.82285977        0.13479648        2.14000000        1.25327995
    35.15558485       52.63512742        0.82469423        0.13344626        2.14000000        1.25146091
    35.20022930       52.69726892        0.82652752        0.13209256        2.14000000        1.24964331
    35.24478213       52.75941041        0.82835963        0.13073536        2.14000000        1.24782713
    35.28924312       52.82155190        0.83019054        0.12937465        2.14000000        1.24601239
    35.33361206       52.88369339        0.83202025        0.12801042        2.14000000        1.24419907
    35.37788873       52.94583488        0.83384875        0.12664264        2.14000000        1.24238718
    35.42207291       53.00797637        0.83567604        0.12527132        2.14000000        1.24057672
    35.46616439       53.07011786        0.83750210        0.12389643        2.14000000        1.23876769
    35.51016293       53.13225935        0.83932692        0.12251797        2.14000000        1.23696009
    35.55406832       53.19440084        0.84115050        0.12113592        2.14000000        1.23515392
    35.59788033       53.25654233        0.84297283        0.11975027        2.14000000        1.23334918
    35.64159871       53.31868382        0.84479390        0.11836101        2.14000000        1.23154586
    35.68522326       53.38082531        0.84661370        0.11696811        2.14000000        1.22974398
    35.72875371       53.44296680        0.84843223        0.11557158        2.14000000        1.22794352
    35.77218984       53.50510829        0.85024947        0.11417139        2.14000000        1.22614450
    35.81553141       53.56724978        0.85206542        0.11276754        2.14000000        1.22434690
    35.85877817       53.62939127        0.85388006        0.11136001        2.14000000        1.22255074
    35.90192988       53.69153276        0.85569340        0.10994878        2.14000000        1.22075601
    35.94498629       53.75367425        0.85750541        0.10853385        2.14000000        1.21896270
    35.98794715       53.81581574        0.85931610        0.10711519        2.14000000        1.21717083
    36.03081220       53.87795723        0.86112545        0.10569281        2.14000000        1.21538039
    36.07358120       53.94009872        0.86293347        0.10426667        2.14000000        1.21359138
    36.11625388       54.00224021        0.86474012        0.10283678        2.14000000        1.21180380
    36.15882998       54.06438170        0.86654542        0.10140311        2.14000000        1.21001765
    36.20130924       54.12652319        0.86834935        0.09996566        2.14000000        1.20823294
    36.24369140       54.18866468        0.87015190        0.09852440        2.14000000        1.20644966
    36.28597618       54.25080617        0.87195306        0.09707933        2.14000000        1.20466781
    36.32816332       54.31294766        0.87375283        0.09563043        2.14000000        1.20288740
    36.37025254       54.37508915        0.87555120        0.09417769        2.14000000        1.20110842
    36.41224356       54.43723064        0.87734816        0.09272109        2.14000000        1.19933088
    36.45413612       54.49937213        0.87914370        0.09126062        2.14000000        1.19755477
    36.49592992       54.56151362        0.88093781        0.08979626        2.14000000        1.19578009
    36.53762468       54.62365511        0.88273048        0.08832801        2.14000000        1.19400686
    36.57922013       54.68579660        0.88452171        0.08685585        2.14000000        1.19223506
    36.62071595       54.74793809        0.88631149        0.08537976        2.14000000        1.19046470
    36.66211188       54.81007958        0.88809980        0.08389973        2.14000000        1.18869577
    36.70340761       54.87222108        0.88988665        0.08241574        2.14000000        1.18692829
    36.74460284       54.93436257        0.89167201        0.08092779        2.14000000        1.18516224
    36.78569728       54.99650406        0.89345589        0.07943585        2.14000000        1.18339764
    36.82669063       55.05864555        0.89523828        0.07793992        2.14000000        1.18163448
    36.86758257       55.12078704        0.89701916        0.07643997        2.14000000        1.17987275
    36.90837281       55.18292853        0.89879853        0.07493599        2.14000000        1.17811247
    36.94906103       55.24507002        0.90057638        0.07342798        2.14000000        1.17635364
    36.98964692       55.30721151        0.90235270        0.07191591        2.14000000        1.17459624
    37.03013016       55.36935300        0.90412749        0.07039977        2.14000000        1.17284030
    37.07051043       55.43149449        0.90590073        0.06887954        2.14000000        1.17108579
    37.11078743       55.49363598        0.90767241        0.06735522        2.14000000        1.16933274
    37.15096081       55.55577747        0.90944254        0.06582678        2.14000000        1.16758113
    37.19103025       55.61791896        0.91121109        0.06429421        2.14000000        1.16583097
    37.23099543       55.68006045        0.91297807        0.06275750        2.14000000        1.16408225
    37.27085601       55.74220194        0.91474346        0.06121663        2.14000000        1.16233499
    37.31061165       55.80434343        0.91650725        0.05967158        2.14000000        1.16058918
    37.35026202       55.86648492        0.91826944        0.05812235        2.14000000        1.15884482
    37.38980678       55.92862641        0.92003002        0.05656891        2.14000000        1.15710191
    37.42924559       55.99076790        0.92178897        0.05501125        2.14000000        1.15536046
    37.46857809       56.05290939        0.92354630        0.05344936        2.14000000        1.15362046
    37.50780394       56.11505088        0.92530199        0.05188322        2.14000000        1.15188192
    37.54692279       56.17719237        0.92705604        0.05031281        2.14000000        1.15014484
    37.58593427       56.23933386        0.92880843        0.04873812        2.14000000        1.14840921
    37.62483804       56.30147535        0.93055916        0.04715914        2.14000000        1.14667504
    37.66363373       56.36361684        0.93230822        0.04557585        2.14000000        1.14494233
    37.70232098       56.42575833        0.93405560        0.04398823        2.14000000        1.14321109
    37.74089941       56.48789982        0.93580129        0.04239626        2.14000000        1.14148130
    37.77936867       56.55004131        0.93754529        0.04079994        2.14000000        1.13975298
    37.81772837       56.61218280        0.93928758        0.03919925        2.14000000        1.13802613
    37.85597815       56.67432429        0.94102816        0.03759417        2.14000000        1.13630074
    37.89411761       56.73646578        0.94276703        0.03598468        2.14000000        1.13457682
    37.93214639       56.79860727        0.94450416        0.03437078        2.14000000        1.13285437
    37.97006409       56.86074876        0.94623955        0.03275243        2.14000000        1.13113338
    38.00787033       56.92289025        0.94797320        0.03112964        2.14000000        1.12941387
    38.04556471       56.98503175        0.94970510        0.02950237        2.14000000        1.12769583
    38.08314685       57.04717324        0.95143524        0.02787062        2.14000000        1.12597927
    38.12061633       57.10931473        0.95316360        0.02623437        2.14000000        1.12426418
    38.15797277       57.17145622        0.95489018        0.02459361        2.14000000        1.12255057
    38.19521576       57.23359771        0.95661498        0.02294831        2.14000000        1.12083844
    38.23234489       57.29573920        0.95833799        0.02129846        2.14000000        1.11912778
    38.26935975       57.35788069        0.96005919        0.01964405        2.14000000        1.11741861
    38.30625993       57.42002218        0.96177857        0.01798505        2.14000000        1.11571092
    38.34304501       57.48216367        0.96349614        0.01632146        2.14000000        1.11400471
    38.37971457       57.54430516        0.96521188        0.01465326        2.14000000        1.11229999
    38.41626819       57.60644665        0.96692579        0.01298042        2.14000000        1.11059676
    38.45270544       57.66858814        0.96863784        0.01130293        2.14000000        1.10889502
    38.48902589       57.73072963        0.97034805        0.00962078        2.14000000        1.10719477
    38.52522911       57.79287112        0.97205639        0.00793396        2.14000000        1.10549600
    38.56131467       57.85501261        0.97376287        0.00624243        2.14000000        1.10379874
    38.59728211       57.91715410        0.97546746        0.00454619        2.14000000        1.10210296
    38.63313101       57.97929559        0.97717017        0.00284522        2.14000000        1.10040869
    38.66886090       58.04143708        0.97887098        0.00113950        2.14000000        1.09871591
    38.70447135       58.10357857        0.98056990       -0.00057099        2.14000000        1.09702464
    38.73996190       58.16572006        0.98226690       -0.00228625        2.14000000        1.09533486
    38.77533210       58.22786155        0.98396198       -0.00400631        2.14000000        1.09364659
    38.81058147       58.29000304        0.98565513       -0.00573119        2.14000000        1.09195983
    38.84570956       58.35214453        0.98734635       -0.00746091        2.14000000        1.09027457
    38.88071591       58.41428602        0.98903563       -0.00919547        2.14000000        1.08859082
    38.91560003       58.47642751        0.99072295       -0.01093490        2.14000000        1.08690859
    38.95036146       58.53856900        0.99240831       -0.01267921        2.14000000        1.08522787
    38.98499971       58.60071049        0.99409170       -0.01442842        2.14000000        1.08354866
    39.01951432       58.66285198        0.99577312       -0.01618256        2.14000000        1.08187097
    39.05390478       58.72499347        0.99745255       -0.01794163        2.14000000        1.08019480
    39.08817062       58.78713496        0.99912999       -0.01970565        2.14000000        1.07852014
    39.12231133       58.84927645        1.00080542       -0.02147464        2.14000000        1.07684702
    39.15632643       58.91141794        1.00247885       -0.02324863        2.14000000        1.07517541
    39.19021542       58.97355943        1.00415026       -0.02502762        2.14000000        1.07350533
    39.22397778       59.03570092        1.00581964       -0.02681163        2.14000000        1.07183679
    39.25761301       59.09784242        1.00748698       -0.02860069        2.14000000        1.07016977
    39.29112061       59.15998391        1.00915229       -0.03039480        2.14000000        1.06850429
    39.32450005       59.22212540        1.01081554       -0.03219400        2.14000000        1.06684034
    39.35775082       59.28426689        1.01247674       -0.03399828        2.14000000        1.06517793
    39.39087240       59.34640838        1.01413586       -0.03580768        2.14000000        1.06351705
    39.42386425       59.40854987        1.01579292       -0.03762222        2.14000000        1.06185772
    39.45672585       59.47069136        1.01744788       -0.03944190        2.14000000        1.06019994
    39.48945667       59.53283285        1.01910076       -0.04126674        2.14000000        1.05854370
    39.52205616       59.59497434        1.02075154       -0.04309678        2.14000000        1.05688900
    39.55452379       59.65711583        1.02240020       -0.04493201        2.14000000        1.05523586
    39.58685901       59.71925732        1.02404676       -0.04677247        2.14000000        1.05358428
    39.61906126       59.78139881        1.02569118       -0.04861816        2.14000000        1.05193424
    39.65112999       59.84354030        1.02733348       -0.05046912        2.14000000        1.05028577
    39.68306465       59.90568179        1.02897363       -0.05232535        2.14000000        1.04863885
    39.71486467       59.96782328        1.03061164       -0.05418687        2.14000000        1.04699350
    39.74652949       60.02996477        1.03224748       -0.05605371        2.14000000        1.04534971
    39.77805854       60.09210626        1.03388117       -0.05792587        2.14000000        1.04370749
    39.80945123       60.15424775        1.03551268       -0.05980339        2.14000000        1.04206684
    39.84070700       60.21638924        1.03714200       -0.06168628        2.14000000        1.04042776
    39.87182526       60.27853073        1.03876914       -0.06357455        2.14000000        1.03879026
    39.90280541       60.34067222        1.04039408       -0.06546822        2.14000000        1.03715433
    39.93364688       60.40281371        1.04201682       -0.06736732        2.14000000        1.03551998
    39.96434906       60.46495520        1.04363733       -0.06927187        2.14000000        1.03388722
    39.99491135       60.52709669        1.04525563       -0.07118187        2.14000000        1.03225604
    40.02533316       60.58923818        1.04687170       -0.07309736        2.14000000        1.03062644
    40.05561386       60.65137967        1.04848553       -0.07501834        2.14000000        1.02899844
    40.08575285       60.71352116        1.05009711       -0.07694484        2.14000000        1.02737203
    40.11574950       60.77566265        1.05170644       -0.07887688        2.14000000        1.02574722
    40.14560321       60.83780414        1.05331350       -0.08081447        2.14000000        1.02412401
    40.17531333       60.89994563        1.05491829       -0.08275763        2.14000000        1.02250239
    40.20487924       60.96208712        1.05652081       -0.08470639        2.14000000        1.02088238
    40.23430030       61.02422861        1.05812104       -0.08666076        2.14000000        1.01926398
    40.26357587       61.08637010        1.05971897       -0.08862077        2.14000000        1.01764719
    40.29270531       61.14851159        1.06131460       -0.09058642        2.14000000        1.01603201
    40.32168796       61.21065309        1.06290791       -0.09255774        2.14000000        1.01441844
    40.35052318       61.27279458        1.06449891       -0.09453475        2.14000000        1.01280650
    40.37921030       61.33493607        1.06608758       -0.09651747        2.14000000        1.01119617
    40.40774866       61.39707756        1.06767391       -0.09850591        2.14000000        1.00958747
    40.43613758       61.45921905        1.06925790       -0.10050010        2.14000000        1.00798039
    40.46437640       61.52136054        1.07083954       -0.10250006        2.14000000        1.00637495
    40.49246445       61.58350203        1.07241882       -0.10450580        2.14000000        1.00477114
    40.52040102       61.64564352        1.07399573       -0.10651734        2.14000000        1.00316896
    40.54818544       61.70778501        1.07557026       -0.10853471        2.14000000        1.00156843
    40.57581702       61.76992650        1.07714241       -0.11055791        2.14000000        0.99996954
    40.60329505       61.83206799        1.07871217       -0.11258698        2.14000000        0.99837229
    40.63061883       61.89420948        1.08027952       -0.11462194        2.14000000        0.99677669
    40.65778766       61.95635097        1.08184447       -0.11666279        2.14000000        0.99518274
    40.68480082       62.01849246        1.08340700       -0.11870956        2.14000000        0.99359045
    40.71165759       62.08063395        1.08496711       -0.12076227        2.14000000        0.99199982
    40.73835725       62.14277544        1.08652479       -0.12282094        2.14000000        0.99041085
    40.76489907       62.20491693        1.08808002       -0.12488559        2.14000000        0.98882354
    40.79128232       62.26705842        1.08963280       -0.12695624        2.14000000        0.98723790
    40.81750625       62.32919991        1.09118313       -0.12903290        2.14000000        0.98565394
    40.84357013       62.39134140        1.09273100       -0.13111560        2.14000000        0.98407164
    40.86947320       62.45348289        1.09427639       -0.13320436        2.14000000        0.98249103
    40.89521472       62.51562438        1.09581930       -0.13529919        2.14000000        0.98091210
    40.92079391       62.57776587        1.09735972       -0.13740012        2.14000000        0.97933486
    40.94621001       62.63990736        1.09889764       -0.13950716        2.14000000        0.97775930
    40.97146226       62.70204885        1.10043306       -0.14162034        2.14000000        0.97618543
    40.99654987       62.76419034        1.10196597       -0.14373968        2.14000000        0.97461327
    41.02147206       62.82633183        1.10349635       -0.14586518        2.14000000        0.97304280
    41.04622805       62.88847332        1.10502421       -0.14799688        2.14000000        0.97147403
    41.07081704       62.95061481        1.10654952       -0.15013480        2.14000000        0.96990697
    41.09523824       63.01275630        1.10807230       -0.15227894        2.14000000        0.96834162
    41.11949083       63.07489779        1.10959252       -0.15442934        2.14000000        0.96677799
    41.14357400       63.13703928        1.11111017       -0.15658601        2.14000000        0.96521607
    41.16748695       63.19918077        1.11262526       -0.15874898        2.14000000        0.96365588
    41.19122884       63.26132226        1.11413778       -0.16091825        2.14000000        0.96209740
    41.21479886       63.32346376        1.11564770       -0.16309385        2.14000000        0.96054066
    41.23819616       63.38560525        1.11715504       -0.16527581        2.14000000        0.95898566
    41.26141991       63.44774674        1.11865977       -0.16746413        2.14000000        0.95743238
    41.28446926       63.50988823        1.12016189       -0.16965885        2.14000000        0.95588085
    41.30734336       63.57202972        1.12166139       -0.17185997        2.14000000        0.95433107
    41.33004134       63.63417121        1.12315827       -0.17406752        2.14000000        0.95278303
    41.35256236       63.69631270        1.12465252       -0.17628152        2.14000000        0.95123674
    41.37490554       63.75845419        1.12614413       -0.17850199        2.14000000        0.94969222
    41.39706999       63.82059568        1.12763308       -0.18072894        2.14000000        0.94814945
    41.41905484       63.88273717        1.12911938       -0.18296240        2.14000000        0.94660844
    41.44085920       63.94487866        1.13060301       -0.18520239        2.14000000        0.94506921
    41.46248218       64.00702015        1.13208397       -0.18744892        2.14000000        0.94353175
    41.48392287       64.06916164        1.13356225       -0.18970201        2.14000000        0.94199606
    41.50518037       64.13130313        1.13503783       -0.19196169        2.14000000        0.94046216
    41.52625375       64.19344462        1.13651072       -0.19422798        2.14000000        0.93893004
    41.54714211       64.25558611        1.13798091       -0.19650088        2.14000000        0.93739971
    41.56784451       64.31772760        1.13944838       -0.19878043        2.14000000        0.93587118
    41.58836002       64.37986909        1.14091313       -0.20106664        2.14000000        0.93434444
    41.60868769       64.44201058        1.14237515       -0.20335953        2.14000000        0.93281951
    41.62882659       64.50415207        1.14383443       -0.20565912        2.14000000        0.93129638
    41.64877575       64.56629356        1.14529097       -0.20796543        2.14000000        0.92977507
    41.66853422       64.62843505        1.14674475       -0.21027847        2.14000000        0.92825557
    41.68810103       64.69057654        1.14819577       -0.21259827        2.14000000        0.92673789
    41.70747520       64.75271803        1.14964402       -0.21492485        2.14000000        0.92522204
    41.72665575       64.81485952        1.15108949       -0.21725822        2.14000000        0.92370801
    41.74564170       64.87700101        1.15253218       -0.21959840        2.14000000        0.92219582
    41.76443205       64.93914250        1.15397208       -0.22194542        2.14000000        0.92068547
    41.78302580       65.00128399        1.15540917       -0.22429929        2.14000000        0.91917696
    41.80142193       65.06342548        1.15684345       -0.22666002        2.14000000        0.91767030
    41.81961944       65.12556697        1.15827492       -0.22902764        2.14000000        0.91616549
    41.83761729       65.18770846        1.15970356       -0.23140217        2.14000000        0.91466254
    41.85541446       65.24984995        1.16112936       -0.23378363        2.14000000        0.91316145
    41.87300990       65.31199144        1.16255232       -0.23617202        2.14000000        0.91166223
    41.89040257       65.37413293        1.16397244       -0.23856738        2.14000000        0.91016488
    41.90759143       65.43627443        1.16538969       -0.24096971        2.14000000        0.90866940
    41.92457540       65.49841592        1.16680408       -0.24337905        2.14000000        0.90717581
    41.94135342       65.56055741        1.16821560       -0.24579540        2.14000000        0.90568410
    41.95792441       65.62269890        1.16962423       -0.24821878        2.14000000        0.90419429
    41.97428730       65.68484039        1.17102997       -0.25064921        2.14000000        0.90270637
    41.99044098       65.74698188        1.17243282       -0.25308671        2.14000000        0.90122035
    42.00638436       65.80912337        1.17383276       -0.25553130        2.14000000        0.89973624
    42.02211634       65.87126486        1.17522978       -0.25798299        2.14000000        0.89825404
    42.03763580       65.93340635        1.17662388       -0.26044180        2.14000000        0.89677376
    42.05294161       65.99554784        1.17801505       -0.26290775        2.14000000        0.89529540
    42.06803265       66.05768933        1.17940329       -0.26538085        2.14000000        0.89381896
    42.08290777       66.11983082        1.18078857       -0.26786113        2.14000000        0.89234446
    42.09756584       66.18197231        1.18217091       -0.27034859        2.14000000        0.89087190
    42.11200569       66.24411380        1.18355027       -0.27284326        2.14000000        0.88940128
    42.12622617       66.30625529        1.18492667       -0.27534516        2.14000000        0.88793261
    42.14022611       66.36839678        1.18630009       -0.27785429        2.14000000        0.88646589
    42.15400431       66.43053827        1.18767052       -0.28037068        2.14000000        0.88500113
    42.16755960       66.49267976        1.18903796       -0.28289434        2.14000000        0.88353833
    42.18089078       66.55482125        1.19040240       -0.28542528        2.14000000        0.88207751
    42.19399665       66.61696274        1.19176382       -0.28796353        2.14000000        0.88061866
    42.20687599       66.67910423        1.19312222       -0.29050910        2.14000000        0.87916179
    42.21952758       66.74124572        1.19447760       -0.29306200        2.14000000        0.87770690
    42.23195020       66.80338721        1.19582994       -0.29562226        2.14000000        0.87625401
    42.24414259       66.86552870        1.19717924       -0.29818987        2.14000000        0.87480312
    42.25610352       66.92767019        1.19852548       -0.30076487        2.14000000        0.87335424
    42.26783172       66.98981168        1.19986866       -0.30334726        2.14000000        0.87190736
    42.27932594       67.05195317        1.20120878       -0.30593706        2.14000000        0.87046249
    42.29058489       67.11409466        1.20254582       -0.30853429        2.14000000        0.86901965
    42.30160730       67.17623615        1.20387978       -0.31113895        2.14000000        0.86757884
    42.31239186       67.23837764        1.20521064       -0.31375106        2.14000000        0.86614006
    42.32293729       67.30051913        1.20653840       -0.31637064        2.14000000        0.86470331
    42.33324226       67.36266062        1.20786305       -0.31899770        2.14000000        0.86326861
    42.34330547       67.42480211        1.20918459       -0.32163225        2.14000000        0.86183597
    42.35312557       67.48694360        1.21050300       -0.32427431        2.14000000        0.86040538
    42.36270123       67.54908510        1.21181827       -0.32692389        2.14000000        0.85897685
    42.37203110       67.61122659        1.21313041       -0.32958099        2.14000000        0.85755039
    42.38111382       67.67336808        1.21443939       -0.33224565        2.14000000        0.85612601
    42.38994803       67.73550957        1.21574522       -0.33491785        2.14000000        0.85470371
    42.39853235       67.79765106        1.21704788       -0.33759763        2.14000000        0.85328349
    42.40686538       67.85979255        1.21834736       -0.34028498        2.14000000        0.85186537
    42.41494575       67.92193404        1.21964366       -0.34297993        2.14000000        0.85044935
    42.42277203       67.98407553        1.22093677       -0.34568247        2.14000000        0.84903544
    42.43034281       68.04621702        1.22222668       -0.34839263        2.14000000        0.84762364
    42.43765666       68.10835851        1.22351338       -0.35111041        2.14000000        0.84621396
    42.44471216       68.17050000        1.22479686       -0.35383583        2.14000000        0.84480641
    42.45150784       68.23264149        1.22607712       -0.35656889        2.14000000        0.84340099
    42.45804226       68.29478298        1.22735415       -0.35930960        2.14000000        0.84199771
    42.46431394       68.35692447        1.22862793       -0.36205797        2.14000000        0.84059657
    42.47032141       68.41906596        1.22989847       -0.36481401        2.14000000        0.83919759
    42.47606319       68.48120745        1.23116574       -0.36757773        2.14000000        0.83780076
    42.48153776       68.54334894        1.23242975       -0.37034915        2.14000000        0.83640611
    42.48674363       68.60549043        1.23369049       -0.37312825        2.14000000        0.83501362
    42.49167927       68.66763192        1.23494794       -0.37591506        2.14000000        0.83362332
    42.49634315       68.72977341        1.23620210       -0.37870958        2.14000000        0.83223520
    42.50073374       68.79191490        1.23745296       -0.38151181        2.14000000        0.83084927
    42.50484947       68.85405639        1.23870051       -0.38432177        2.14000000        0.82946554
    42.50868879       68.91619788        1.23994474       -0.38713946        2.14000000        0.82808403
    42.51225012       68.97833937        1.24118564       -0.38996489        2.14000000        0.82670472
    42.51553188       69.04048086        1.24242321       -0.39279805        2.14000000        0.82532764
    42.51853247       69.10262235        1.24365744       -0.39563896        2.14000000        0.82395279
    42.52125029       69.16476384        1.24488832       -0.39848761        2.14000000        0.82258017
    42.52368371       69.22690533        1.24611584       -0.40134402        2.14000000        0.82120979
    42.52583110       69.28904682        1.24733998       -0.40420819        2.14000000        0.81984167
    42.52769082       69.35118831        1.24856075       -0.40708012        2.14000000        0.81847580
    42.52926123       69.41332980        1.24977814       -0.40995981        2.14000000        0.81711219
    42.53054065       69.47547129        1.25099213       -0.41284726        2.14000000        0.81575086
    42.53152741       69.53761278        1.25220272       -0.41574248        2.14000000        0.81439181
    42.53221982       69.59975427        1.25340989       -0.41864546        2.14000000        0.81303504
    42.53261618       69.66189576        1.25461364       -0.42155621        2.14000000        0.81168057
    42.53271478       69.72403726        1.25581397       -0.42447473        2.14000000        0.81032841
