#  Theta paroi en deg Angle Choc en deg       Kp           Inverse Mach       Mach amont       Mach aval
     0.00000000       27.30425829        0.00000000        0.54128440        2.18000000
     1.91947832       27.30613916        0.00667140        0.53831315        2.18000000        2.17990518
     2.30601565       27.30877084        0.00908435        0.53724489        2.18000000        2.17977252
     2.72629045       27.31365491        0.01201467        0.53595202        2.18000000        2.17952638
     3.18170988       27.32229299        0.01552308        0.53441038        2.18000000        2.17909121
     3.65271133       27.33618668        0.01949048        0.53267513        2.18000000        2.17839168
     4.12754881       27.35683757        0.02381745        0.53079212        2.18000000        2.17735290
     4.60145039       27.38574728        0.02844599        0.52878854        2.18000000        2.17590059
     5.07332995       27.42441739        0.03334856        0.52667803        2.18000000        2.17396143
     5.54382718       27.47434952        0.03851731        0.52446553        2.18000000        2.17146336
     6.01434497       27.53704526        0.04395718        0.52215046        2.18000000        2.16833596
     6.40547399       27.59974100        0.04867992        0.52015143        2.18000000        2.16521874
     6.74506893       27.66243674        0.05292513        0.51836284        2.18000000        2.16211157
     7.04817628       27.72513248        0.05682605        0.51672604        2.18000000        2.15901435
     7.32392351       27.78782823        0.06046537        0.51520466        2.18000000        2.15592697
     7.57829874       27.85052397        0.06389831        0.51377442        2.18000000        2.15284931
     7.81545991       27.91321971        0.06716384        0.51241819        2.18000000        2.14978128
     8.03842128       27.97591545        0.07029054        0.51112341        2.18000000        2.14672277
     8.24944334       28.03861119        0.07330012        0.50988054        2.18000000        2.14367368
     8.45026836       28.10130693        0.07620947        0.50868217        2.18000000        2.14063390
     8.64226989       28.16400268        0.07903200        0.50752240        2.18000000        2.13760334
     8.82655141       28.22669842        0.08177860        0.50639644        2.18000000        2.13458188
     9.00401399       28.28939416        0.08445821        0.50530037        2.18000000        2.13156945
     9.17540363       28.35208990        0.08707827        0.50423091        2.18000000        2.12856594
     9.34134554       28.41478564        0.08964506        0.50318530        2.18000000        2.12557125
     9.50236923       28.47748138        0.09216391        0.50216119        2.18000000        2.12258529
     9.65892753       28.54017713        0.09463943        0.50115655        2.18000000        2.11960798
     9.81141083       28.60287287        0.09707559        0.50016963        2.18000000        2.11663922
     9.96015833       28.66556861        0.09947584        0.49919890        2.18000000        2.11367891
    10.10546676       28.72826435        0.10184323        0.49824302        2.18000000        2.11072698
    10.24759727       28.79096009        0.10418045        0.49730080        2.18000000        2.10778333
    10.38678104       28.85365583        0.10648987        0.49637118        2.18000000        2.10484787
    10.52322373       28.91635158        0.10877363        0.49545322        2.18000000        2.10192053
    10.65710923       28.97904732        0.11103363        0.49454607        2.18000000        2.09900122
    10.78860260       29.04174306        0.11327158        0.49364898        2.18000000        2.09608986
    10.91785269       29.10443880        0.11548903        0.49276125        2.18000000        2.09318636
    11.04499415       29.16713454        0.11768738        0.49188225        2.18000000        2.09029064
    11.17014927       29.22983028        0.11986790        0.49101142        2.18000000        2.08740263
    11.29342945       29.29252603        0.12203175        0.49014824        2.18000000        2.08452225
    11.41493650       29.35522177        0.12418001        0.48929222        2.18000000        2.08164942
    11.53476367       29.41791751        0.12631364        0.48844293        2.18000000        2.07878406
    11.65299669       29.48061325        0.12843354        0.48759997        2.18000000        2.07592610
    11.76971450       29.54330899        0.13054054        0.48676295        2.18000000        2.07307547
    11.88498997       29.60600474        0.13263539        0.48593154        2.18000000        2.07023208
    11.99889058       29.66870048        0.13471881        0.48510542        2.18000000        2.06739588
    12.11147885       29.73139622        0.13679145        0.48428428        2.18000000        2.06456678
    12.22281292       29.79409196        0.13885391        0.48346785        2.18000000        2.06174472
    12.33294688       29.85678770        0.14090676        0.48265587        2.18000000        2.05892964
    12.44193118       29.91948344        0.14295054        0.48184809        2.18000000        2.05612145
    12.54981296       29.98217919        0.14498572        0.48104430        2.18000000        2.05332009
    12.65663632       30.04487493        0.14701277        0.48024426        2.18000000        2.05052550
    12.76244259       30.10757067        0.14903212        0.47944779        2.18000000        2.04773761
    12.86727058       30.17026641        0.15104418        0.47865470        2.18000000        2.04495636
    12.97115675       30.23296215        0.15304932        0.47786481        2.18000000        2.04218167
    13.07413540       30.29565789        0.15504790        0.47707795        2.18000000        2.03941350
    13.17623887       30.35835364        0.15704026        0.47629396        2.18000000        2.03665177
    13.27749769       30.42104938        0.15902671        0.47551270        2.18000000        2.03389643
    13.37794066       30.48374512        0.16100754        0.47473401        2.18000000        2.03114741
    13.47759505       30.54644086        0.16298305        0.47395778        2.18000000        2.02840466
    13.57648667       30.60913660        0.16495349        0.47318386        2.18000000        2.02566811
    13.67463997       30.67183234        0.16691912        0.47241214        2.18000000        2.02293770
    13.77207817       30.73452809        0.16888017        0.47164250        2.18000000        2.02021339
    13.86882330       30.79722383        0.17083687        0.47087483        2.18000000        2.01749510
    13.96489629       30.85991957        0.17278944        0.47010903        2.18000000        2.01478280
    14.06031710       30.92261531        0.17473807        0.46934500        2.18000000        2.01207641
    14.15510469       30.98531105        0.17668296        0.46858264        2.18000000        2.00937589
    14.24927714       31.04800679        0.17862429        0.46782186        2.18000000        2.00668118
    14.34285171       31.11070254        0.18056223        0.46706257        2.18000000        2.00399223
    14.43584486       31.17339828        0.18249696        0.46630469        2.18000000        2.00130898
    14.52827232       31.23609402        0.18442862        0.46554814        2.18000000        1.99863139
    14.62014914       31.29878976        0.18635738        0.46479284        2.18000000        1.99595940
    14.71148967       31.36148550        0.18828336        0.46403872        2.18000000        1.99329296
    14.80230772       31.42418124        0.19020671        0.46328571        2.18000000        1.99063202
    14.89261647       31.48687699        0.19212756        0.46253374        2.18000000        1.98797654
    14.98242856       31.54957273        0.19404603        0.46178274        2.18000000        1.98532645
    15.07175612       31.61226847        0.19596225        0.46103265        2.18000000        1.98268173
    15.16061080       31.67496421        0.19787632        0.46028342        2.18000000        1.98004231
    15.24900376       31.73765995        0.19978835        0.45953497        2.18000000        1.97740815
    15.33694577       31.80035570        0.20169845        0.45878726        2.18000000        1.97477921
    15.42444713       31.86305144        0.20360672        0.45804023        2.18000000        1.97215543
    15.51151780       31.92574718        0.20551325        0.45729384        2.18000000        1.96953678
    15.59816732       31.98844292        0.20741813        0.45654801        2.18000000        1.96692321
    15.68440491       32.05113866        0.20932146        0.45580272        2.18000000        1.96431467
    15.77023944       32.11383440        0.21122331        0.45505791        2.18000000        1.96171112
    15.85567945       32.17653015        0.21312376        0.45431353        2.18000000        1.95911252
    15.94073320       32.23922589        0.21502290        0.45356955        2.18000000        1.95651883
    16.02540863       32.30192163        0.21692079        0.45282591        2.18000000        1.95393000
    16.10971342       32.36461737        0.21881751        0.45208258        2.18000000        1.95134599
    16.19365499       32.42731311        0.22071312        0.45133952        2.18000000        1.94876677
    16.27724050       32.49000885        0.22260770        0.45059668        2.18000000        1.94619228
    16.36047687       32.55270460        0.22450129        0.44985403        2.18000000        1.94362250
    16.44337079       32.61540034        0.22639397        0.44911154        2.18000000        1.94105738
    16.52592874       32.67809608        0.22828579        0.44836916        2.18000000        1.93849688
    16.60815698       32.74079182        0.23017681        0.44762686        2.18000000        1.93594096
    16.69006156       32.80348756        0.23206708        0.44688460        2.18000000        1.93338960
    16.77164836       32.86618330        0.23395665        0.44614236        2.18000000        1.93084274
    16.85292307       32.92887905        0.23584557        0.44540011        2.18000000        1.92830035
    16.93389119       32.99157479        0.23773389        0.44465780        2.18000000        1.92576240
    17.01455807       33.05427053        0.23962166        0.44391541        2.18000000        1.92322885
    17.09492888       33.11696627        0.24150891        0.44317291        2.18000000        1.92069966
    17.17500865       33.17966201        0.24339570        0.44243028        2.18000000        1.91817480
    17.25480224       33.24235775        0.24528205        0.44168747        2.18000000        1.91565423
    17.33431439       33.30505350        0.24716802        0.44094448        2.18000000        1.91313792
    17.41354969       33.36774924        0.24905364        0.44020126        2.18000000        1.91062584
    17.49251260       33.43044498        0.25093894        0.43945779        2.18000000        1.90811794
    17.57120745       33.49314072        0.25282397        0.43871405        2.18000000        1.90561421
    17.64963846       33.55583646        0.25470874        0.43797001        2.18000000        1.90311460
    17.72780970       33.61853220        0.25659331        0.43722565        2.18000000        1.90061908
    17.80572516       33.68122795        0.25847769        0.43648094        2.18000000        1.89812763
    17.88338871       33.74392369        0.26036192        0.43573587        2.18000000        1.89564020
    17.96080411       33.80661943        0.26224602        0.43499040        2.18000000        1.89315678
    18.03797502       33.86931517        0.26413003        0.43424451        2.18000000        1.89067732
    18.11490501       33.93201091        0.26601397        0.43349818        2.18000000        1.88820179
    18.19159754       33.99470665        0.26789787        0.43275140        2.18000000        1.88573018
    18.26805599       34.05740240        0.26978175        0.43200414        2.18000000        1.88326244
    18.34428366       34.12009814        0.27166563        0.43125637        2.18000000        1.88079855
    18.42028374       34.18279388        0.27354954        0.43050809        2.18000000        1.87833847
    18.49605936       34.24548962        0.27543351        0.42975926        2.18000000        1.87588219
    18.57161356       34.30818536        0.27731754        0.42900988        2.18000000        1.87342967
    18.64694930       34.37088111        0.27920167        0.42825991        2.18000000        1.87098088
    18.72206950       34.43357685        0.28108591        0.42750935        2.18000000        1.86853579
    18.79697695       34.49627259        0.28297028        0.42675817        2.18000000        1.86609439
    18.87167442       34.55896833        0.28485480        0.42600635        2.18000000        1.86365663
    18.94616458       34.62166407        0.28673949        0.42525388        2.18000000        1.86122251
    19.02045006       34.68435981        0.28862436        0.42450075        2.18000000        1.85879197
    19.09453342       34.74705556        0.29050943        0.42374692        2.18000000        1.85636502
    19.16841715       34.80975130        0.29239472        0.42299239        2.18000000        1.85394160
    19.24210368       34.87244704        0.29428023        0.42223714        2.18000000        1.85152171
    19.31559540       34.93514278        0.29616599        0.42148115        2.18000000        1.84910531
    19.38889462       34.99783852        0.29805201        0.42072442        2.18000000        1.84669239
    19.46200363       35.06053426        0.29993830        0.41996691        2.18000000        1.84428291
    19.53492464       35.12323001        0.30182487        0.41920861        2.18000000        1.84187685
    19.60765981       35.18592575        0.30371174        0.41844952        2.18000000        1.83947419
    19.68021127       35.24862149        0.30559892        0.41768961        2.18000000        1.83707491
    19.75258108       35.31131723        0.30748641        0.41692888        2.18000000        1.83467897
    19.82477127       35.37401297        0.30937423        0.41616729        2.18000000        1.83228636
    19.89678382       35.43670871        0.31126239        0.41540485        2.18000000        1.82989706
    19.96862068       35.49940446        0.31315091        0.41464154        2.18000000        1.82751104
    20.04028371       35.56210020        0.31503977        0.41387734        2.18000000        1.82512828
    20.11177479       35.62479594        0.31692901        0.41311223        2.18000000        1.82274875
    20.18309574       35.68749168        0.31881862        0.41234621        2.18000000        1.82037244
    20.25424830       35.75018742        0.32070861        0.41157927        2.18000000        1.81799933
    20.32523423       35.81288316        0.32259900        0.41081138        2.18000000        1.81562938
    20.39605523       35.87557891        0.32448978        0.41004254        2.18000000        1.81326259
    20.46671295       35.93827465        0.32638097        0.40927273        2.18000000        1.81089893
    20.53720903       36.00097039        0.32827257        0.40850193        2.18000000        1.80853838
    20.60754506       36.06366613        0.33016458        0.40773015        2.18000000        1.80618092
    20.67772260       36.12636187        0.33205702        0.40695736        2.18000000        1.80382653
    20.74774319       36.18905761        0.33394989        0.40618354        2.18000000        1.80147519
    20.81760831       36.25175336        0.33584319        0.40540870        2.18000000        1.79912687
    20.88731944       36.31444910        0.33773693        0.40463282        2.18000000        1.79678157
    20.95687801       36.37714484        0.33963111        0.40385588        2.18000000        1.79443926
    21.02628544       36.43984058        0.34152574        0.40307787        2.18000000        1.79209992
    21.09554310       36.50253632        0.34342082        0.40229879        2.18000000        1.78976354
    21.16465235       36.56523206        0.34531636        0.40151861        2.18000000        1.78743008
    21.23361452       36.62792781        0.34721235        0.40073733        2.18000000        1.78509955
    21.30243090       36.69062355        0.34910881        0.39995494        2.18000000        1.78277191
    21.37110277       36.75331929        0.35100573        0.39917143        2.18000000        1.78044716
    21.43963137       36.81601503        0.35290312        0.39838678        2.18000000        1.77812526
    21.50801795       36.87871077        0.35480097        0.39760098        2.18000000        1.77580622
    21.57626369       36.94140652        0.35669930        0.39681403        2.18000000        1.77348999
    21.64436977       37.00410226        0.35859810        0.39602590        2.18000000        1.77117658
    21.71233736       37.06679800        0.36049738        0.39523660        2.18000000        1.76886597
    21.78016758       37.12949374        0.36239713        0.39444610        2.18000000        1.76655813
    21.84786155       37.19218948        0.36429737        0.39365441        2.18000000        1.76425305
    21.91542037       37.25488522        0.36619808        0.39286150        2.18000000        1.76195071
    21.98284509       37.31758097        0.36809927        0.39206737        2.18000000        1.75965110
    22.05013677       37.38027671        0.37000094        0.39127201        2.18000000        1.75735421
    22.11729645       37.44297245        0.37190309        0.39047541        2.18000000        1.75506001
    22.18432513       37.50566819        0.37380572        0.38967756        2.18000000        1.75276849
    22.25122381       37.56836393        0.37570883        0.38887844        2.18000000        1.75047963
    22.31799347       37.63105967        0.37761243        0.38807805        2.18000000        1.74819343
    22.38463506       37.69375542        0.37951650        0.38727638        2.18000000        1.74590986
    22.45114952       37.75645116        0.38142106        0.38647341        2.18000000        1.74362891
    22.51753777       37.81914690        0.38332609        0.38566914        2.18000000        1.74135056
    22.58380071       37.88184264        0.38523161        0.38486356        2.18000000        1.73907481
    22.64993925       37.94453838        0.38713760        0.38405666        2.18000000        1.73680162
    22.71595425       38.00723412        0.38904407        0.38324842        2.18000000        1.73453101
    22.78184656       38.06992987        0.39095101        0.38243885        2.18000000        1.73226294
    22.84761703       38.13262561        0.39285843        0.38162792        2.18000000        1.72999740
    22.91326650       38.19532135        0.39476632        0.38081563        2.18000000        1.72773438
    22.97879576       38.25801709        0.39667468        0.38000198        2.18000000        1.72547387
    23.04420562       38.32071283        0.39858351        0.37918694        2.18000000        1.72321585
    23.10949686       38.38340857        0.40049281        0.37837052        2.18000000        1.72096031
    23.17467025       38.44610432        0.40240257        0.37755270        2.18000000        1.71870724
    23.23972654       38.50880006        0.40431280        0.37673347        2.18000000        1.71645662
    23.30466648       38.57149580        0.40622349        0.37591283        2.18000000        1.71420843
    23.36949081       38.63419154        0.40813463        0.37509076        2.18000000        1.71196268
    23.43420022       38.69688728        0.41004623        0.37426725        2.18000000        1.70971934
    23.49879544       38.75958302        0.41195828        0.37344230        2.18000000        1.70747841
    23.56327714       38.82227877        0.41387078        0.37261591        2.18000000        1.70523986
    23.62764602       38.88497451        0.41578373        0.37178804        2.18000000        1.70300370
    23.69190274       38.94767025        0.41769712        0.37095871        2.18000000        1.70076990
    23.75604795       39.01036599        0.41961095        0.37012790        2.18000000        1.69853845
    23.82008230       39.07306173        0.42152522        0.36929561        2.18000000        1.69630935
    23.88400643       39.13575747        0.42343993        0.36846181        2.18000000        1.69408257
    23.94782096       39.19845322        0.42535506        0.36762651        2.18000000        1.69185812
    24.01152649       39.26114896        0.42727062        0.36678970        2.18000000        1.68963597
    24.07512363       39.32384470        0.42918660        0.36595136        2.18000000        1.68741612
    24.13861297       39.38654044        0.43110301        0.36511149        2.18000000        1.68519856
    24.20199510       39.44923618        0.43301983        0.36427008        2.18000000        1.68298327
    24.26527059       39.51193193        0.43493706        0.36342712        2.18000000        1.68077024
    24.32843998       39.57462767        0.43685469        0.36258260        2.18000000        1.67855947
    24.39150384       39.63732341        0.43877273        0.36173652        2.18000000        1.67635094
    24.45446272       39.70001915        0.44069117        0.36088886        2.18000000        1.67414464
    24.51731713       39.76271489        0.44261000        0.36003962        2.18000000        1.67194057
    24.58006760       39.82541063        0.44452923        0.35918879        2.18000000        1.66973870
    24.64271466       39.88810638        0.44644884        0.35833636        2.18000000        1.66753904
    24.70525880       39.95080212        0.44836883        0.35748231        2.18000000        1.66534157
    24.76770052       40.01349786        0.45028920        0.35662665        2.18000000        1.66314627
    24.83004031       40.07619360        0.45220993        0.35576937        2.18000000        1.66095315
    24.89227865       40.13888934        0.45413104        0.35491045        2.18000000        1.65876220
    24.95441601       40.20158508        0.45605251        0.35404989        2.18000000        1.65657339
    25.01645286       40.26428083        0.45797433        0.35318768        2.18000000        1.65438673
    25.07838965       40.32697657        0.45989651        0.35232381        2.18000000        1.65220220
    25.14022683       40.38967231        0.46181904        0.35145827        2.18000000        1.65001979
    25.20196484       40.45236805        0.46374190        0.35059105        2.18000000        1.64783950
    25.26360411       40.51506379        0.46566511        0.34972216        2.18000000        1.64566131
    25.32514506       40.57775953        0.46758864        0.34885156        2.18000000        1.64348523
    25.38658812       40.64045528        0.46951250        0.34797927        2.18000000        1.64131123
    25.44793370       40.70315102        0.47143668        0.34710527        2.18000000        1.63913930
    25.50918219       40.76584676        0.47336118        0.34622955        2.18000000        1.63696945
    25.57033399       40.82854250        0.47528599        0.34535211        2.18000000        1.63480167
    25.63138950       40.89123824        0.47721110        0.34447293        2.18000000        1.63263593
    25.69234910       40.95393398        0.47913651        0.34359201        2.18000000        1.63047224
    25.75321316       41.01662973        0.48106221        0.34270934        2.18000000        1.62831059
    25.81398204       41.07932547        0.48298820        0.34182492        2.18000000        1.62615097
    25.87465612       41.14202121        0.48491447        0.34093872        2.18000000        1.62399337
    25.93523575       41.20471695        0.48684101        0.34005075        2.18000000        1.62183778
    25.99572128       41.26741269        0.48876783        0.33916100        2.18000000        1.61968419
    26.05611305       41.33010843        0.49069491        0.33826945        2.18000000        1.61753260
    26.11641141       41.39280418        0.49262224        0.33737611        2.18000000        1.61538301
    26.17661668       41.45549992        0.49454983        0.33648096        2.18000000        1.61323539
    26.23672918       41.51819566        0.49647766        0.33558399        2.18000000        1.61108975
    26.29674924       41.58089140        0.49840573        0.33468520        2.18000000        1.60894607
    26.35667718       41.64358714        0.50033404        0.33378458        2.18000000        1.60680435
    26.41651329       41.70628288        0.50226257        0.33288212        2.18000000        1.60466459
    26.47625789       41.76897863        0.50419132        0.33197780        2.18000000        1.60252677
    26.53591127       41.83167437        0.50612028        0.33107163        2.18000000        1.60039089
    26.59547371       41.89437011        0.50804946        0.33016360        2.18000000        1.59825694
    26.65494552       41.95706585        0.50997883        0.32925369        2.18000000        1.59612491
    26.71432696       42.01976159        0.51190840        0.32834191        2.18000000        1.59399480
    26.77361831       42.08245734        0.51383815        0.32742823        2.18000000        1.59186660
    26.83281985       42.14515308        0.51576809        0.32651265        2.18000000        1.58974031
    26.89193184       42.20784882        0.51769820        0.32559517        2.18000000        1.58761591
    26.95095454       42.27054456        0.51962848        0.32467578        2.18000000        1.58549340
    27.00988820       42.33324030        0.52155892        0.32375446        2.18000000        1.58337277
    27.06873307       42.39593604        0.52348952        0.32283121        2.18000000        1.58125402
    27.12748940       42.45863179        0.52542027        0.32190603        2.18000000        1.57913714
    27.18615744       42.52132753        0.52735115        0.32097889        2.18000000        1.57702213
    27.24473741       42.58402327        0.52928217        0.32004981        2.18000000        1.57490897
    27.30322955       42.64671901        0.53121332        0.31911876        2.18000000        1.57279767
    27.36163408       42.70941475        0.53314459        0.31818573        2.18000000        1.57068821
    27.41995122       42.77211049        0.53507597        0.31725073        2.18000000        1.56858060
    27.47818120       42.83480624        0.53700746        0.31631374        2.18000000        1.56647481
    27.53632422       42.89750198        0.53893905        0.31537476        2.18000000        1.56437086
    27.59438050       42.96019772        0.54087073        0.31443377        2.18000000        1.56226873
    27.65235024       43.02289346        0.54280249        0.31349076        2.18000000        1.56016842
    27.71023363       43.08558920        0.54473434        0.31254574        2.18000000        1.55806991
    27.76803088       43.14828494        0.54666625        0.31159869        2.18000000        1.55597321
    27.82574217       43.21098069        0.54859823        0.31064960        2.18000000        1.55387832
    27.88336769       43.27367643        0.55053027        0.30969846        2.18000000        1.55178522
    27.94090763       43.33637217        0.55246236        0.30874527        2.18000000        1.54969390
    27.99836216       43.39906791        0.55439449        0.30779002        2.18000000        1.54760437
    28.05573146       43.46176365        0.55632665        0.30683269        2.18000000        1.54551662
    28.11301570       43.52445939        0.55825885        0.30587329        2.18000000        1.54343065
    28.17021504       43.58715514        0.56019106        0.30491180        2.18000000        1.54134644
    28.22732966       43.64985088        0.56212328        0.30394822        2.18000000        1.53926399
    28.28435970       43.71254662        0.56405552        0.30298253        2.18000000        1.53718330
    28.34130532       43.77524236        0.56598775        0.30201473        2.18000000        1.53510437
    28.39816669       43.83793810        0.56791997        0.30104480        2.18000000        1.53302719
    28.45494393       43.90063384        0.56985217        0.30007275        2.18000000        1.53095174
    28.51163721       43.96332959        0.57178435        0.29909856        2.18000000        1.52887804
    28.56824665       44.02602533        0.57371650        0.29812223        2.18000000        1.52680607
    28.62477239       44.08872107        0.57564861        0.29714373        2.18000000        1.52473583
    28.68121457       44.15141681        0.57758068        0.29616308        2.18000000        1.52266732
    28.73757333       44.21411255        0.57951269        0.29518026        2.18000000        1.52060052
    28.79384877       44.27680829        0.58144463        0.29419525        2.18000000        1.51853545
    28.85004103       44.33950404        0.58337651        0.29320806        2.18000000        1.51647208
    28.90615022       44.40219978        0.58530831        0.29221866        2.18000000        1.51441042
    28.96217647       44.46489552        0.58724003        0.29122707        2.18000000        1.51235046
    29.01811987       44.52759126        0.58917165        0.29023325        2.18000000        1.51029220
    29.07398055       44.59028700        0.59110318        0.28923722        2.18000000        1.50823563
    29.12975861       44.65298275        0.59303459        0.28823895        2.18000000        1.50618076
    29.18545415       44.71567849        0.59496589        0.28723845        2.18000000        1.50412757
    29.24106726       44.77837423        0.59689707        0.28623569        2.18000000        1.50207606
    29.29659805       44.84106997        0.59882811        0.28523068        2.18000000        1.50002623
    29.35204661       44.90376571        0.60075902        0.28422340        2.18000000        1.49797807
    29.40741302       44.96646145        0.60268978        0.28321385        2.18000000        1.49593158
    29.46269737       45.02915720        0.60462038        0.28220201        2.18000000        1.49388676
    29.51789975       45.09185294        0.60655083        0.28118788        2.18000000        1.49184360
    29.57302023       45.15454868        0.60848110        0.28017145        2.18000000        1.48980210
    29.62805890       45.21724442        0.61041119        0.27915271        2.18000000        1.48776225
    29.68301582       45.27994016        0.61234110        0.27813165        2.18000000        1.48572406
    29.73789106       45.34263590        0.61427081        0.27710827        2.18000000        1.48368751
    29.79268470       45.40533165        0.61620032        0.27608255        2.18000000        1.48165260
    29.84739680       45.46802739        0.61812962        0.27505448        2.18000000        1.47961933
    29.90202741       45.53072313        0.62005870        0.27402406        2.18000000        1.47758770
    29.95657660       45.59341887        0.62198756        0.27299127        2.18000000        1.47555771
    30.01104442       45.65611461        0.62391618        0.27195612        2.18000000        1.47352934
    30.06543094       45.71881035        0.62584456        0.27091858        2.18000000        1.47150260
    30.11973618       45.78150610        0.62777269        0.26987865        2.18000000        1.46947748
    30.17396021       45.84420184        0.62970056        0.26883633        2.18000000        1.46745398
    30.22810307       45.90689758        0.63162816        0.26779159        2.18000000        1.46543210
    30.28216479       45.96959332        0.63355549        0.26674444        2.18000000        1.46341183
    30.33614542       46.03228906        0.63548253        0.26569486        2.18000000        1.46139317
    30.39004499       46.09498480        0.63740929        0.26464285        2.18000000        1.45937612
    30.44386353       46.15768055        0.63933575        0.26358840        2.18000000        1.45736067
    30.49760108       46.22037629        0.64126190        0.26253149        2.18000000        1.45534682
    30.55125766       46.28307203        0.64318773        0.26147211        2.18000000        1.45333457
    30.60483330       46.34576777        0.64511324        0.26041027        2.18000000        1.45132391
    30.65832802       46.40846351        0.64703842        0.25934594        2.18000000        1.44931485
    30.71174183       46.47115925        0.64896326        0.25827913        2.18000000        1.44730737
    30.76507475       46.53385500        0.65088775        0.25720981        2.18000000        1.44530148
    30.81832681       46.59655074        0.65281189        0.25613799        2.18000000        1.44329718
    30.87149800       46.65924648        0.65473566        0.25506365        2.18000000        1.44129445
    30.92458833       46.72194222        0.65665906        0.25398678        2.18000000        1.43929331
    30.97759782       46.78463796        0.65858208        0.25290737        2.18000000        1.43729373
    31.03052647       46.84733370        0.66050471        0.25182542        2.18000000        1.43529574
    31.08337427       46.91002945        0.66242694        0.25074091        2.18000000        1.43329931
    31.13614122       46.97272519        0.66434876        0.24965384        2.18000000        1.43130444
    31.18882732       47.03542093        0.66627017        0.24856419        2.18000000        1.42931115
    31.24143257       47.09811667        0.66819116        0.24747195        2.18000000        1.42731941
    31.29395694       47.16081241        0.67011172        0.24637713        2.18000000        1.42532924
    31.34640044       47.22350816        0.67203184        0.24527970        2.18000000        1.42334062
    31.39876304       47.28620390        0.67395151        0.24417965        2.18000000        1.42135356
    31.45104473       47.34889964        0.67587072        0.24307699        2.18000000        1.41936805
    31.50324549       47.41159538        0.67778948        0.24197169        2.18000000        1.41738409
    31.55536529       47.47429112        0.67970775        0.24086375        2.18000000        1.41540168
    31.60740412       47.53698686        0.68162555        0.23975315        2.18000000        1.41342081
    31.65936193       47.59968261        0.68354286        0.23863990        2.18000000        1.41144149
    31.71123871       47.66237835        0.68545967        0.23752397        2.18000000        1.40946371
    31.76303442       47.72507409        0.68737598        0.23640537        2.18000000        1.40748747
    31.81474902       47.78776983        0.68929177        0.23528407        2.18000000        1.40551277
    31.86638249       47.85046557        0.69120704        0.23416007        2.18000000        1.40353960
    31.91793478       47.91316131        0.69312177        0.23303336        2.18000000        1.40156797
    31.96940584       47.97585706        0.69503597        0.23190393        2.18000000        1.39959787
    32.02079564       48.03855280        0.69694962        0.23077176        2.18000000        1.39762929
    32.07210412       48.10124854        0.69886271        0.22963686        2.18000000        1.39566224
    32.12333124       48.16394428        0.70077524        0.22849920        2.18000000        1.39369672
    32.17447694       48.22664002        0.70268719        0.22735879        2.18000000        1.39173273
    32.22554117       48.28933576        0.70459856        0.22621560        2.18000000        1.38977025
    32.27652388       48.35203151        0.70650934        0.22506963        2.18000000        1.38780929
    32.32742501       48.41472725        0.70841952        0.22392087        2.18000000        1.38584985
    32.37824449       48.47742299        0.71032910        0.22276931        2.18000000        1.38389193
    32.42898226       48.54011873        0.71223806        0.22161493        2.18000000        1.38193552
    32.47963825       48.60281447        0.71414639        0.22045774        2.18000000        1.37998063
    32.53021241       48.66551021        0.71605409        0.21929771        2.18000000        1.37802724
    32.58070465       48.72820596        0.71796115        0.21813483        2.18000000        1.37607537
    32.63111490       48.79090170        0.71986756        0.21696911        2.18000000        1.37412500
    32.68144309       48.85359744        0.72177331        0.21580051        2.18000000        1.37217614
    32.73168914       48.91629318        0.72367840        0.21462905        2.18000000        1.37022879
    32.78185297       48.97898892        0.72558280        0.21345470        2.18000000        1.36828294
    32.83193450       49.04168466        0.72748653        0.21227745        2.18000000        1.36633859
    32.88193365       49.10438041        0.72938956        0.21109730        2.18000000        1.36439574
    32.93185032       49.16707615        0.73129189        0.20991423        2.18000000        1.36245439
    32.98168443       49.22977189        0.73319351        0.20872823        2.18000000        1.36051453
    33.03143588       49.29246763        0.73509441        0.20753930        2.18000000        1.35857617
    33.08110459       49.35516337        0.73699458        0.20634741        2.18000000        1.35663931
    33.13069045       49.41785911        0.73889402        0.20515257        2.18000000        1.35470394
    33.18019338       49.48055486        0.74079272        0.20395475        2.18000000        1.35277007
    33.22961325       49.54325060        0.74269066        0.20275395        2.18000000        1.35083768
    33.27894998       49.60594634        0.74458784        0.20155017        2.18000000        1.34890678
    33.32820347       49.66864208        0.74648425        0.20034337        2.18000000        1.34697738
    33.37737359       49.73133782        0.74837988        0.19913357        2.18000000        1.34504945
    33.42646024       49.79403357        0.75027473        0.19792073        2.18000000        1.34312302
    33.47546331       49.85672931        0.75216878        0.19670487        2.18000000        1.34119807
    33.52438269       49.91942505        0.75406202        0.19548595        2.18000000        1.33927461
    33.57321825       49.98212079        0.75595445        0.19426398        2.18000000        1.33735262
    33.62196989       50.04481653        0.75784606        0.19303893        2.18000000        1.33543212
    33.67063747       50.10751227        0.75973684        0.19181081        2.18000000        1.33351310
    33.71922088       50.17020802        0.76162679        0.19057959        2.18000000        1.33159556
    33.76771998       50.23290376        0.76351588        0.18934527        2.18000000        1.32967950
    33.81613466       50.29559950        0.76540412        0.18810783        2.18000000        1.32776492
    33.86446477       50.35829524        0.76729149        0.18686727        2.18000000        1.32585181
    33.91271019       50.42099098        0.76917799        0.18562357        2.18000000        1.32394018
    33.96087078       50.48368672        0.77106361        0.18437672        2.18000000        1.32203002
    34.00894641       50.54638247        0.77294834        0.18312671        2.18000000        1.32012134
    34.05693693       50.60907821        0.77483217        0.18187353        2.18000000        1.31821413
    34.10484221       50.67177395        0.77671509        0.18061716        2.18000000        1.31630840
    34.15266209       50.73446969        0.77859709        0.17935760        2.18000000        1.31440413
    34.20039644       50.79716543        0.78047817        0.17809483        2.18000000        1.31250134
    34.24804510       50.85986117        0.78235831        0.17682884        2.18000000        1.31060002
    34.29560793       50.92255692        0.78423751        0.17555962        2.18000000        1.30870017
    34.34308476       50.98525266        0.78611577        0.17428716        2.18000000        1.30680179
    34.39047546       51.04794840        0.78799306        0.17301145        2.18000000        1.30490487
    34.43777984       51.11064414        0.78986938        0.17173246        2.18000000        1.30300943
    34.48499777       51.17333988        0.79174472        0.17045020        2.18000000        1.30111545
    34.53212906       51.23603562        0.79361908        0.16916465        2.18000000        1.29922293
    34.57917357       51.29873137        0.79549245        0.16787580        2.18000000        1.29733189
    34.62613112       51.36142711        0.79736481        0.16658363        2.18000000        1.29544231
    34.67300154       51.42412285        0.79923616        0.16528814        2.18000000        1.29355419
    34.71978466       51.48681859        0.80110649        0.16398931        2.18000000        1.29166754
    34.76648031       51.54951433        0.80297579        0.16268713        2.18000000        1.28978235
    34.81308831       51.61221007        0.80484406        0.16138158        2.18000000        1.28789863
    34.85960849       51.67490582        0.80671127        0.16007266        2.18000000        1.28601637
    34.90604065       51.73760156        0.80857743        0.15876035        2.18000000        1.28413557
    34.95238463       51.80029730        0.81044253        0.15744464        2.18000000        1.28225624
    34.99864022       51.86299304        0.81230656        0.15612552        2.18000000        1.28037837
    35.04480725       51.92568878        0.81416950        0.15480297        2.18000000        1.27850196
    35.09088553       51.98838452        0.81603135        0.15347699        2.18000000        1.27662701
    35.13687486       52.05108027        0.81789211        0.15214755        2.18000000        1.27475352
    35.18277504       52.11377601        0.81975176        0.15081465        2.18000000        1.27288149
    35.22858589       52.17647175        0.82161029        0.14947828        2.18000000        1.27101093
    35.27430720       52.23916749        0.82346770        0.14813842        2.18000000        1.26914182
    35.31993876       52.30186323        0.82532397        0.14679506        2.18000000        1.26727418
    35.36548038       52.36455898        0.82717910        0.14544818        2.18000000        1.26540799
    35.41093185       52.42725472        0.82903308        0.14409777        2.18000000        1.26354327
    35.45629295       52.48995046        0.83088591        0.14274383        2.18000000        1.26168000
    35.50156348       52.55264620        0.83273756        0.14138633        2.18000000        1.25981820
    35.54674323       52.61534194        0.83458804        0.14002527        2.18000000        1.25795786
    35.59183197       52.67803768        0.83643733        0.13866063        2.18000000        1.25609897
    35.63682949       52.74073343        0.83828543        0.13729240        2.18000000        1.25424155
    35.68173556       52.80342917        0.84013233        0.13592056        2.18000000        1.25238558
    35.72654997       52.86612491        0.84197801        0.13454510        2.18000000        1.25053107
    35.77127249       52.92882065        0.84382247        0.13316602        2.18000000        1.24867803
    35.81590288       52.99151639        0.84566571        0.13178328        2.18000000        1.24682644
    35.86044093       53.05421213        0.84750771        0.13039689        2.18000000        1.24497632
    35.90488638       53.11690788        0.84934846        0.12900683        2.18000000        1.24312765
    35.94923902       53.17960362        0.85118796        0.12761308        2.18000000        1.24128044
    35.99349860       53.24229936        0.85302619        0.12621563        2.18000000        1.23943470
    36.03766488       53.30499510        0.85486315        0.12481447        2.18000000        1.23759041
    36.08173762       53.36769084        0.85669883        0.12340958        2.18000000        1.23574759
    36.12571657       53.43038658        0.85853323        0.12200095        2.18000000        1.23390622
    36.16960149       53.49308233        0.86036632        0.12058857        2.18000000        1.23206632
    36.21339211       53.55577807        0.86219811        0.11917243        2.18000000        1.23022788
    36.25708820       53.61847381        0.86402858        0.11775250        2.18000000        1.22839090
    36.30068950       53.68116955        0.86585772        0.11632877        2.18000000        1.22655538
    36.34419574       53.74386529        0.86768554        0.11490124        2.18000000        1.22472133
    36.38760666       53.80656103        0.86951201        0.11346989        2.18000000        1.22288873
    36.43092202       53.86925678        0.87133713        0.11203469        2.18000000        1.22105760
    36.47414153       53.93195252        0.87316090        0.11059565        2.18000000        1.21922793
    36.51726493       53.99464826        0.87498329        0.10915274        2.18000000        1.21739973
    36.56029194       54.05734400        0.87680431        0.10770595        2.18000000        1.21557299
    36.60322230       54.12003974        0.87862395        0.10625526        2.18000000        1.21374772
    36.64605574       54.18273548        0.88044219        0.10480067        2.18000000        1.21192390
    36.68879196       54.24543123        0.88225903        0.10334216        2.18000000        1.21010156
    36.73143069       54.30812697        0.88407446        0.10187971        2.18000000        1.20828068
    36.77397165       54.37082271        0.88588847        0.10041330        2.18000000        1.20646127
    36.81641455       54.43351845        0.88770105        0.09894293        2.18000000        1.20464332
    36.85875910       54.49621419        0.88951219        0.09746858        2.18000000        1.20282684
    36.90100501       54.55890994        0.89132189        0.09599024        2.18000000        1.20101183
    36.94315198       54.62160568        0.89313014        0.09450788        2.18000000        1.19919829
    36.98519972       54.68430142        0.89493692        0.09302150        2.18000000        1.19738622
    37.02714793       54.74699716        0.89674223        0.09153108        2.18000000        1.19557562
    37.06899630       54.80969290        0.89854606        0.09003660        2.18000000        1.19376648
    37.11074454       54.87238864        0.90034841        0.08853806        2.18000000        1.19195882
    37.15239233       54.93508439        0.90214925        0.08703543        2.18000000        1.19015263
    37.19393936       54.99778013        0.90394859        0.08552870        2.18000000        1.18834792
    37.23538531       55.06047587        0.90574642        0.08401786        2.18000000        1.18654468
    37.27672989       55.12317161        0.90754272        0.08250288        2.18000000        1.18474291
    37.31797275       55.18586735        0.90933749        0.08098376        2.18000000        1.18294261
    37.35911359       55.24856309        0.91113072        0.07946048        2.18000000        1.18114380
    37.40015208       55.31125884        0.91292240        0.07793303        2.18000000        1.17934646
    37.44108788       55.37395458        0.91471252        0.07640138        2.18000000        1.17755059
    37.48192068       55.43665032        0.91650108        0.07486553        2.18000000        1.17575621
    37.52265014       55.49934606        0.91828806        0.07332545        2.18000000        1.17396330
    37.56327592       55.56204180        0.92007346        0.07178114        2.18000000        1.17217188
    37.60379769       55.62473754        0.92185727        0.07023257        2.18000000        1.17038193
    37.64421509       55.68743329        0.92363947        0.06867974        2.18000000        1.16859347
    37.68452780       55.75012903        0.92542007        0.06712262        2.18000000        1.16680649
    37.72473546       55.81282477        0.92719905        0.06556120        2.18000000        1.16502100
    37.76483772       55.87552051        0.92897640        0.06399546        2.18000000        1.16323699
    37.80483423       55.93821625        0.93075212        0.06242539        2.18000000        1.16145446
    37.84472463       56.00091199        0.93252619        0.06085097        2.18000000        1.15967343
    37.88450857       56.06360774        0.93429861        0.05927219        2.18000000        1.15789388
    37.92418568       56.12630348        0.93606937        0.05768903        2.18000000        1.15611582
    37.96375559       56.18899922        0.93783847        0.05610147        2.18000000        1.15433925
    38.00321795       56.25169496        0.93960588        0.05450950        2.18000000        1.15256417
    38.04257237       56.31439070        0.94137161        0.05291310        2.18000000        1.15079059
    38.08181849       56.37708644        0.94313564        0.05131225        2.18000000        1.14901849
    38.12095593       56.43978219        0.94489796        0.04970694        2.18000000        1.14724790
    38.15998431       56.50247793        0.94665858        0.04809715        2.18000000        1.14547880
    38.19890324       56.56517367        0.94841747        0.04648287        2.18000000        1.14371120
    38.23771234       56.62786941        0.95017464        0.04486408        2.18000000        1.14194509
    38.27641122       56.69056515        0.95193007        0.04324076        2.18000000        1.14018049
    38.31499949       56.75326089        0.95368375        0.04161289        2.18000000        1.13841739
    38.35347675       56.81595664        0.95543567        0.03998047        2.18000000        1.13665579
    38.39184260       56.87865238        0.95718583        0.03834346        2.18000000        1.13489570
    38.43009665       56.94134812        0.95893422        0.03670186        2.18000000        1.13313711
    38.46823848       57.00404386        0.96068083        0.03505565        2.18000000        1.13138002
    38.50626769       57.06673960        0.96242565        0.03340481        2.18000000        1.12962445
    38.54418387       57.12943535        0.96416867        0.03174932        2.18000000        1.12787039
    38.58198660       57.19213109        0.96590989        0.03008917        2.18000000        1.12611783
    38.61967546       57.25482683        0.96764929        0.02842434        2.18000000        1.12436679
    38.65725004       57.31752257        0.96938687        0.02675481        2.18000000        1.12261727
    38.69470991       57.38021831        0.97112261        0.02508057        2.18000000        1.12086925
    38.73205463       57.44291405        0.97285652        0.02340160        2.18000000        1.11912276
    38.76928379       57.50560980        0.97458857        0.02171787        2.18000000        1.11737779
    38.80639694       57.56830554        0.97631877        0.02002938        2.18000000        1.11563433
    38.84339365       57.63100128        0.97804710        0.01833611        2.18000000        1.11389240
    38.88027347       57.69369702        0.97977356        0.01663803        2.18000000        1.11215199
    38.91703596       57.75639276        0.98149813        0.01493514        2.18000000        1.11041310
    38.95368068       57.81908850        0.98322082        0.01322740        2.18000000        1.10867575
    38.99020717       57.88178425        0.98494160        0.01151481        2.18000000        1.10693992
    39.02661497       57.94447999        0.98666047        0.00979735        2.18000000        1.10520562
    39.06290363       58.00717573        0.98837743        0.00807500        2.18000000        1.10347285
    39.09907269       58.06987147        0.99009246        0.00634774        2.18000000        1.10174162
    39.13512168       58.13256721        0.99180556        0.00461555        2.18000000        1.10001192
    39.17105012       58.19526295        0.99351672        0.00287841        2.18000000        1.09828376
    39.20685755       58.25795870        0.99522592        0.00113632        2.18000000        1.09655714
    39.24254350       58.32065444        0.99693317       -0.00061076        2.18000000        1.09483206
    39.27810747       58.38335018        0.99863844       -0.00236283        2.18000000        1.09310853
    39.31354899       58.44604592        1.00034175       -0.00411993        2.18000000        1.09138654
    39.34886757       58.50874166        1.00204306       -0.00588206        2.18000000        1.08966609
    39.38406272       58.57143740        1.00374239       -0.00764924        2.18000000        1.08794719
    39.41913394       58.63413315        1.00543971       -0.00942150        2.18000000        1.08622985
    39.45408074       58.69682889        1.00713502       -0.01119884        2.18000000        1.08451405
    39.48890261       58.75952463        1.00882831       -0.01298130        2.18000000        1.08279981
    39.52359905       58.82222037        1.01051958       -0.01476889        2.18000000        1.08108713
    39.55816954       58.88491611        1.01220881       -0.01656162        2.18000000        1.07937601
    39.59261358       58.94761185        1.01389599       -0.01835952        2.18000000        1.07766644
    39.62693064       59.01030760        1.01558113       -0.02016260        2.18000000        1.07595844
    39.66112021       59.07300334        1.01726420       -0.02197089        2.18000000        1.07425201
    39.69518175       59.13569908        1.01894521       -0.02378440        2.18000000        1.07254714
    39.72911475       59.19839482        1.02062413       -0.02560315        2.18000000        1.07084384
    39.76291866       59.26109056        1.02230097       -0.02742716        2.18000000        1.06914211
    39.79659295       59.32378630        1.02397572       -0.02925645        2.18000000        1.06744196
    39.83013708       59.38648205        1.02564836       -0.03109104        2.18000000        1.06574338
    39.86355050       59.44917779        1.02731890       -0.03293095        2.18000000        1.06404638
    39.89683266       59.51187353        1.02898731       -0.03477620        2.18000000        1.06235096
    39.92998301       59.57456927        1.03065359       -0.03662680        2.18000000        1.06065712
    39.96300100       59.63726501        1.03231774       -0.03848277        2.18000000        1.05896487
    39.99588605       59.69996076        1.03397975       -0.04034415        2.18000000        1.05727420
    40.02863761       59.76265650        1.03563960       -0.04221093        2.18000000        1.05558513
    40.06125511       59.82535224        1.03729729       -0.04408316        2.18000000        1.05389764
    40.09373797       59.88804798        1.03895281       -0.04596083        2.18000000        1.05221175
    40.12608560       59.95074372        1.04060615       -0.04784398        2.18000000        1.05052746
    40.15829744       60.01343946        1.04225730       -0.04973262        2.18000000        1.04884477
    40.19037289       60.07613521        1.04390626       -0.05162678        2.18000000        1.04716368
    40.22231136       60.13883095        1.04555302       -0.05352647        2.18000000        1.04548419
    40.25411226       60.20152669        1.04719756       -0.05543171        2.18000000        1.04380631
    40.28577498       60.26422243        1.04883988       -0.05734252        2.18000000        1.04213004
    40.31729892       60.32691817        1.05047998       -0.05925892        2.18000000        1.04045538
    40.34868348       60.38961391        1.05211784       -0.06118094        2.18000000        1.03878234
    40.37992803       60.45230966        1.05375345       -0.06310859        2.18000000        1.03711092
    40.41103196       60.51500540        1.05538681       -0.06504189        2.18000000        1.03544111
    40.44199466       60.57770114        1.05701791       -0.06698087        2.18000000        1.03377293
    40.47281548       60.64039688        1.05864674       -0.06892554        2.18000000        1.03210637
    40.50349380       60.70309262        1.06027329       -0.07087592        2.18000000        1.03044144
    40.53402899       60.76578836        1.06189755       -0.07283204        2.18000000        1.02877814
    40.56442039       60.82848411        1.06351952       -0.07479390        2.18000000        1.02711648
    40.59466738       60.89117985        1.06513919       -0.07676155        2.18000000        1.02545645
    40.62476929       60.95387559        1.06675654       -0.07873498        2.18000000        1.02379806
    40.65472547       61.01657133        1.06837157       -0.08071424        2.18000000        1.02214131
    40.68453527       61.07926707        1.06998428       -0.08269932        2.18000000        1.02048621
    40.71419801       61.14196281        1.07159464       -0.08469027        2.18000000        1.01883276
    40.74371302       61.20465856        1.07320267       -0.08668709        2.18000000        1.01718096
    40.77307965       61.26735430        1.07480834       -0.08868981        2.18000000        1.01553081
    40.80229719       61.33005004        1.07641165       -0.09069844        2.18000000        1.01388232
    40.83136498       61.39274578        1.07801258       -0.09271302        2.18000000        1.01223549
    40.86028232       61.45544152        1.07961114       -0.09473355        2.18000000        1.01059032
    40.88904851       61.51813726        1.08120732       -0.09676007        2.18000000        1.00894682
    40.91766286       61.58083301        1.08280110       -0.09879258        2.18000000        1.00730499
    40.94612466       61.64352875        1.08439247       -0.10083112        2.18000000        1.00566483
    40.97443321       61.70622449        1.08598144       -0.10287570        2.18000000        1.00402634
    41.00258778       61.76892023        1.08756798       -0.10492635        2.18000000        1.00238954
    41.03058766       61.83161597        1.08915210       -0.10698308        2.18000000        1.00075441
    41.05843213       61.89431171        1.09073378       -0.10904592        2.18000000        0.99912097
    41.08612045       61.95700746        1.09231302       -0.11111488        2.18000000        0.99748922
    41.11365188       62.01970320        1.09388981       -0.11318999        2.18000000        0.99585917
    41.14102570       62.08239894        1.09546413       -0.11527127        2.18000000        0.99423080
    41.16824114       62.14509468        1.09703599       -0.11735874        2.18000000        0.99260414
    41.19529746       62.20779042        1.09860536       -0.11945243        2.18000000        0.99097918
    41.22219391       62.27048617        1.10017226       -0.12155234        2.18000000        0.98935592
    41.24892971       62.33318191        1.10173666       -0.12365851        2.18000000        0.98773437
    41.27550410       62.39587765        1.10329855       -0.12577096        2.18000000        0.98611453
    41.30191631       62.45857339        1.10485794       -0.12788970        2.18000000        0.98449641
    41.32816556       62.52126913        1.10641481       -0.13001476        2.18000000        0.98288001
    41.35425106       62.58396487        1.10796915       -0.13214616        2.18000000        0.98126533
    41.38017202       62.64666062        1.10952095       -0.13428391        2.18000000        0.97965238
    41.40592765       62.70935636        1.11107022       -0.13642806        2.18000000        0.97804115
    41.43151714       62.77205210        1.11261693       -0.13857860        2.18000000        0.97643166
    41.45693968       62.83474784        1.11416108       -0.14073557        2.18000000        0.97482391
    41.48219446       62.89744358        1.11570266       -0.14289899        2.18000000        0.97321790
    41.50728067       62.96013932        1.11724167       -0.14506887        2.18000000        0.97161363
    41.53219747       63.02283507        1.11877810       -0.14724524        2.18000000        0.97001111
    41.55694403       63.08553081        1.12031193       -0.14942813        2.18000000        0.96841035
    41.58151952       63.14822655        1.12184316       -0.15161754        2.18000000        0.96681134
    41.60592309       63.21092229        1.12337178       -0.15381351        2.18000000        0.96521409
    41.63015390       63.27361803        1.12489778       -0.15601606        2.18000000        0.96361860
    41.65421108       63.33631377        1.12642116       -0.15822520        2.18000000        0.96202488
    41.67809377       63.39900952        1.12794191       -0.16044096        2.18000000        0.96043293
    41.70180111       63.46170526        1.12946001       -0.16266336        2.18000000        0.95884276
    41.72533223       63.52440100        1.13097546       -0.16489242        2.18000000        0.95725437
    41.74868623       63.58709674        1.13248826       -0.16712816        2.18000000        0.95566776
    41.77186223       63.64979248        1.13399839       -0.16937061        2.18000000        0.95408293
    41.79485934       63.71248822        1.13550584       -0.17161978        2.18000000        0.95249990
    41.81767666       63.77518397        1.13701062       -0.17387570        2.18000000        0.95091867
    41.84031329       63.83787971        1.13851270       -0.17613839        2.18000000        0.94933923
    41.86276829       63.90057545        1.14001208       -0.17840787        2.18000000        0.94776160
    41.88504077       63.96327119        1.14150875       -0.18068416        2.18000000        0.94618578
    41.90712979       64.02596693        1.14300271       -0.18296728        2.18000000        0.94461177
    41.92903442       64.08866267        1.14449395       -0.18525726        2.18000000        0.94303958
    41.95075371       64.15135842        1.14598245       -0.18755412        2.18000000        0.94146920
    41.97228673       64.21405416        1.14746821       -0.18985787        2.18000000        0.93990066
    41.99363251       64.27674990        1.14895123       -0.19216854        2.18000000        0.93833394
    42.01479010       64.33944564        1.15043149       -0.19448615        2.18000000        0.93676906
    42.03575853       64.40214138        1.15190898       -0.19681073        2.18000000        0.93520601
    42.05653683       64.46483712        1.15338370       -0.19914228        2.18000000        0.93364481
    42.07712400       64.52753287        1.15485564       -0.20148084        2.18000000        0.93208546
    42.09751907       64.59022861        1.15632479       -0.20382643        2.18000000        0.93052796
    42.11772104       64.65292435        1.15779114       -0.20617906        2.18000000        0.92897232
    42.13772891       64.71562009        1.15925469       -0.20853876        2.18000000        0.92741853
    42.15754166       64.77831583        1.16071543       -0.21090555        2.18000000        0.92586662
    42.17715827       64.84101158        1.16217334       -0.21327945        2.18000000        0.92431657
    42.19657773       64.90370732        1.16362842       -0.21566048        2.18000000        0.92276840
    42.21579900       64.96640306        1.16508066       -0.21804867        2.18000000        0.92122211
    42.23482104       65.02909880        1.16653006       -0.22044402        2.18000000        0.91967771
    42.25364280       65.09179454        1.16797660       -0.22284657        2.18000000        0.91813519
    42.27226323       65.15449028        1.16942028       -0.22525634        2.18000000        0.91659457
    42.29068126       65.21718603        1.17086109       -0.22767334        2.18000000        0.91505585
    42.30889583       65.27988177        1.17229901       -0.23009760        2.18000000        0.91351903
    42.32690585       65.34257751        1.17373405       -0.23252913        2.18000000        0.91198413
    42.34471025       65.40527325        1.17516620       -0.23496796        2.18000000        0.91045113
    42.36230792       65.46796899        1.17659544       -0.23741411        2.18000000        0.90892006
    42.37969777       65.53066473        1.17802177       -0.23986760        2.18000000        0.90739091
    42.39687868       65.59336048        1.17944518       -0.24232845        2.18000000        0.90586369
    42.41384954       65.65605622        1.18086566       -0.24479668        2.18000000        0.90433840
    42.43060922       65.71875196        1.18228320       -0.24727230        2.18000000        0.90281506
    42.44715660       65.78144770        1.18369780       -0.24975535        2.18000000        0.90129366
    42.46349051       65.84414344        1.18510944       -0.25224583        2.18000000        0.89977421
    42.47960983       65.90683918        1.18651813       -0.25474378        2.18000000        0.89825671
    42.49551338       65.96953493        1.18792384       -0.25724920        2.18000000        0.89674118
    42.51120000       66.03223067        1.18932657       -0.25976212        2.18000000        0.89522761
    42.52666852       66.09492641        1.19072632       -0.26228257        2.18000000        0.89371602
    42.54191774       66.15762215        1.19212308       -0.26481054        2.18000000        0.89220640
    42.55694649       66.22031789        1.19351683       -0.26734608        2.18000000        0.89069876
    42.57175355       66.28301363        1.19490757       -0.26988919        2.18000000        0.88919311
    42.58633771       66.34570938        1.19629530       -0.27243990        2.18000000        0.88768946
    42.60069777       66.40840512        1.19767999       -0.27499823        2.18000000        0.88618780
    42.61483249       66.47110086        1.19906165       -0.27756418        2.18000000        0.88468815
    42.62874063       66.53379660        1.20044027       -0.28013779        2.18000000        0.88319051
    42.64242094       66.59649234        1.20181583       -0.28271907        2.18000000        0.88169488
    42.65587219       66.65918808        1.20318833       -0.28530804        2.18000000        0.88020128
    42.66909309       66.72188383        1.20455777       -0.28790472        2.18000000        0.87870971
    42.68208239       66.78457957        1.20592413       -0.29050912        2.18000000        0.87722016
    42.69483878       66.84727531        1.20728740       -0.29312127        2.18000000        0.87573266
    42.70736100       66.90997105        1.20864758       -0.29574118        2.18000000        0.87424720
    42.71964772       66.97266679        1.21000466       -0.29836886        2.18000000        0.87276380
    42.73169766       67.03536253        1.21135862       -0.30100435        2.18000000        0.87128245
    42.74350947       67.09805828        1.21270947       -0.30364764        2.18000000        0.86980316
    42.75508185       67.16075402        1.21405719       -0.30629877        2.18000000        0.86832594
    42.76641344       67.22344976        1.21540178       -0.30895775        2.18000000        0.86685080
    42.77750290       67.28614550        1.21674322       -0.31162459        2.18000000        0.86537774
    42.78834887       67.34884124        1.21808152       -0.31429931        2.18000000        0.86390676
    42.79894998       67.41153699        1.21941665       -0.31698193        2.18000000        0.86243788
    42.80930486       67.47423273        1.22074861       -0.31967246        2.18000000        0.86097110
    42.81941212       67.53692847        1.22207740       -0.32237093        2.18000000        0.85950643
    42.82927036       67.59962421        1.22340300       -0.32507733        2.18000000        0.85804387
    42.83887817       67.66231995        1.22472541       -0.32779170        2.18000000        0.85658342
    42.84823413       67.72501569        1.22604461       -0.33051404        2.18000000        0.85512511
    42.85733682       67.78771144        1.22736061       -0.33324438        2.18000000        0.85366892
    42.86618479       67.85040718        1.22867339       -0.33598271        2.18000000        0.85221487
    42.87477660       67.91310292        1.22998293       -0.33872907        2.18000000        0.85076297
    42.88311079       67.97579866        1.23128925       -0.34148346        2.18000000        0.84931322
    42.89118588       68.03849440        1.23259232       -0.34424590        2.18000000        0.84786563
    42.89900040       68.10119014        1.23389214       -0.34701640        2.18000000        0.84642020
    42.90655286       68.16388589        1.23518869       -0.34979497        2.18000000        0.84497694
    42.91384174       68.22658163        1.23648198       -0.35258163        2.18000000        0.84353586
    42.92086555       68.28927737        1.23777199       -0.35537639        2.18000000        0.84209696
    42.92762275       68.35197311        1.23905871       -0.35817927        2.18000000        0.84066026
    42.93411181       68.41466885        1.24034214       -0.36099026        2.18000000        0.83922576
    42.94033118       68.47736459        1.24162226       -0.36380940        2.18000000        0.83779346
    42.94627931       68.54006034        1.24289908       -0.36663668        2.18000000        0.83636337
    42.95195462       68.60275608        1.24417257       -0.36947211        2.18000000        0.83493551
    42.95735554       68.66545182        1.24544273       -0.37231572        2.18000000        0.83350987
    42.96248047       68.72814756        1.24670955       -0.37516751        2.18000000        0.83208646
    42.96732782       68.79084330        1.24797303       -0.37802749        2.18000000        0.83066530
    42.97189596       68.85353904        1.24923316       -0.38089566        2.18000000        0.82924638
    42.97618327       68.91623479        1.25048992       -0.38377205        2.18000000        0.82782972
    42.98018812       68.97893053        1.25174330       -0.38665665        2.18000000        0.82641532
    42.98390884       69.04162627        1.25299331       -0.38954948        2.18000000        0.82500319
    42.98734379       69.10432201        1.25423993       -0.39245054        2.18000000        0.82359334
    42.99049128       69.16701775        1.25548315       -0.39535984        2.18000000        0.82218577
    42.99334964       69.22971349        1.25672296       -0.39827739        2.18000000        0.82078050
    42.99591716       69.29240924        1.25795936       -0.40120320        2.18000000        0.81937753
    42.99819212       69.35510498        1.25919233       -0.40413727        2.18000000        0.81797686
    43.00017282       69.41780072        1.26042187       -0.40707960        2.18000000        0.81657851
    43.00185752       69.48049646        1.26164796       -0.41003021        2.18000000        0.81518248
    43.00324446       69.54319220        1.26287061       -0.41298909        2.18000000        0.81378878
    43.00433188       69.60588794        1.26408980       -0.41595626        2.18000000        0.81239742
    43.00511803       69.66858369        1.26530552       -0.41893171        2.18000000        0.81100840
    43.00560109       69.73127943        1.26651776       -0.42191545        2.18000000        0.80962174
    43.00577929       69.79397517        1.26772651       -0.42490748        2.18000000        0.80823744
