#  Theta paroi en deg Angle Choc en deg       Kp           Inverse Mach       Mach amont       Mach aval
     0.00000000       19.60723164        0.00000000        0.66442953        2.98000000
     1.60960937       19.60934343        0.00440792        0.66239343        2.98000000        2.97983937
     1.94362372       19.61229819        0.00603873        0.66164858        2.98000000        2.97961466
     2.30219071       19.61778187        0.00799398        0.66076139        2.98000000        2.97919777
     2.68872636       19.62748043        0.01032071        0.65971378        2.98000000        2.97846089
     3.08808991       19.64307981        0.01294711        0.65854161        2.98000000        2.97727685
     3.49146086       19.66626597        0.01581597        0.65727344        2.98000000        2.97551961
     3.89566975       19.69872486        0.01889808        0.65592483        2.98000000        2.97306493
     4.30049774       19.74214243        0.02218455        0.65450206        2.98000000        2.96979112
     4.70708055       19.79820462        0.02567982        0.65300563        2.98000000        2.96557998
     5.11713441       19.86859739        0.02939720        0.65143234        2.98000000        2.96031772
     5.46093645       19.93899015        0.03265980        0.65006647        2.98000000        2.95508321
     5.76176527       20.00938292        0.03562212        0.64883800        2.98000000        2.94987595
     6.03218404       20.07977569        0.03836974        0.64770816        2.98000000        2.94469546
     6.27980898       20.15016846        0.04095561        0.64665303        2.98000000        2.93954128
     6.50963438       20.22056123        0.04341502        0.64565665        2.98000000        2.93441295
     6.72512676       20.29095400        0.04577276        0.64470781        2.98000000        2.92931001
     6.92879835       20.36134676        0.04804701        0.64379830        2.98000000        2.92423204
     7.12253259       20.43173953        0.05025152        0.64292188        2.98000000        2.91917861
     7.30778085       20.50213230        0.05239697        0.64207374        2.98000000        2.91414930
     7.48568698       20.57252507        0.05449184        0.64125003        2.98000000        2.90914369
     7.65716987       20.64291784        0.05654297        0.64044765        2.98000000        2.90416139
     7.82297961       20.71331061        0.05855597        0.63966404        2.98000000        2.89920201
     7.98373711       20.78370337        0.06053551        0.63889709        2.98000000        2.89426515
     8.13996268       20.85409614        0.06248552        0.63814500        2.98000000        2.88935046
     8.29209690       20.92448891        0.06440933        0.63740625        2.98000000        2.88445756
     8.44051644       20.99488168        0.06630980        0.63667955        2.98000000        2.87958609
     8.58554603       21.06527445        0.06818939        0.63596375        2.98000000        2.87473569
     8.72746777       21.13566722        0.07005025        0.63525786        2.98000000        2.86990603
     8.86652838       21.20605998        0.07189427        0.63456103        2.98000000        2.86509677
     9.00294498       21.27645275        0.07372309        0.63387248        2.98000000        2.86030758
     9.13690971       21.34684552        0.07553818        0.63319153        2.98000000        2.85553814
     9.26859356       21.41723829        0.07734085        0.63251759        2.98000000        2.85078812
     9.39814929       21.48763106        0.07913226        0.63185009        2.98000000        2.84605722
     9.52571409       21.55802383        0.08091346        0.63118856        2.98000000        2.84134514
     9.65141160       21.62841659        0.08268538        0.63053255        2.98000000        2.83665158
     9.77535372       21.69880936        0.08444889        0.62988165        2.98000000        2.83197625
     9.89764200       21.76920213        0.08620475        0.62923551        2.98000000        2.82731886
    10.01836898       21.83959490        0.08795366        0.62859378        2.98000000        2.82267914
    10.13761919       21.90998767        0.08969627        0.62795616        2.98000000        2.81805681
    10.25547009       21.98038044        0.09143315        0.62732236        2.98000000        2.81345161
    10.37199287       22.05077320        0.09316485        0.62669214        2.98000000        2.80886326
    10.48725305       22.12116597        0.09489186        0.62606523        2.98000000        2.80429152
    10.60131117       22.19155874        0.09661463        0.62544144        2.98000000        2.79973614
    10.71422322       22.26195151        0.09833358        0.62482053        2.98000000        2.79519686
    10.82604113       22.33234428        0.10004910        0.62420234        2.98000000        2.79067345
    10.93681313       22.40273705        0.10176155        0.62358667        2.98000000        2.78616566
    11.04658417       22.47312981        0.10347125        0.62297337        2.98000000        2.78167328
    11.15539610       22.54352258        0.10517851        0.62236226        2.98000000        2.77719606
    11.26328808       22.61391535        0.10688363        0.62175322        2.98000000        2.77273379
    11.37029670       22.68430812        0.10858687        0.62114609        2.98000000        2.76828624
    11.47645630       22.75470089        0.11028848        0.62054076        2.98000000        2.76385321
    11.58179908       22.82509366        0.11198869        0.61993710        2.98000000        2.75943448
    11.68635530       22.89548643        0.11368772        0.61933499        2.98000000        2.75502985
    11.79015347       22.96587919        0.11538577        0.61873433        2.98000000        2.75063912
    11.89322044       23.03627196        0.11708304        0.61813502        2.98000000        2.74626208
    11.99558155       23.10666473        0.11877970        0.61753695        2.98000000        2.74189855
    12.09726075       23.17705750        0.12047593        0.61694004        2.98000000        2.73754833
    12.19828066       23.24745027        0.12217188        0.61634420        2.98000000        2.73321124
    12.29866274       23.31784304        0.12386770        0.61574935        2.98000000        2.72888709
    12.39842730       23.38823580        0.12556353        0.61515541        2.98000000        2.72457571
    12.49759363       23.45862857        0.12725950        0.61456231        2.98000000        2.72027692
    12.59618005       23.52902134        0.12895574        0.61396996        2.98000000        2.71599054
    12.69420396       23.59941411        0.13065236        0.61337831        2.98000000        2.71171641
    12.79168194       23.66980688        0.13234948        0.61278730        2.98000000        2.70745436
    12.88862977       23.74019965        0.13404720        0.61219685        2.98000000        2.70320423
    12.98506249       23.81059241        0.13574561        0.61160691        2.98000000        2.69896586
    13.08099443       23.88098518        0.13744482        0.61101742        2.98000000        2.69473909
    13.17643932       23.95137795        0.13914492        0.61042833        2.98000000        2.69052377
    13.27141025       24.02177072        0.14084598        0.60983958        2.98000000        2.68631975
    13.36591972       24.09216349        0.14254808        0.60925113        2.98000000        2.68212688
    13.45997972       24.16255626        0.14425130        0.60866293        2.98000000        2.67794501
    13.55360172       24.23294902        0.14595572        0.60807493        2.98000000        2.67377401
    13.64679671       24.30334179        0.14766139        0.60748709        2.98000000        2.66961372
    13.73957521       24.37373456        0.14936839        0.60689936        2.98000000        2.66546403
    13.83194736       24.44412733        0.15107678        0.60631171        2.98000000        2.66132478
    13.92392286       24.51452010        0.15278661        0.60572409        2.98000000        2.65719585
    14.01551103       24.58491287        0.15449793        0.60513646        2.98000000        2.65307711
    14.10672084       24.65530563        0.15621081        0.60454879        2.98000000        2.64896844
    14.19756089       24.72569840        0.15792528        0.60396105        2.98000000        2.64486970
    14.28803950       24.79609117        0.15964140        0.60337319        2.98000000        2.64078077
    14.37816465       24.86648394        0.16135921        0.60278518        2.98000000        2.63670154
    14.46794402       24.93687671        0.16307876        0.60219700        2.98000000        2.63263189
    14.55738503       25.00726948        0.16480008        0.60160861        2.98000000        2.62857170
    14.64649485       25.07766224        0.16652321        0.60101999        2.98000000        2.62452085
    14.73528035       25.14805501        0.16824819        0.60043109        2.98000000        2.62047924
    14.82374820       25.21844778        0.16997506        0.59984189        2.98000000        2.61644675
    14.91190481       25.28884055        0.17170384        0.59925238        2.98000000        2.61242329
    14.99975642       25.35923332        0.17343456        0.59866251        2.98000000        2.60840873
    15.08730900       25.42962609        0.17516727        0.59807226        2.98000000        2.60440298
    15.17456838       25.50001885        0.17690198        0.59748161        2.98000000        2.60040594
    15.26154014       25.57041162        0.17863872        0.59689054        2.98000000        2.59641751
    15.34822974       25.64080439        0.18037751        0.59629901        2.98000000        2.59243758
    15.43464241       25.71119716        0.18211839        0.59570702        2.98000000        2.58846607
    15.52078326       25.78158993        0.18386137        0.59511452        2.98000000        2.58450287
    15.60665721       25.85198270        0.18560648        0.59452151        2.98000000        2.58054790
    15.69226905       25.92237546        0.18735373        0.59392795        2.98000000        2.57660106
    15.77762340       25.99276823        0.18910315        0.59333384        2.98000000        2.57266226
    15.86272476       26.06316100        0.19085475        0.59273915        2.98000000        2.56873142
    15.94757748       26.13355377        0.19260855        0.59214385        2.98000000        2.56480844
    16.03218580       26.20394654        0.19436457        0.59154793        2.98000000        2.56089325
    16.11655382       26.27433931        0.19612283        0.59095138        2.98000000        2.55698576
    16.20068553       26.34473207        0.19788332        0.59035417        2.98000000        2.55308589
    16.28458480       26.41512484        0.19964608        0.58975628        2.98000000        2.54919356
    16.36825539       26.48551761        0.20141112        0.58915770        2.98000000        2.54530868
    16.45170096       26.55591038        0.20317844        0.58855840        2.98000000        2.54143119
    16.53492507       26.62630315        0.20494806        0.58795839        2.98000000        2.53756100
    16.61793116       26.69669592        0.20671998        0.58735762        2.98000000        2.53369804
    16.70072262       26.76708868        0.20849423        0.58675610        2.98000000        2.52984223
    16.78330270       26.83748145        0.21027080        0.58615380        2.98000000        2.52599351
    16.86567459       26.90787422        0.21204970        0.58555071        2.98000000        2.52215180
    16.94784140       26.97826699        0.21383096        0.58494681        2.98000000        2.51831704
    17.02980614       27.04865976        0.21561456        0.58434210        2.98000000        2.51448915
    17.11157176       27.11905253        0.21740052        0.58373654        2.98000000        2.51066806
    17.19314112       27.18944529        0.21918885        0.58313014        2.98000000        2.50685371
    17.27451700       27.25983806        0.22097955        0.58252287        2.98000000        2.50304604
    17.35570215       27.33023083        0.22277262        0.58191472        2.98000000        2.49924498
    17.43669919       27.40062360        0.22456808        0.58130568        2.98000000        2.49545047
    17.51751074       27.47101637        0.22636592        0.58069574        2.98000000        2.49166245
    17.59813930       27.54140914        0.22816616        0.58008488        2.98000000        2.48788085
    17.67858734       27.61180190        0.22996878        0.57947308        2.98000000        2.48410561
    17.75885726       27.68219467        0.23177380        0.57886035        2.98000000        2.48033669
    17.83895141       27.75258744        0.23358122        0.57824666        2.98000000        2.47657401
    17.91887208       27.82298021        0.23539105        0.57763200        2.98000000        2.47281753
    17.99862150       27.89337298        0.23720327        0.57701636        2.98000000        2.46906718
    18.07820185       27.96376575        0.23901790        0.57639972        2.98000000        2.46532292
    18.15761526       28.03415852        0.24083494        0.57578209        2.98000000        2.46158469
    18.23686383       28.10455128        0.24265438        0.57516344        2.98000000        2.45785243
    18.31594957       28.17494405        0.24447623        0.57454376        2.98000000        2.45412610
    18.39487449       28.24533682        0.24630049        0.57392305        2.98000000        2.45040564
    18.47364052       28.31572959        0.24812715        0.57330128        2.98000000        2.44669100
    18.55224957       28.38612236        0.24995622        0.57267846        2.98000000        2.44298214
    18.63070349       28.45651513        0.25178770        0.57205457        2.98000000        2.43927900
    18.70900410       28.52690789        0.25362159        0.57142960        2.98000000        2.43558154
    18.78715318       28.59730066        0.25545787        0.57080353        2.98000000        2.43188971
    18.86515247       28.66769343        0.25729656        0.57017637        2.98000000        2.42820346
    18.94300366       28.73808620        0.25913765        0.56954810        2.98000000        2.42452276
    19.02070843       28.80847897        0.26098114        0.56891870        2.98000000        2.42084754
    19.09826840       28.87887174        0.26282702        0.56828817        2.98000000        2.41717778
    19.17568517       28.94926450        0.26467530        0.56765650        2.98000000        2.41351343
    19.25296029       29.01965727        0.26652597        0.56702369        2.98000000        2.40985444
    19.33009530       29.09005004        0.26837902        0.56638971        2.98000000        2.40620077
    19.40709170       29.16044281        0.27023446        0.56575456        2.98000000        2.40255239
    19.48395095       29.23083558        0.27209228        0.56511824        2.98000000        2.39890925
    19.56067449       29.30122835        0.27395248        0.56448072        2.98000000        2.39527132
    19.63726372       29.37162111        0.27581505        0.56384201        2.98000000        2.39163855
    19.71372002       29.44201388        0.27768000        0.56320210        2.98000000        2.38801090
    19.79004475       29.51240665        0.27954730        0.56256096        2.98000000        2.38438834
    19.86623923       29.58279942        0.28141697        0.56191861        2.98000000        2.38077083
    19.94230475       29.65319219        0.28328899        0.56127502        2.98000000        2.37715834
    20.01824259       29.72358496        0.28516337        0.56063020        2.98000000        2.37355083
    20.09405399       29.79397772        0.28704009        0.55998412        2.98000000        2.36994826
    20.16974019       29.86437049        0.28891915        0.55933678        2.98000000        2.36635060
    20.24530237       29.93476326        0.29080055        0.55868818        2.98000000        2.36275781
    20.32074172       30.00515603        0.29268428        0.55803830        2.98000000        2.35916987
    20.39605938       30.07554880        0.29457034        0.55738714        2.98000000        2.35558673
    20.47125649       30.14594157        0.29645871        0.55673469        2.98000000        2.35200838
    20.54633415       30.21633433        0.29834940        0.55608094        2.98000000        2.34843476
    20.62129347       30.28672710        0.30024240        0.55542588        2.98000000        2.34486586
    20.69613550       30.35711987        0.30213770        0.55476951        2.98000000        2.34130164
    20.77086130       30.42751264        0.30403529        0.55411181        2.98000000        2.33774207
    20.84547188       30.49790541        0.30593517        0.55345278        2.98000000        2.33418713
    20.91996827       30.56829818        0.30783734        0.55279242        2.98000000        2.33063677
    20.99435146       30.63869094        0.30974178        0.55213070        2.98000000        2.32709098
    21.06862241       30.70908371        0.31164849        0.55146763        2.98000000        2.32354973
    21.14278208       30.77947648        0.31355746        0.55080320        2.98000000        2.32001298
    21.21683142       30.84986925        0.31546869        0.55013739        2.98000000        2.31648071
    21.29077134       30.92026202        0.31738217        0.54947021        2.98000000        2.31295290
    21.36460273       30.99065479        0.31929788        0.54880165        2.98000000        2.30942951
    21.43832651       31.06104755        0.32121583        0.54813169        2.98000000        2.30591052
    21.51194354       31.13144032        0.32313601        0.54746033        2.98000000        2.30239591
    21.58545466       31.20183309        0.32505841        0.54678756        2.98000000        2.29888564
    21.65886073       31.27222586        0.32698301        0.54611338        2.98000000        2.29537970
    21.73216257       31.34261863        0.32890982        0.54543778        2.98000000        2.29187806
    21.80536099       31.41301140        0.33083883        0.54476074        2.98000000        2.28838069
    21.87845680       31.48340416        0.33277002        0.54408227        2.98000000        2.28488758
    21.95145077       31.55379693        0.33470339        0.54340235        2.98000000        2.28139869
    22.02434367       31.62418970        0.33663894        0.54272099        2.98000000        2.27791401
    22.09713627       31.69458247        0.33857664        0.54203816        2.98000000        2.27443350
    22.16982930       31.76497524        0.34051651        0.54135387        2.98000000        2.27095716
    22.24242350       31.83536801        0.34245852        0.54066810        2.98000000        2.26748496
    22.31491958       31.90576077        0.34440267        0.53998086        2.98000000        2.26401687
    22.38731826       31.97615354        0.34634894        0.53929213        2.98000000        2.26055288
    22.45962022       32.04654631        0.34829734        0.53860190        2.98000000        2.25709296
    22.53182615       32.11693908        0.35024786        0.53791017        2.98000000        2.25363710
    22.60393672       32.18733185        0.35220047        0.53721694        2.98000000        2.25018526
    22.67595258       32.25772462        0.35415518        0.53652219        2.98000000        2.24673745
    22.74787439       32.32811738        0.35611198        0.53582591        2.98000000        2.24329362
    22.81970278       32.39851015        0.35807086        0.53512811        2.98000000        2.23985377
    22.89143838       32.46890292        0.36003180        0.53442877        2.98000000        2.23641787
    22.96308180       32.53929569        0.36199480        0.53372789        2.98000000        2.23298591
    23.03463366       32.60968846        0.36395985        0.53302546        2.98000000        2.22955787
    23.10609454       32.68008123        0.36592695        0.53232147        2.98000000        2.22613373
    23.17746503       32.75047399        0.36789607        0.53161592        2.98000000        2.22271347
    23.24874572       32.82086676        0.36986722        0.53090880        2.98000000        2.21929707
    23.31993716       32.89125953        0.37184038        0.53020010        2.98000000        2.21588452
    23.39103990       32.96165230        0.37381555        0.52948982        2.98000000        2.21247580
    23.46205450       33.03204507        0.37579270        0.52877794        2.98000000        2.20907090
    23.53298151       33.10243784        0.37777185        0.52806447        2.98000000        2.20566979
    23.60382144       33.17283060        0.37975296        0.52734940        2.98000000        2.20227245
    23.67457482       33.24322337        0.38173605        0.52663271        2.98000000        2.19887889
    23.74524216       33.31361614        0.38372108        0.52591441        2.98000000        2.19548907
    23.81582396       33.38400891        0.38570807        0.52519448        2.98000000        2.19210298
    23.88632072       33.45440168        0.38769699        0.52447292        2.98000000        2.18872061
    23.95673293       33.52479445        0.38968783        0.52374972        2.98000000        2.18534194
    24.02706107       33.59518722        0.39168059        0.52302488        2.98000000        2.18196696
    24.09730561       33.66557998        0.39367526        0.52229838        2.98000000        2.17859565
    24.16746701       33.73597275        0.39567182        0.52157023        2.98000000        2.17522800
    24.23754573       33.80636552        0.39767027        0.52084041        2.98000000        2.17186399
    24.30754222       33.87675829        0.39967060        0.52010892        2.98000000        2.16850362
    24.37745692       33.94715106        0.40167279        0.51937575        2.98000000        2.16514685
    24.44729026       34.01754383        0.40367683        0.51864089        2.98000000        2.16179369
    24.51704267       34.08793659        0.40568272        0.51790435        2.98000000        2.15844412
    24.58671458       34.15832936        0.40769045        0.51716610        2.98000000        2.15509813
    24.65630640       34.22872213        0.40970000        0.51642615        2.98000000        2.15175569
    24.72581852       34.29911490        0.41171136        0.51568449        2.98000000        2.14841681
    24.79525136       34.36950767        0.41372453        0.51494111        2.98000000        2.14508146
    24.86460530       34.43990044        0.41573949        0.51419600        2.98000000        2.14174964
    24.93388074       34.51029320        0.41775623        0.51344916        2.98000000        2.13842133
    25.00307805       34.58068597        0.41977474        0.51270059        2.98000000        2.13509652
    25.07219760       34.65107874        0.42179502        0.51195026        2.98000000        2.13177520
    25.14123977       34.72147151        0.42381704        0.51119819        2.98000000        2.12845735
    25.21020493       34.79186428        0.42584081        0.51044435        2.98000000        2.12514297
    25.27909341       34.86225705        0.42786631        0.50968875        2.98000000        2.12183204
    25.34790558       34.93264981        0.42989352        0.50893137        2.98000000        2.11852456
    25.41664178       35.00304258        0.43192244        0.50817222        2.98000000        2.11522050
    25.48530234       35.07343535        0.43395306        0.50741128        2.98000000        2.11191987
    25.55388761       35.14382812        0.43598537        0.50664855        2.98000000        2.10862264
    25.62239790       35.21422089        0.43801935        0.50588401        2.98000000        2.10532882
    25.69083355       35.28461366        0.44005499        0.50511767        2.98000000        2.10203838
    25.75919486       35.35500642        0.44209229        0.50434952        2.98000000        2.09875132
    25.82748216       35.42539919        0.44413123        0.50357954        2.98000000        2.09546763
    25.89569573       35.49579196        0.44617180        0.50280774        2.98000000        2.09218729
    25.96383590       35.56618473        0.44821400        0.50203411        2.98000000        2.08891030
    26.03190295       35.63657750        0.45025780        0.50125863        2.98000000        2.08563665
    26.09989717       35.70697027        0.45230320        0.50048131        2.98000000        2.08236633
    26.16781885       35.77736303        0.45435018        0.49970213        2.98000000        2.07909933
    26.23566827       35.84775580        0.45639875        0.49892109        2.98000000        2.07583564
    26.30344570       35.91814857        0.45844887        0.49813818        2.98000000        2.07257524
    26.37115143       35.98854134        0.46050055        0.49735339        2.98000000        2.06931814
    26.43878571       36.05893411        0.46255378        0.49656673        2.98000000        2.06606432
    26.50634881       36.12932688        0.46460853        0.49577817        2.98000000        2.06281377
    26.57384098       36.19971964        0.46666481        0.49498772        2.98000000        2.05956649
    26.64126249       36.27011241        0.46872259        0.49419536        2.98000000        2.05632246
    26.70861356       36.34050518        0.47078187        0.49340110        2.98000000        2.05308168
    26.77589447       36.41089795        0.47284263        0.49260492        2.98000000        2.04984414
    26.84310543       36.48129072        0.47490487        0.49180681        2.98000000        2.04660982
    26.91024669       36.55168349        0.47696857        0.49100677        2.98000000        2.04337873
    26.97731848       36.62207625        0.47903372        0.49020480        2.98000000        2.04015086
    27.04432103       36.69246902        0.48110031        0.48940087        2.98000000        2.03692619
    27.11125456       36.76286179        0.48316833        0.48859500        2.98000000        2.03370472
    27.17811928       36.83325456        0.48523777        0.48778717        2.98000000        2.03048644
    27.24491542       36.90364733        0.48730861        0.48697736        2.98000000        2.02727134
    27.31164318       36.97404010        0.48938085        0.48616559        2.98000000        2.02405942
    27.37830278       37.04443286        0.49145447        0.48535183        2.98000000        2.02085066
    27.44489441       37.11482563        0.49352945        0.48453609        2.98000000        2.01764507
    27.51141828       37.18521840        0.49560580        0.48371835        2.98000000        2.01444263
    27.57787458       37.25561117        0.49768350        0.48289861        2.98000000        2.01124333
    27.64426350       37.32600394        0.49976252        0.48207685        2.98000000        2.00804717
    27.71058523       37.39639671        0.50184288        0.48125308        2.98000000        2.00485415
    27.77683995       37.46678947        0.50392454        0.48042729        2.98000000        2.00166424
    27.84302786       37.53718224        0.50600750        0.47959946        2.98000000        1.99847746
    27.90914912       37.60757501        0.50809176        0.47876959        2.98000000        1.99529379
    27.97520390       37.67796778        0.51017729        0.47793768        2.98000000        1.99211322
    28.04119238       37.74836055        0.51226408        0.47710371        2.98000000        1.98893575
    28.10711473       37.81875332        0.51435213        0.47626768        2.98000000        1.98576137
    28.17297111       37.88914608        0.51644142        0.47542959        2.98000000        1.98259008
    28.23876167       37.95953885        0.51853193        0.47458941        2.98000000        1.97942186
    28.30448658       38.02993162        0.52062367        0.47374715        2.98000000        1.97625672
    28.37014599       38.10032439        0.52271661        0.47290280        2.98000000        1.97309464
    28.43574004       38.17071716        0.52481074        0.47205635        2.98000000        1.96993563
    28.50126890       38.24110993        0.52690605        0.47120780        2.98000000        1.96677966
    28.56673269       38.31150269        0.52900254        0.47035713        2.98000000        1.96362675
    28.63213156       38.38189546        0.53110018        0.46950434        2.98000000        1.96047688
    28.69746564       38.45228823        0.53319897        0.46864941        2.98000000        1.95733004
    28.76273507       38.52268100        0.53529889        0.46779235        2.98000000        1.95418623
    28.82793999       38.59307377        0.53739993        0.46693315        2.98000000        1.95104545
    28.89308051       38.66346654        0.53950208        0.46607179        2.98000000        1.94790768
    28.95815677       38.73385931        0.54160533        0.46520827        2.98000000        1.94477293
    29.02316888       38.80425207        0.54370966        0.46434259        2.98000000        1.94164119
    29.08811697       38.87464484        0.54581507        0.46347473        2.98000000        1.93851245
    29.15300114       38.94503761        0.54792154        0.46260468        2.98000000        1.93538670
    29.21782153       39.01543038        0.55002906        0.46173244        2.98000000        1.93226395
    29.28257822       39.08582315        0.55213761        0.46085800        2.98000000        1.92914418
    29.34727133       39.15621592        0.55424719        0.45998136        2.98000000        1.92602740
    29.41190097       39.22660868        0.55635778        0.45910249        2.98000000        1.92291359
    29.47646723       39.29700145        0.55846937        0.45822141        2.98000000        1.91980275
    29.54097021       39.36739422        0.56058195        0.45733809        2.98000000        1.91669487
    29.60541002       39.43778699        0.56269551        0.45645253        2.98000000        1.91358996
    29.66978674       39.50817976        0.56481003        0.45556473        2.98000000        1.91048800
    29.73410046       39.57857253        0.56692550        0.45467466        2.98000000        1.90738899
    29.79835127       39.64896529        0.56904191        0.45378234        2.98000000        1.90429293
    29.86253925       39.71935806        0.57115924        0.45288774        2.98000000        1.90119981
    29.92666450       39.78975083        0.57327749        0.45199085        2.98000000        1.89810962
    29.99072708       39.86014360        0.57539665        0.45109168        2.98000000        1.89502237
    30.05472708       39.93053637        0.57751669        0.45019022        2.98000000        1.89193805
    30.11866456       40.00092914        0.57963761        0.44928644        2.98000000        1.88885664
    30.18253960       40.07132190        0.58175940        0.44838035        2.98000000        1.88577815
    30.24635228       40.14171467        0.58388204        0.44747194        2.98000000        1.88270258
    30.31010264       40.21210744        0.58600552        0.44656120        2.98000000        1.87962992
    30.37379077       40.28250021        0.58812983        0.44564812        2.98000000        1.87656016
    30.43741672       40.35289298        0.59025495        0.44473269        2.98000000        1.87349330
    30.50098055       40.42328575        0.59238088        0.44381490        2.98000000        1.87042933
    30.56448231       40.49367851        0.59450760        0.44289474        2.98000000        1.86736826
    30.62792206       40.56407128        0.59663509        0.44197222        2.98000000        1.86431007
    30.69129986       40.63446405        0.59876336        0.44104730        2.98000000        1.86125476
    30.75461574       40.70485682        0.60089238        0.44012000        2.98000000        1.85820234
    30.81786977       40.77524959        0.60302214        0.43919030        2.98000000        1.85515279
    30.88106197       40.84564236        0.60515262        0.43825819        2.98000000        1.85210610
    30.94419240       40.91603512        0.60728383        0.43732365        2.98000000        1.84906229
    31.00726108       40.98642789        0.60941574        0.43638670        2.98000000        1.84602134
    31.07026808       41.05682066        0.61154834        0.43544730        2.98000000        1.84298324
    31.13321340       41.12721343        0.61368162        0.43450546        2.98000000        1.83994800
    31.19609709       41.19760620        0.61581556        0.43356117        2.98000000        1.83691561
    31.25891917       41.26799897        0.61795016        0.43261441        2.98000000        1.83388606
    31.32167969       41.33839173        0.62008540        0.43166519        2.98000000        1.83085936
    31.38437865       41.40878450        0.62222127        0.43071348        2.98000000        1.82783550
    31.44701608       41.47917727        0.62435776        0.42975928        2.98000000        1.82481447
    31.50959200       41.54957004        0.62649485        0.42880258        2.98000000        1.82179627
    31.57210645       41.61996281        0.62863253        0.42784337        2.98000000        1.81878090
    31.63455941       41.69035558        0.63077079        0.42688164        2.98000000        1.81576835
    31.69695092       41.76074834        0.63290962        0.42591739        2.98000000        1.81275863
    31.75928099       41.83114111        0.63504900        0.42495059        2.98000000        1.80975172
    31.82154962       41.90153388        0.63718892        0.42398125        2.98000000        1.80674762
    31.88375682       41.97192665        0.63932936        0.42300936        2.98000000        1.80374633
    31.94590260       42.04231942        0.64147033        0.42203490        2.98000000        1.80074785
    32.00798695       42.11271219        0.64361180        0.42105786        2.98000000        1.79775217
    32.07000989       42.18310495        0.64575376        0.42007824        2.98000000        1.79475929
    32.13197141       42.25349772        0.64789619        0.41909603        2.98000000        1.79176920
    32.19387149       42.32389049        0.65003909        0.41811121        2.98000000        1.78878190
    32.25571016       42.39428326        0.65218245        0.41712377        2.98000000        1.78579740
    32.31748738       42.46467603        0.65432624        0.41613371        2.98000000        1.78281567
    32.37920316       42.53506880        0.65647046        0.41514102        2.98000000        1.77983673
    32.44085747       42.60546156        0.65861510        0.41414569        2.98000000        1.77686057
    32.50245031       42.67585433        0.66076013        0.41314770        2.98000000        1.77388719
    32.56398166       42.74624710        0.66290556        0.41214704        2.98000000        1.77091657
    32.62545150       42.81663987        0.66505136        0.41114372        2.98000000        1.76794872
    32.68685981       42.88703264        0.66719753        0.41013771        2.98000000        1.76498364
    32.74820657       42.95742541        0.66934405        0.40912900        2.98000000        1.76202132
    32.80949175       43.02781817        0.67149091        0.40811759        2.98000000        1.75906176
    32.87071532       43.09821094        0.67363809        0.40710347        2.98000000        1.75610496
    32.93187727       43.16860371        0.67578558        0.40608662        2.98000000        1.75315090
    32.99297754       43.23899648        0.67793338        0.40506703        2.98000000        1.75019960
    33.05401613       43.30938925        0.68008146        0.40404470        2.98000000        1.74725104
    33.11499297       43.37978202        0.68222982        0.40301962        2.98000000        1.74430523
    33.17590805       43.45017478        0.68437844        0.40199177        2.98000000        1.74136216
    33.23676132       43.52056755        0.68652731        0.40096113        2.98000000        1.73842182
    33.29755274       43.59096032        0.68867642        0.39992772        2.98000000        1.73548422
    33.35828227       43.66135309        0.69082575        0.39889150        2.98000000        1.73254935
    33.41894986       43.73174586        0.69297529        0.39785247        2.98000000        1.72961720
    33.47955546       43.80213863        0.69512503        0.39681063        2.98000000        1.72668779
    33.54009902       43.87253140        0.69727495        0.39576595        2.98000000        1.72376109
    33.60058050       43.94292416        0.69942505        0.39471843        2.98000000        1.72083712
    33.66099984       44.01331693        0.70157530        0.39366805        2.98000000        1.71791586
    33.72135698       44.08370970        0.70372571        0.39261482        2.98000000        1.71499731
    33.78165187       44.15410247        0.70587625        0.39155870        2.98000000        1.71208148
    33.84188444       44.22449524        0.70802691        0.39049970        2.98000000        1.70916835
    33.90205464       44.29488801        0.71017768        0.38943781        2.98000000        1.70625793
    33.96216240       44.36528077        0.71232854        0.38837300        2.98000000        1.70335021
    34.02220766       44.43567354        0.71447949        0.38730528        2.98000000        1.70044519
    34.08219034       44.50606631        0.71663051        0.38623462        2.98000000        1.69754287
    34.14211038       44.57645908        0.71878159        0.38516102        2.98000000        1.69464324
    34.20196771       44.64685185        0.72093271        0.38408446        2.98000000        1.69174631
    34.26176226       44.71724462        0.72308386        0.38300494        2.98000000        1.68885206
    34.32149394       44.78763738        0.72523503        0.38192244        2.98000000        1.68596050
    34.38116268       44.85803015        0.72738621        0.38083695        2.98000000        1.68307162
    34.44076840       44.92842292        0.72953738        0.37974846        2.98000000        1.68018542
    34.50031103       44.99881569        0.73168853        0.37865696        2.98000000        1.67730190
    34.55979046       45.06920846        0.73383965        0.37756243        2.98000000        1.67442106
    34.61920663       45.13960123        0.73599073        0.37646487        2.98000000        1.67154289
    34.67855944       45.20999399        0.73814175        0.37536426        2.98000000        1.66866739
    34.73784880       45.28038676        0.74029269        0.37426058        2.98000000        1.66579456
    34.79707463       45.35077953        0.74244356        0.37315384        2.98000000        1.66292439
    34.85623682       45.42117230        0.74459432        0.37204401        2.98000000        1.66005688
    34.91533528       45.49156507        0.74674498        0.37093108        2.98000000        1.65719204
    34.97436992       45.56195784        0.74889552        0.36981504        2.98000000        1.65432985
    35.03334064       45.63235060        0.75104592        0.36869587        2.98000000        1.65147032
    35.09224733       45.70274337        0.75319617        0.36757358        2.98000000        1.64861344
    35.15108988       45.77313614        0.75534626        0.36644814        2.98000000        1.64575921
    35.20986821       45.84352891        0.75749618        0.36531953        2.98000000        1.64290763
    35.26858219       45.91392168        0.75964591        0.36418776        2.98000000        1.64005869
    35.32723171       45.98431445        0.76179544        0.36305280        2.98000000        1.63721240
    35.38581668       46.05470721        0.76394477        0.36191464        2.98000000        1.63436874
    35.44433696       46.12509998        0.76609386        0.36077327        2.98000000        1.63152773
    35.50279246       46.19549275        0.76824272        0.35962867        2.98000000        1.62868935
    35.56118304       46.26588552        0.77039133        0.35848084        2.98000000        1.62585360
    35.61950859       46.33627829        0.77253967        0.35732976        2.98000000        1.62302049
    35.67776899       46.40667106        0.77468774        0.35617542        2.98000000        1.62019000
    35.73596412       46.47706382        0.77683552        0.35501780        2.98000000        1.61736214
    35.79409385       46.54745659        0.77898299        0.35385689        2.98000000        1.61453690
    35.85215804       46.61784936        0.78113015        0.35269268        2.98000000        1.61171429
    35.91015658       46.68824213        0.78327699        0.35152515        2.98000000        1.60889429
    35.96808933       46.75863490        0.78542348        0.35035429        2.98000000        1.60607691
    36.02595615       46.82902767        0.78756962        0.34918009        2.98000000        1.60326215
    36.08375692       46.89942043        0.78971539        0.34800253        2.98000000        1.60045000
    36.14149148       46.96981320        0.79186079        0.34682160        2.98000000        1.59764046
    36.19915971       47.04020597        0.79400579        0.34563728        2.98000000        1.59483352
    36.25676147       47.11059874        0.79615038        0.34444957        2.98000000        1.59202920
    36.31429659       47.18099151        0.79829456        0.34325844        2.98000000        1.58922747
    36.37176495       47.25138428        0.80043831        0.34206389        2.98000000        1.58642835
    36.42916640       47.32177704        0.80258161        0.34086589        2.98000000        1.58363183
    36.48650077       47.39216981        0.80472446        0.33966444        2.98000000        1.58083790
    36.54376793       47.46256258        0.80686684        0.33845952        2.98000000        1.57804657
    36.60096771       47.53295535        0.80900873        0.33725112        2.98000000        1.57525784
    36.65809996       47.60334812        0.81115013        0.33603922        2.98000000        1.57247169
    36.71516452       47.67374089        0.81329102        0.33482381        2.98000000        1.56968813
    36.77216124       47.74413365        0.81543140        0.33360487        2.98000000        1.56690716
    36.82908994       47.81452642        0.81757123        0.33238238        2.98000000        1.56412877
    36.88595046       47.88491919        0.81971052        0.33115634        2.98000000        1.56135297
    36.94274265       47.95531196        0.82184926        0.32992673        2.98000000        1.55857975
    36.99946631       48.02570473        0.82398742        0.32869353        2.98000000        1.55580910
    37.05612130       48.09609750        0.82612499        0.32745673        2.98000000        1.55304103
    37.11270743       48.16649026        0.82826197        0.32621632        2.98000000        1.55027554
    37.16922452       48.23688303        0.83039833        0.32497227        2.98000000        1.54751262
    37.22567241       48.30727580        0.83253407        0.32372457        2.98000000        1.54475226
    37.28205090       48.37766857        0.83466918        0.32247321        2.98000000        1.54199448
    37.33835982       48.44806134        0.83680363        0.32121818        2.98000000        1.53923926
    37.39459899       48.51845411        0.83893743        0.31995945        2.98000000        1.53648661
    37.45076822       48.58884687        0.84107054        0.31869701        2.98000000        1.53373652
    37.50686731       48.65923964        0.84320297        0.31743084        2.98000000        1.53098899
    37.56289609       48.72963241        0.84533470        0.31616093        2.98000000        1.52824402
    37.61885435       48.80002518        0.84746572        0.31488727        2.98000000        1.52550160
    37.67474190       48.87041795        0.84959601        0.31360984        2.98000000        1.52276174
    37.73055854       48.94081072        0.85172556        0.31232861        2.98000000        1.52002444
    37.78630408       49.01120349        0.85385436        0.31104358        2.98000000        1.51728968
    37.84197831       49.08159625        0.85598239        0.30975473        2.98000000        1.51455747
    37.89758103       49.15198902        0.85810964        0.30846204        2.98000000        1.51182781
    37.95311204       49.22238179        0.86023611        0.30716550        2.98000000        1.50910070
    38.00857111       49.29277456        0.86236177        0.30586509        2.98000000        1.50637613
    38.06395806       49.36316733        0.86448661        0.30456079        2.98000000        1.50365410
    38.11927265       49.43356010        0.86661063        0.30325258        2.98000000        1.50093461
    38.17451467       49.50395286        0.86873380        0.30194046        2.98000000        1.49821766
    38.22968392       49.57434563        0.87085612        0.30062439        2.98000000        1.49550325
    38.28478015       49.64473840        0.87297757        0.29930437        2.98000000        1.49279137
    38.33980317       49.71513117        0.87509814        0.29798038        2.98000000        1.49008203
    38.39475274       49.78552394        0.87721782        0.29665240        2.98000000        1.48737521
    38.44962863       49.85591671        0.87933659        0.29532041        2.98000000        1.48467093
    38.50443061       49.92630947        0.88145445        0.29398440        2.98000000        1.48196917
    38.55915846       49.99670224        0.88357137        0.29264435        2.98000000        1.47926994
    38.61381194       50.06709501        0.88568735        0.29130024        2.98000000        1.47657324
    38.66839080       50.13748778        0.88780237        0.28995205        2.98000000        1.47387905
    38.72289482       50.20788055        0.88991642        0.28859977        2.98000000        1.47118739
    38.77732376       50.27827332        0.89202949        0.28724337        2.98000000        1.46849825
    38.83167736       50.34866608        0.89414156        0.28588284        2.98000000        1.46581162
    38.88595538       50.41905885        0.89625262        0.28451817        2.98000000        1.46312751
    38.94015758       50.48945162        0.89836267        0.28314932        2.98000000        1.46044592
    38.99428371       50.55984439        0.90047168        0.28177629        2.98000000        1.45776684
    39.04833350       50.63023716        0.90257964        0.28039906        2.98000000        1.45509027
    39.10230670       50.70062993        0.90468654        0.27901760        2.98000000        1.45241621
    39.15620306       50.77102269        0.90679238        0.27763191        2.98000000        1.44974466
    39.21002232       50.84141546        0.90889712        0.27624195        2.98000000        1.44707562
    39.26376420       50.91180823        0.91100077        0.27484771        2.98000000        1.44440908
    39.31742845       50.98220100        0.91310332        0.27344918        2.98000000        1.44174504
    39.37101479       51.05259377        0.91520473        0.27204632        2.98000000        1.43908351
    39.42452296       51.12298654        0.91730501        0.27063913        2.98000000        1.43642448
    39.47795268       51.19337930        0.91940415        0.26922759        2.98000000        1.43376794
    39.53130368       51.26377207        0.92150212        0.26781167        2.98000000        1.43111391
    39.58457567       51.33416484        0.92359892        0.26639135        2.98000000        1.42846237
    39.63776837       51.40455761        0.92569453        0.26496662        2.98000000        1.42581333
    39.69088151       51.47495038        0.92778895        0.26353746        2.98000000        1.42316678
    39.74391479       51.54534315        0.92988215        0.26210384        2.98000000        1.42052272
    39.79686791       51.61573591        0.93197413        0.26066574        2.98000000        1.41788115
    39.84974061       51.68612868        0.93406487        0.25922315        2.98000000        1.41524208
    39.90253256       51.75652145        0.93615436        0.25777605        2.98000000        1.41260549
    39.95524349       51.82691422        0.93824258        0.25632441        2.98000000        1.40997139
    40.00787309       51.89730699        0.94032954        0.25486821        2.98000000        1.40733977
    40.06042104       51.96769976        0.94241520        0.25340744        2.98000000        1.40471064
    40.11288706       52.03809252        0.94449957        0.25194207        2.98000000        1.40208399
    40.16527083       52.10848529        0.94658262        0.25047208        2.98000000        1.39945982
    40.21757204       52.17887806        0.94866434        0.24899745        2.98000000        1.39683813
    40.26979037       52.24927083        0.95074473        0.24751816        2.98000000        1.39421892
    40.32192550       52.31966360        0.95282377        0.24603419        2.98000000        1.39160219
    40.37397713       52.39005637        0.95490144        0.24454552        2.98000000        1.38898794
    40.42594492       52.46044913        0.95697774        0.24305212        2.98000000        1.38637616
    40.47782854       52.53084190        0.95905264        0.24155398        2.98000000        1.38376685
    40.52962768       52.60123467        0.96112615        0.24005106        2.98000000        1.38116002
    40.58134199       52.67162744        0.96319824        0.23854336        2.98000000        1.37855566
    40.63297115       52.74202021        0.96526891        0.23703084        2.98000000        1.37595377
    40.68451481       52.81241298        0.96733814        0.23551349        2.98000000        1.37335435
    40.73597264       52.88280574        0.96940591        0.23399128        2.98000000        1.37075740
    40.78734429       52.95319851        0.97147222        0.23246419        2.98000000        1.36816291
    40.83862941       53.02359128        0.97353705        0.23093220        2.98000000        1.36557089
    40.88982766       53.09398405        0.97560040        0.22939529        2.98000000        1.36298134
    40.94093868       53.16437682        0.97766224        0.22785343        2.98000000        1.36039425
    40.99196211       53.23476959        0.97972257        0.22630660        2.98000000        1.35780963
    41.04289760       53.30516235        0.98178137        0.22475477        2.98000000        1.35522746
    41.09374479       53.37555512        0.98383863        0.22319793        2.98000000        1.35264776
    41.14450331       53.44594789        0.98589434        0.22163604        2.98000000        1.35007052
    41.19517279       53.51634066        0.98794848        0.22006909        2.98000000        1.34749573
    41.24575285       53.58673343        0.99000105        0.21849706        2.98000000        1.34492341
    41.29624314       53.65712620        0.99205203        0.21691991        2.98000000        1.34235354
    41.34664326       53.72751896        0.99410140        0.21533763        2.98000000        1.33978613
    41.39695284       53.79791173        0.99614916        0.21375018        2.98000000        1.33722117
    41.44717148       53.86830450        0.99819530        0.21215756        2.98000000        1.33465867
    41.49729881       53.93869727        1.00023979        0.21055972        2.98000000        1.33209862
    41.54733443       54.00909004        1.00228263        0.20895665        2.98000000        1.32954103
    41.59727795       54.07948281        1.00432381        0.20734832        2.98000000        1.32698589
    41.64712897       54.14987558        1.00636331        0.20573471        2.98000000        1.32443320
    41.69688708       54.22026834        1.00840112        0.20411580        2.98000000        1.32188295
    41.74655189       54.29066111        1.01043723        0.20249155        2.98000000        1.31933516
    41.79612297       54.36105388        1.01247163        0.20086194        2.98000000        1.31678982
    41.84559994       54.43144665        1.01450430        0.19922694        2.98000000        1.31424693
    41.89498235       54.50183942        1.01653523        0.19758654        2.98000000        1.31170648
    41.94426981       54.57223219        1.01856441        0.19594070        2.98000000        1.30916848
    41.99346188       54.64262495        1.02059182        0.19428940        2.98000000        1.30663293
    42.04255814       54.71301772        1.02261746        0.19263262        2.98000000        1.30409982
    42.09155816       54.78341049        1.02464131        0.19097032        2.98000000        1.30156916
    42.14046151       54.85380326        1.02666336        0.18930247        2.98000000        1.29904094
    42.18926774       54.92419603        1.02868360        0.18762907        2.98000000        1.29651517
    42.23797643       54.99458880        1.03070201        0.18595006        2.98000000        1.29399184
    42.28658712       55.06498156        1.03271858        0.18426544        2.98000000        1.29147095
    42.33509936       55.13537433        1.03473330        0.18257517        2.98000000        1.28895250
    42.38351271       55.20576710        1.03674616        0.18087923        2.98000000        1.28643650
    42.43182670       55.27615987        1.03875715        0.17917758        2.98000000        1.28392293
    42.48004088       55.34655264        1.04076624        0.17747020        2.98000000        1.28141181
    42.52815479       55.41694541        1.04277344        0.17575707        2.98000000        1.27890313
    42.57616796       55.48733817        1.04477873        0.17403814        2.98000000        1.27639688
    42.62407991       55.55773094        1.04678209        0.17231341        2.98000000        1.27389308
    42.67189017       55.62812371        1.04878352        0.17058283        2.98000000        1.27139171
    42.71959827       55.69851648        1.05078300        0.16884638        2.98000000        1.26889279
    42.76720371       55.76890925        1.05278051        0.16710403        2.98000000        1.26639630
    42.81470602       55.83930202        1.05477606        0.16535576        2.98000000        1.26390225
    42.86210469       55.90969478        1.05676962        0.16360153        2.98000000        1.26141064
    42.90939924       55.98008755        1.05876118        0.16184131        2.98000000        1.25892146
    42.95658915       56.05048032        1.06075073        0.16007507        2.98000000        1.25643473
    43.00367395       56.12087309        1.06273826        0.15830279        2.98000000        1.25395043
    43.05065310       56.19126586        1.06472375        0.15652443        2.98000000        1.25146856
    43.09752610       56.26165863        1.06670720        0.15473997        2.98000000        1.24898914
    43.14429243       56.33205139        1.06868859        0.15294938        2.98000000        1.24651215
    43.19095158       56.40244416        1.07066791        0.15115262        2.98000000        1.24403759
    43.23750301       56.47283693        1.07264515        0.14934966        2.98000000        1.24156547
    43.28394620       56.54322970        1.07462029        0.14754048        2.98000000        1.23909579
    43.33028061       56.61362247        1.07659333        0.14572504        2.98000000        1.23662855
    43.37650570       56.68401524        1.07856425        0.14390331        2.98000000        1.23416374
    43.42262094       56.75440800        1.08053303        0.14207526        2.98000000        1.23170136
    43.46862576       56.82480077        1.08249967        0.14024086        2.98000000        1.22924143
    43.51451963       56.89519354        1.08446416        0.13840008        2.98000000        1.22678393
    43.56030197       56.96558631        1.08642648        0.13655289        2.98000000        1.22432886
    43.60597224       57.03597908        1.08838662        0.13469924        2.98000000        1.22187623
    43.65152987       57.10637185        1.09034457        0.13283912        2.98000000        1.21942604
    43.69697427       57.17676461        1.09230031        0.13097249        2.98000000        1.21697829
    43.74230489       57.24715738        1.09425384        0.12909931        2.98000000        1.21453297
    43.78752113       57.31755015        1.09620514        0.12721956        2.98000000        1.21209009
    43.83262242       57.38794292        1.09815420        0.12533320        2.98000000        1.20964964
    43.87760815       57.45833569        1.10010101        0.12344020        2.98000000        1.20721164
    43.92247774       57.52872846        1.10204555        0.12154052        2.98000000        1.20477607
    43.96723058       57.59912122        1.10398782        0.11963413        2.98000000        1.20234294
    44.01186608       57.66951399        1.10592781        0.11772099        2.98000000        1.19991224
    44.05638361       57.73990676        1.10786549        0.11580108        2.98000000        1.19748399
    44.10078257       57.81029953        1.10980086        0.11387436        2.98000000        1.19505818
    44.14506233       57.88069230        1.11173390        0.11194079        2.98000000        1.19263480
    44.18922227       57.95108507        1.11366462        0.11000034        2.98000000        1.19021387
    44.23326175       58.02147783        1.11559298        0.10805297        2.98000000        1.18779537
    44.27718015       58.09187060        1.11751898        0.10609866        2.98000000        1.18537932
    44.32097681       58.16226337        1.11944262        0.10413735        2.98000000        1.18296571
    44.36465108       58.23265614        1.12136386        0.10216903        2.98000000        1.18055454
    44.40820233       58.30304891        1.12328272        0.10019364        2.98000000        1.17814582
    44.45162989       58.37344168        1.12519917        0.09821117        2.98000000        1.17573953
    44.49493309       58.44383444        1.12711319        0.09622156        2.98000000        1.17333569
    44.53811126       58.51422721        1.12902479        0.09422479        2.98000000        1.17093430
    44.58116374       58.58461998        1.13093395        0.09222081        2.98000000        1.16853535
    44.62408984       58.65501275        1.13284065        0.09020959        2.98000000        1.16613885
    44.66688888       58.72540552        1.13474488        0.08819110        2.98000000        1.16374480
    44.70956015       58.79579829        1.13664664        0.08616529        2.98000000        1.16135319
    44.75210297       58.86619105        1.13854591        0.08413213        2.98000000        1.15896403
    44.79451663       58.93658382        1.14044267        0.08209158        2.98000000        1.15657733
    44.83680042       59.00697659        1.14233692        0.08004360        2.98000000        1.15419307
    44.87895362       59.07736936        1.14422865        0.07798816        2.98000000        1.15181126
    44.92097552       59.14776213        1.14611784        0.07592521        2.98000000        1.14943191
    44.96286538       59.21815490        1.14800448        0.07385471        2.98000000        1.14705501
    45.00462248       59.28854767        1.14988856        0.07177664        2.98000000        1.14468056
    45.04624606       59.35894043        1.15177007        0.06969094        2.98000000        1.14230858
    45.08773539       59.42933320        1.15364900        0.06759758        2.98000000        1.13993904
    45.12908971       59.49972597        1.15552533        0.06549652        2.98000000        1.13757197
    45.17030826       59.57011874        1.15739905        0.06338772        2.98000000        1.13520735
    45.21139028       59.64051151        1.15927015        0.06127113        2.98000000        1.13284520
    45.25233499       59.71090428        1.16113863        0.05914673        2.98000000        1.13048551
    45.29314162       59.78129704        1.16300446        0.05701446        2.98000000        1.12812828
    45.33380938       59.85168981        1.16486764        0.05487429        2.98000000        1.12577351
    45.37433747       59.92208258        1.16672815        0.05272617        2.98000000        1.12342121
    45.41472511       59.99247535        1.16858598        0.05057007        2.98000000        1.12107138
    45.45497147       60.06286812        1.17044113        0.04840594        2.98000000        1.11872401
    45.49507576       60.13326089        1.17229358        0.04623374        2.98000000        1.11637912
    45.53503715       60.20365365        1.17414331        0.04405342        2.98000000        1.11403669
    45.57485482       60.27404642        1.17599032        0.04186495        2.98000000        1.11169675
    45.61452792       60.34443919        1.17783460        0.03966829        2.98000000        1.10935927
    45.65405563       60.41483196        1.17967613        0.03746338        2.98000000        1.10702427
    45.69343709       60.48522473        1.18151490        0.03525019        2.98000000        1.10469175
    45.73267144       60.55561750        1.18335090        0.03302867        2.98000000        1.10236171
    45.77175784       60.62601026        1.18518412        0.03079877        2.98000000        1.10003415
    45.81069540       60.69640303        1.18701455        0.02856047        2.98000000        1.09770907
    45.84948325       60.76679580        1.18884218        0.02631370        2.98000000        1.09538648
    45.88812050       60.83718857        1.19066699        0.02405843        2.98000000        1.09306638
    45.92660626       60.90758134        1.19248897        0.02179460        2.98000000        1.09074876
    45.96493963       60.97797411        1.19430811        0.01952219        2.98000000        1.08843364
    46.00311971       61.04836687        1.19612441        0.01724113        2.98000000        1.08612101
    46.04114557       61.11875964        1.19793784        0.01495138        2.98000000        1.08381087
    46.07901629       61.18915241        1.19974840        0.01265290        2.98000000        1.08150323
    46.11673095       61.25954518        1.20155608        0.01034565        2.98000000        1.07919809
    46.15428860       61.32993795        1.20336086        0.00802957        2.98000000        1.07689545
    46.19168830       61.40033072        1.20516273        0.00570461        2.98000000        1.07459532
    46.22892908       61.47072348        1.20696169        0.00337074        2.98000000        1.07229769
    46.26600998       61.54111625        1.20875771        0.00102790        2.98000000        1.07000257
    46.30293004       61.61150902        1.21055080       -0.00132396        2.98000000        1.06770996
    46.33968826       61.68190179        1.21234093       -0.00368487        2.98000000        1.06541986
    46.37628367       61.75229456        1.21412810       -0.00605490        2.98000000        1.06313228
    46.41271525       61.82268733        1.21591229       -0.00843409        2.98000000        1.06084721
    46.44898202       61.89308009        1.21769350       -0.01082249        2.98000000        1.05856467
    46.48508294       61.96347286        1.21947171       -0.01322015        2.98000000        1.05628465
    46.52101699       62.03386563        1.22124691       -0.01562711        2.98000000        1.05400715
    46.55678314       62.10425840        1.22301910       -0.01804343        2.98000000        1.05173218
    46.59238035       62.17465117        1.22478825       -0.02046916        2.98000000        1.04945974
    46.62780756       62.24504394        1.22655435       -0.02290435        2.98000000        1.04718984
    46.66306372       62.31543670        1.22831741       -0.02534904        2.98000000        1.04492247
    46.69814775       62.38582947        1.23007740       -0.02780330        2.98000000        1.04265765
    46.73305857       62.45622224        1.23183431       -0.03026716        2.98000000        1.04039536
    46.76779510       62.52661501        1.23358813       -0.03274069        2.98000000        1.03813562
    46.80235623       62.59700778        1.23533886       -0.03522393        2.98000000        1.03587843
    46.83674085       62.66740055        1.23708648       -0.03771694        2.98000000        1.03362379
    46.87094785       62.73779331        1.23883097       -0.04021977        2.98000000        1.03137170
    46.90497610       62.80818608        1.24057234       -0.04273247        2.98000000        1.02912218
    46.93882446       62.87857885        1.24231056       -0.04525510        2.98000000        1.02687521
    46.97249178       62.94897162        1.24404562       -0.04778771        2.98000000        1.02463080
    47.00597690       63.01936439        1.24577752       -0.05033035        2.98000000        1.02238897
    47.03927866       63.08975716        1.24750625       -0.05288307        2.98000000        1.02014970
    47.07239586       63.16014992        1.24923178       -0.05544594        2.98000000        1.01791301
    47.10532734       63.23054269        1.25095412       -0.05801900        2.98000000        1.01567890
    47.13807187       63.30093546        1.25267325       -0.06060231        2.98000000        1.01344737
    47.17062825       63.37132823        1.25438915       -0.06319593        2.98000000        1.01121842
    47.20299526       63.44172100        1.25610183       -0.06579992        2.98000000        1.00899206
    47.23517167       63.51211377        1.25781126       -0.06841432        2.98000000        1.00676830
    47.26715623       63.58250653        1.25951743       -0.07103919        2.98000000        1.00454713
    47.29894768       63.65289930        1.26122035       -0.07367460        2.98000000        1.00232856
    47.33054477       63.72329207        1.26291998       -0.07632059        2.98000000        1.00011259
    47.36194620       63.79368484        1.26461633       -0.07897723        2.98000000        0.99789923
    47.39315069       63.86407761        1.26630938       -0.08164458        2.98000000        0.99568849
    47.42415694       63.93447038        1.26799912       -0.08432268        2.98000000        0.99348036
    47.45496364       64.00486314        1.26968554       -0.08701160        2.98000000        0.99127485
    47.48556947       64.07525591        1.27136863       -0.08971141        2.98000000        0.98907196
    47.51597307       64.14564868        1.27304838       -0.09242215        2.98000000        0.98687170
    47.54617311       64.21604145        1.27472478       -0.09514388        2.98000000        0.98467408
    47.57616823       64.28643422        1.27639781       -0.09787667        2.98000000        0.98247909
    47.60595704       64.35682699        1.27806746       -0.10062058        2.98000000        0.98028674
    47.63553817       64.42721976        1.27973373       -0.10337566        2.98000000        0.97809704
    47.66491022       64.49761252        1.28139661       -0.10614198        2.98000000        0.97590999
    47.69407176       64.56800529        1.28305607       -0.10891960        2.98000000        0.97372559
    47.72302139       64.63839806        1.28471212       -0.11170858        2.98000000        0.97154386
    47.75175766       64.70879083        1.28636474       -0.11450897        2.98000000        0.96936478
    47.78027912       64.77918360        1.28801392       -0.11732085        2.98000000        0.96718838
    47.80858431       64.84957637        1.28965965       -0.12014428        2.98000000        0.96501466
    47.83667175       64.91996913        1.29130191       -0.12297931        2.98000000        0.96284361
    47.86453994       64.99036190        1.29294070       -0.12582601        2.98000000        0.96067524
    47.89218739       65.06075467        1.29457601       -0.12868445        2.98000000        0.95850957
    47.91961258       65.13114744        1.29620783       -0.13155468        2.98000000        0.95634659
    47.94681397       65.20154021        1.29783614       -0.13443677        2.98000000        0.95418630
    47.97379001       65.27193298        1.29946093       -0.13733079        2.98000000        0.95202873
    48.00053915       65.34232574        1.30108220       -0.14023680        2.98000000        0.94987386
    48.02705980       65.41271851        1.30269993       -0.14315486        2.98000000        0.94772171
    48.05335039       65.48311128        1.30431411       -0.14608504        2.98000000        0.94557228
    48.07940930       65.55350405        1.30592473       -0.14902741        2.98000000        0.94342558
    48.10523491       65.62389682        1.30753179       -0.15198203        2.98000000        0.94128161
    48.13082559       65.69428959        1.30913526       -0.15494897        2.98000000        0.93914038
    48.15617969       65.76468235        1.31073514       -0.15792829        2.98000000        0.93700189
    48.18129555       65.83507512        1.31233142       -0.16092006        2.98000000        0.93486615
    48.20617147       65.90546789        1.31392408       -0.16392435        2.98000000        0.93273317
    48.23080577       65.97586066        1.31551313       -0.16694122        2.98000000        0.93060295
    48.25519673       66.04625343        1.31709853       -0.16997075        2.98000000        0.92847550
    48.27934263       66.11664620        1.31868030       -0.17301300        2.98000000        0.92635082
    48.30324171       66.18703896        1.32025840       -0.17606805        2.98000000        0.92422892
    48.32689222       66.25743173        1.32183285       -0.17913595        2.98000000        0.92210981
    48.35029238       66.32782450        1.32340361       -0.18221678        2.98000000        0.91999349
    48.37344039       66.39821727        1.32497069       -0.18531060        2.98000000        0.91787997
    48.39633444       66.46861004        1.32653406       -0.18841750        2.98000000        0.91576925
    48.41897270       66.53900281        1.32809373       -0.19153753        2.98000000        0.91366135
    48.44135333       66.60939557        1.32964968       -0.19467077        2.98000000        0.91155627
    48.46347446       66.67978834        1.33120190       -0.19781729        2.98000000        0.90945402
    48.48533421       66.75018111        1.33275038       -0.20097715        2.98000000        0.90735459
    48.50693068       66.82057388        1.33429511       -0.20415044        2.98000000        0.90525801
    48.52826195       66.89096665        1.33583607       -0.20733723        2.98000000        0.90316428
    48.54932609       66.96135942        1.33737326       -0.21053757        2.98000000        0.90107339
    48.57012114       67.03175218        1.33890667       -0.21375156        2.98000000        0.89898537
    48.59064513       67.10214495        1.34043628       -0.21697925        2.98000000        0.89690022
    48.61089606       67.17253772        1.34196209       -0.22022072        2.98000000        0.89481795
    48.63087194       67.24293049        1.34348409       -0.22347605        2.98000000        0.89273856
    48.65057071       67.31332326        1.34500225       -0.22674531        2.98000000        0.89066206
    48.66999035       67.38371603        1.34651658       -0.23002857        2.98000000        0.88858846
    48.68912877       67.45410879        1.34802707       -0.23332591        2.98000000        0.88651776
    48.70798389       67.52450156        1.34953369       -0.23663740        2.98000000        0.88444998
    48.72655359       67.59489433        1.35103645       -0.23996311        2.98000000        0.88238512
    48.74483575       67.66528710        1.35253532       -0.24330313        2.98000000        0.88032320
    48.76282822       67.73567987        1.35403031       -0.24665751        2.98000000        0.87826421
    48.78052882       67.80607264        1.35552140       -0.25002635        2.98000000        0.87620817
    48.79793536       67.87646540        1.35700858       -0.25340972        2.98000000        0.87415508
    48.81504563       67.94685817        1.35849183       -0.25680768        2.98000000        0.87210496
    48.83185739       68.01725094        1.35997115       -0.26022032        2.98000000        0.87005780
    48.84836839       68.08764371        1.36144653       -0.26364772        2.98000000        0.86801363
    48.86457635       68.15803648        1.36291796       -0.26708995        2.98000000        0.86597245
    48.88047896       68.22842925        1.36438542       -0.27054708        2.98000000        0.86393427
    48.89607390       68.29882201        1.36584891       -0.27401920        2.98000000        0.86189909
    48.91135882       68.36921478        1.36730842       -0.27750637        2.98000000        0.85986693
    48.92633136       68.43960755        1.36876392       -0.28100869        2.98000000        0.85783780
    48.94098912       68.51000032        1.37021542       -0.28452622        2.98000000        0.85581170
    48.95532969       68.58039309        1.37166291       -0.28805905        2.98000000        0.85378864
    48.96935063       68.65078586        1.37310637       -0.29160725        2.98000000        0.85176863
    48.98304946       68.72117862        1.37454578       -0.29517089        2.98000000        0.84975169
    48.99642371       68.79157139        1.37598115       -0.29875007        2.98000000        0.84773782
    49.00947086       68.86196416        1.37741246       -0.30234485        2.98000000        0.84572703
    49.02218837       68.93235693        1.37883970       -0.30595532        2.98000000        0.84371933
    49.03457368       69.00274970        1.38026286       -0.30958155        2.98000000        0.84171474
    49.04662420       69.07314247        1.38168193       -0.31322362        2.98000000        0.83971325
    49.05833732       69.14353523        1.38309690       -0.31688161        2.98000000        0.83771489
    49.06971039       69.21392800        1.38450775       -0.32055561        2.98000000        0.83571966
    49.08074076       69.28432077        1.38591449       -0.32424568        2.98000000        0.83372757
    49.09142572       69.35471354        1.38731708       -0.32795192        2.98000000        0.83173864
    49.10176257       69.42510631        1.38871553       -0.33167439        2.98000000        0.82975287
    49.11174854       69.49549908        1.39010983       -0.33541318        2.98000000        0.82777027
    49.12138088       69.56589185        1.39149996       -0.33916837        2.98000000        0.82579085
    49.13065677       69.63628461        1.39288592       -0.34294003        2.98000000        0.82381464
    49.13957339       69.70667738        1.39426769       -0.34672825        2.98000000        0.82184163
    49.14812788       69.77707015        1.39564526       -0.35053311        2.98000000        0.81987183
    49.15631735       69.84746292        1.39701862       -0.35435469        2.98000000        0.81790527
    49.16413889       69.91785569        1.39838776       -0.35819306        2.98000000        0.81594195
    49.17158954       69.98824846        1.39975267       -0.36204830        2.98000000        0.81398188
    49.17866635       70.05864122        1.40111334       -0.36592050        2.98000000        0.81202507
    49.18536629       70.12903399        1.40246976       -0.36980973        2.98000000        0.81007154
    49.19168634       70.19942676        1.40382192       -0.37371608        2.98000000        0.80812130
    49.19762344       70.26981953        1.40516980       -0.37763962        2.98000000        0.80617435
    49.20317447       70.34021230        1.40651340       -0.38158044        2.98000000        0.80423072
    49.20833633       70.41060507        1.40785271       -0.38553860        2.98000000        0.80229041
    49.21310583       70.48099783        1.40918770       -0.38951419        2.98000000        0.80035344
    49.21747981       70.55139060        1.41051839       -0.39350730        2.98000000        0.79841982
    49.22145502       70.62178337        1.41184474       -0.39751799        2.98000000        0.79648955
    49.22502822       70.69217614        1.41316676       -0.40154635        2.98000000        0.79456267
    49.22819612       70.76256891        1.41448443       -0.40559245        2.98000000        0.79263917
    49.23095538       70.83296168        1.41579773       -0.40965638        2.98000000        0.79071906
    49.23330265       70.90335444        1.41710667       -0.41373821        2.98000000        0.78880238
    49.23523455       70.97374721        1.41841123       -0.41783802        2.98000000        0.78688912
    49.23674764       71.04413998        1.41971139       -0.42195588        2.98000000        0.78497930
    49.23783847       71.11453275        1.42100714       -0.42609187        2.98000000        0.78307293
    49.23850353       71.18492552        1.42229849       -0.43024608        2.98000000        0.78117003
    49.23873930       71.25531829        1.42358540       -0.43441856        2.98000000        0.77927061
