#  Theta paroi en deg Angle Choc en deg       Kp           Inverse Mach       Mach amont       Mach aval
     0.00000000       21.90904979        0.00000000        0.62686567        2.68000000
     1.71549341       21.91109252        0.00510149        0.62456307        2.68000000        2.67986569
     2.06884975       21.91395066        0.00697913        0.62372365        2.68000000        2.67967780
     2.44939632       21.91925502        0.00923772        0.62271951        2.68000000        2.67932919
     2.86009679       21.92863644        0.01192917        0.62153076        2.68000000        2.67871294
     3.28439973       21.94372573        0.01496755        0.62019877        2.68000000        2.67772259
     3.71255806       21.96615372        0.01828326        0.61875697        2.68000000        2.67625249
     4.14090833       21.99755121        0.02183885        0.61722414        2.68000000        2.67419826
     4.56897581       22.03954904        0.02562028        0.61560859        2.68000000        2.67145735
     4.99775892       22.09377801        0.02962879        0.61391198        2.68000000        2.66792973
     5.42889351       22.16186896        0.03387567        0.61213178        2.68000000        2.66351855
     5.78927688       22.22995991        0.03758839        0.61058959        2.68000000        2.65912730
     6.10376044       22.29805086        0.04094733        0.60920532        2.68000000        2.65475570
     6.38575927       22.36614181        0.04405255        0.60793458        2.68000000        2.65040343
     6.64340724       22.43423277        0.04696599        0.60674995        2.68000000        2.64607022
     6.88203871       22.50232372        0.04972897        0.60563312        2.68000000        2.64175576
     7.10535650       22.57041467        0.05237056        0.60457123        2.68000000        2.63745978
     7.31604440       22.63850562        0.05491210        0.60355483        2.68000000        2.63318201
     7.51611454       22.70659657        0.05736971        0.60257678        2.68000000        2.62892218
     7.70711754       22.77468752        0.05975596        0.60163153        2.68000000        2.62468001
     7.89027559       22.84277847        0.06208080        0.60071465        2.68000000        2.62045526
     8.06657052       22.91086942        0.06435229        0.59982257        2.68000000        2.61624765
     8.23680385       22.97896037        0.06657704        0.59895236        2.68000000        2.61205696
     8.40163916       23.04705132        0.06876056        0.59810158        2.68000000        2.60788292
     8.56163243       23.11514227        0.07090747        0.59726816        2.68000000        2.60372530
     8.71725453       23.18323322        0.07302172        0.59645035        2.68000000        2.59958386
     8.86890809       23.25132417        0.07510667        0.59564664        2.68000000        2.59545837
     9.01694015       23.31941512        0.07716525        0.59485574        2.68000000        2.59134860
     9.16165224       23.38750607        0.07920000        0.59407649        2.68000000        2.58725432
     9.30330811       23.45559702        0.08121314        0.59330791        2.68000000        2.58317533
     9.44213983       23.52368797        0.08320664        0.59254911        2.68000000        2.57911140
     9.57835283       23.59177892        0.08518224        0.59179930        2.68000000        2.57506232
     9.71212986       23.65986987        0.08714148        0.59105779        2.68000000        2.57102788
     9.84363428       23.72796082        0.08908576        0.59032394        2.68000000        2.56700788
     9.97301274       23.79605177        0.09101631        0.58959719        2.68000000        2.56300212
    10.10039745       23.86414272        0.09293426        0.58887704        2.68000000        2.55901040
    10.22590802       23.93223367        0.09484063        0.58816300        2.68000000        2.55503253
    10.34965304       24.00032462        0.09673634        0.58745467        2.68000000        2.55106833
    10.47173145       24.06841557        0.09862221        0.58675166        2.68000000        2.54711759
    10.59223365       24.13650652        0.10049903        0.58605360        2.68000000        2.54318015
    10.71124246       24.20459747        0.10236750        0.58536018        2.68000000        2.53925581
    10.82883396       24.27268842        0.10422824        0.58467110        2.68000000        2.53534441
    10.94507827       24.34077937        0.10608187        0.58398608        2.68000000        2.53144578
    11.06004007       24.40887032        0.10792891        0.58330486        2.68000000        2.52755973
    11.17377925       24.47696127        0.10976988        0.58262720        2.68000000        2.52368611
    11.28635133       24.54505222        0.11160525        0.58195289        2.68000000        2.51982475
    11.39780790       24.61314317        0.11343544        0.58128171        2.68000000        2.51597548
    11.50819696       24.68123412        0.11526085        0.58061348        2.68000000        2.51213816
    11.61756333       24.74932507        0.11708186        0.57994802        2.68000000        2.50831262
    11.72594882       24.81741602        0.11889881        0.57928515        2.68000000        2.50449871
    11.83339258       24.88550697        0.12071204        0.57862472        2.68000000        2.50069628
    11.93993130       24.95359792        0.12252184        0.57796659        2.68000000        2.49690519
    12.04559940       25.02168887        0.12432849        0.57731060        2.68000000        2.49312528
    12.15042926       25.08977982        0.12613227        0.57665662        2.68000000        2.48935642
    12.25445132       25.15787077        0.12793342        0.57600455        2.68000000        2.48559846
    12.35769429       25.22596172        0.12973217        0.57535425        2.68000000        2.48185127
    12.46018525       25.29405267        0.13152875        0.57470561        2.68000000        2.47811471
    12.56194979       25.36214362        0.13332335        0.57405853        2.68000000        2.47438865
    12.66301210       25.43023457        0.13511618        0.57341291        2.68000000        2.47067296
    12.76339508       25.49832552        0.13690742        0.57276866        2.68000000        2.46696750
    12.86312047       25.56641647        0.13869724        0.57212568        2.68000000        2.46327216
    12.96220885       25.63450743        0.14048580        0.57148388        2.68000000        2.45958681
    13.06067978       25.70259838        0.14227326        0.57084319        2.68000000        2.45591132
    13.15855188       25.77068933        0.14405977        0.57020353        2.68000000        2.45224558
    13.25584284       25.83878028        0.14584545        0.56956483        2.68000000        2.44858946
    13.35256951       25.90687123        0.14763045        0.56892700        2.68000000        2.44494286
    13.44874795       25.97496218        0.14941488        0.56828999        2.68000000        2.44130565
    13.54439348       26.04305313        0.15119886        0.56765373        2.68000000        2.43767773
    13.63952072       26.11114408        0.15298250        0.56701815        2.68000000        2.43405898
    13.73414366       26.17923503        0.15476592        0.56638320        2.68000000        2.43044930
    13.82827566       26.24732598        0.15654920        0.56574882        2.68000000        2.42684858
    13.92192950       26.31541693        0.15833245        0.56511495        2.68000000        2.42325671
    14.01511741       26.38350788        0.16011575        0.56448154        2.68000000        2.41967360
    14.10785112       26.45159883        0.16189919        0.56384854        2.68000000        2.41609913
    14.20014188       26.51968978        0.16368286        0.56321590        2.68000000        2.41253321
    14.29200046       26.58778073        0.16546682        0.56258357        2.68000000        2.40897574
    14.38343724       26.65587168        0.16725115        0.56195152        2.68000000        2.40542663
    14.47446213       26.72396263        0.16903594        0.56131968        2.68000000        2.40188578
    14.56508470       26.79205358        0.17082123        0.56068803        2.68000000        2.39835310
    14.65531416       26.86014453        0.17260709        0.56005651        2.68000000        2.39482848
    14.74515931       26.92823548        0.17439360        0.55942510        2.68000000        2.39131186
    14.83462870       26.99632643        0.17618079        0.55879375        2.68000000        2.38780312
    14.92373050       27.06441738        0.17796874        0.55816243        2.68000000        2.38430220
    15.01247261       27.13250833        0.17975749        0.55753110        2.68000000        2.38080899
    15.10086266       27.20059928        0.18154709        0.55689972        2.68000000        2.37732343
    15.18890798       27.26869023        0.18333759        0.55626826        2.68000000        2.37384541
    15.27661567       27.33678118        0.18512904        0.55563669        2.68000000        2.37037487
    15.36399256       27.40487213        0.18692148        0.55500498        2.68000000        2.36691172
    15.45104526       27.47296308        0.18871496        0.55437310        2.68000000        2.36345588
    15.53778017       27.54105403        0.19050950        0.55374102        2.68000000        2.36000727
    15.62420344       27.60914498        0.19230515        0.55310870        2.68000000        2.35656581
    15.71032105       27.67723593        0.19410195        0.55247613        2.68000000        2.35313144
    15.79613879       27.74532688        0.19589994        0.55184326        2.68000000        2.34970408
    15.88166223       27.81341783        0.19769913        0.55121009        2.68000000        2.34628364
    15.96689678       27.88150878        0.19949957        0.55057657        2.68000000        2.34287007
    16.05184770       27.94959973        0.20130129        0.54994269        2.68000000        2.33946329
    16.13652005       28.01769068        0.20310431        0.54930843        2.68000000        2.33606322
    16.22091876       28.08578163        0.20490867        0.54867375        2.68000000        2.33266981
    16.30504861       28.15387258        0.20671438        0.54803863        2.68000000        2.32928299
    16.38891421       28.22196353        0.20852147        0.54740305        2.68000000        2.32590268
    16.47252008       28.29005448        0.21032998        0.54676700        2.68000000        2.32252882
    16.55587055       28.35814543        0.21213991        0.54613044        2.68000000        2.31916134
    16.63896986       28.42623638        0.21395129        0.54549336        2.68000000        2.31580020
    16.72182213       28.49432733        0.21576414        0.54485574        2.68000000        2.31244531
    16.80443134       28.56241828        0.21757848        0.54421755        2.68000000        2.30909662
    16.88680139       28.63050923        0.21939434        0.54357877        2.68000000        2.30575407
    16.96893603       28.69860018        0.22121172        0.54293940        2.68000000        2.30241761
    17.05083893       28.76669113        0.22303064        0.54229940        2.68000000        2.29908716
    17.13251366       28.83478209        0.22485113        0.54165876        2.68000000        2.29576267
    17.21396368       28.90287304        0.22667319        0.54101747        2.68000000        2.29244410
    17.29519239       28.97096399        0.22849684        0.54037550        2.68000000        2.28913137
    17.37620305       29.03905494        0.23032209        0.53973283        2.68000000        2.28582444
    17.45699886       29.10714589        0.23214896        0.53908945        2.68000000        2.28252325
    17.53758296       29.17523684        0.23397746        0.53844535        2.68000000        2.27922774
    17.61795836       29.24332779        0.23580760        0.53780051        2.68000000        2.27593787
    17.69812801       29.31141874        0.23763939        0.53715490        2.68000000        2.27265359
    17.77809482       29.37950969        0.23947284        0.53650852        2.68000000        2.26937483
    17.85786157       29.44760064        0.24130796        0.53586135        2.68000000        2.26610156
    17.93743102       29.51569159        0.24314476        0.53521337        2.68000000        2.26283372
    18.01680581       29.58378254        0.24498325        0.53456458        2.68000000        2.25957127
    18.09598858       29.65187349        0.24682343        0.53391495        2.68000000        2.25631415
    18.17498184       29.71996444        0.24866532        0.53326447        2.68000000        2.25306232
    18.25378810       29.78805539        0.25050893        0.53261312        2.68000000        2.24981573
    18.33240975       29.85614634        0.25235424        0.53196090        2.68000000        2.24657434
    18.41084916       29.92423729        0.25420129        0.53130779        2.68000000        2.24333810
    18.48910864       29.99232824        0.25605006        0.53065377        2.68000000        2.24010696
    18.56719043       30.06041919        0.25790057        0.52999884        2.68000000        2.23688089
    18.64509675       30.12851014        0.25975281        0.52934297        2.68000000        2.23365984
    18.72282974       30.19660109        0.26160680        0.52868616        2.68000000        2.23044377
    18.80039149       30.26469204        0.26346254        0.52802840        2.68000000        2.22723263
    18.87778405       30.33278299        0.26532003        0.52736967        2.68000000        2.22402639
    18.95500945       30.40087394        0.26717927        0.52670995        2.68000000        2.22082500
    19.03206963       30.46896489        0.26904027        0.52604924        2.68000000        2.21762843
    19.10896651       30.53705584        0.27090303        0.52538753        2.68000000        2.21443663
    19.18570196       30.60514679        0.27276755        0.52472480        2.68000000        2.21124956
    19.26227782       30.67323774        0.27463384        0.52406104        2.68000000        2.20806720
    19.33869589       30.74132869        0.27650189        0.52339625        2.68000000        2.20488949
    19.41495791       30.80941964        0.27837170        0.52273040        2.68000000        2.20171641
    19.49106560       30.87751059        0.28024328        0.52206349        2.68000000        2.19854792
    19.56702065       30.94560154        0.28211663        0.52139550        2.68000000        2.19538398
    19.64282469       31.01369249        0.28399175        0.52072643        2.68000000        2.19222455
    19.71847935       31.08178344        0.28586864        0.52005627        2.68000000        2.18906960
    19.79398618       31.14987439        0.28774729        0.51938500        2.68000000        2.18591910
    19.86934675       31.21796534        0.28962771        0.51871261        2.68000000        2.18277302
    19.94456255       31.28605629        0.29150989        0.51803910        2.68000000        2.17963131
    20.01963508       31.35414724        0.29339385        0.51736445        2.68000000        2.17649394
    20.09456577       31.42223819        0.29527956        0.51668865        2.68000000        2.17336090
    20.16935606       31.49032914        0.29716704        0.51601170        2.68000000        2.17023213
    20.24400734       31.55842009        0.29905628        0.51533357        2.68000000        2.16710761
    20.31852095       31.62651104        0.30094728        0.51465428        2.68000000        2.16398732
    20.39289826       31.69460199        0.30284003        0.51397379        2.68000000        2.16087121
    20.46714057       31.76269294        0.30473454        0.51329211        2.68000000        2.15775926
    20.54124915       31.83078389        0.30663080        0.51260922        2.68000000        2.15465145
    20.61522528       31.89887484        0.30852881        0.51192511        2.68000000        2.15154773
    20.68907018       31.96696579        0.31042857        0.51123978        2.68000000        2.14844808
    20.76278508       32.03505675        0.31233007        0.51055322        2.68000000        2.14535248
    20.83637115       32.10314770        0.31423331        0.50986541        2.68000000        2.14226089
    20.90982956       32.17123865        0.31613829        0.50917635        2.68000000        2.13917329
    20.98316145       32.23932960        0.31804500        0.50848603        2.68000000        2.13608965
    21.05636795       32.30742055        0.31995344        0.50779443        2.68000000        2.13300994
    21.12945016       32.37551150        0.32186360        0.50710156        2.68000000        2.12993414
    21.20240916       32.44360245        0.32377549        0.50640739        2.68000000        2.12686223
    21.27524600       32.51169340        0.32568909        0.50571193        2.68000000        2.12379417
    21.34796172       32.57978435        0.32760440        0.50501516        2.68000000        2.12072994
    21.42055735       32.64787530        0.32952143        0.50431708        2.68000000        2.11766951
    21.49303388       32.71596625        0.33144015        0.50361767        2.68000000        2.11461287
    21.56539230       32.78405720        0.33336058        0.50291693        2.68000000        2.11155998
    21.63763358       32.85214815        0.33528269        0.50221485        2.68000000        2.10851083
    21.70975866       32.92023910        0.33720650        0.50151142        2.68000000        2.10546539
    21.78176847       32.98833005        0.33913199        0.50080663        2.68000000        2.10242363
    21.85366392       33.05642100        0.34105916        0.50010048        2.68000000        2.09938554
    21.92544592       33.12451195        0.34298799        0.49939295        2.68000000        2.09635109
    21.99711534       33.19260290        0.34491850        0.49868404        2.68000000        2.09332026
    22.06867305       33.26069385        0.34685067        0.49797373        2.68000000        2.09029303
    22.14011990       33.32878480        0.34878449        0.49726203        2.68000000        2.08726937
    22.21145673       33.39687575        0.35071996        0.49654892        2.68000000        2.08424927
    22.28268434       33.46496670        0.35265707        0.49583439        2.68000000        2.08123270
    22.35380356       33.53305765        0.35459582        0.49511844        2.68000000        2.07821965
    22.42481517       33.60114860        0.35653621        0.49440106        2.68000000        2.07521009
    22.49571995       33.66923955        0.35847821        0.49368224        2.68000000        2.07220400
    22.56651865       33.73733050        0.36042184        0.49296197        2.68000000        2.06920137
    22.63721205       33.80542145        0.36236707        0.49224025        2.68000000        2.06620217
    22.70780086       33.87351240        0.36431391        0.49151706        2.68000000        2.06320638
    22.77828583       33.94160335        0.36626235        0.49079240        2.68000000        2.06021399
    22.84866765       34.00969430        0.36821237        0.49006626        2.68000000        2.05722498
    22.91894703       34.07778525        0.37016399        0.48933864        2.68000000        2.05423932
    22.98912466       34.14587620        0.37211718        0.48860952        2.68000000        2.05125701
    23.05920122       34.21396715        0.37407194        0.48787890        2.68000000        2.04827802
    23.12917737       34.28205810        0.37602826        0.48714676        2.68000000        2.04530233
    23.19905376       34.35014905        0.37798614        0.48641312        2.68000000        2.04232994
    23.26883104       34.41824000        0.37994556        0.48567794        2.68000000        2.03936081
    23.33850984       34.48633095        0.38190653        0.48494123        2.68000000        2.03639493
    23.40809078       34.55442190        0.38386903        0.48420298        2.68000000        2.03343230
    23.47757447       34.62251285        0.38583305        0.48346319        2.68000000        2.03047288
    23.54696152       34.69060380        0.38779859        0.48272183        2.68000000        2.02751667
    23.61625250       34.75869475        0.38976565        0.48197892        2.68000000        2.02456365
    23.68544801       34.82678570        0.39173420        0.48123443        2.68000000        2.02161380
    23.75454862       34.89487665        0.39370425        0.48048836        2.68000000        2.01866710
    23.82355488       34.96296760        0.39567579        0.47974071        2.68000000        2.01572355
    23.89246734       35.03105855        0.39764880        0.47899147        2.68000000        2.01278313
    23.96128656       35.09914950        0.39962329        0.47824062        2.68000000        2.00984581
    24.03001306       35.16724045        0.40159924        0.47748817        2.68000000        2.00691160
    24.09864737       35.23533140        0.40357664        0.47673410        2.68000000        2.00398046
    24.16719001       35.30342236        0.40555549        0.47597841        2.68000000        2.00105240
    24.23564147       35.37151331        0.40753577        0.47522108        2.68000000        1.99812739
    24.30400228       35.43960426        0.40951749        0.47446212        2.68000000        1.99520542
    24.37227290       35.50769521        0.41150063        0.47370151        2.68000000        1.99228648
    24.44045382       35.57578616        0.41348517        0.47293925        2.68000000        1.98937054
    24.50854553       35.64387711        0.41547113        0.47217533        2.68000000        1.98645761
    24.57654849       35.71196806        0.41745847        0.47140974        2.68000000        1.98354767
    24.64446315       35.78005901        0.41944721        0.47064248        2.68000000        1.98064070
    24.71228997       35.84814996        0.42143732        0.46987354        2.68000000        1.97773669
    24.78002939       35.91624091        0.42342880        0.46910290        2.68000000        1.97483563
    24.84768185       35.98433186        0.42542164        0.46833057        2.68000000        1.97193750
    24.91524778       36.05242281        0.42741583        0.46755653        2.68000000        1.96904230
    24.98272760       36.12051376        0.42941137        0.46678078        2.68000000        1.96615001
    25.05012173       36.18860471        0.43140823        0.46600332        2.68000000        1.96326062
    25.11743057       36.25669566        0.43340643        0.46522412        2.68000000        1.96037411
    25.18465452       36.32478661        0.43540594        0.46444319        2.68000000        1.95749049
    25.25179399       36.39287756        0.43740675        0.46366052        2.68000000        1.95460972
    25.31884936       36.46096851        0.43940886        0.46287611        2.68000000        1.95173181
    25.38582102       36.52905946        0.44141226        0.46208993        2.68000000        1.94885674
    25.45270933       36.59715041        0.44341694        0.46130200        2.68000000        1.94598451
    25.51951467       36.66524136        0.44542289        0.46051229        2.68000000        1.94311509
    25.58623739       36.73333231        0.44743010        0.45972080        2.68000000        1.94024848
    25.65287787       36.80142326        0.44943856        0.45892753        2.68000000        1.93738467
    25.71943644       36.86951421        0.45144826        0.45813247        2.68000000        1.93452365
    25.78591346       36.93760516        0.45345919        0.45733561        2.68000000        1.93166541
    25.85230926       37.00569611        0.45547135        0.45653693        2.68000000        1.92880993
    25.91862418       37.07378706        0.45748472        0.45573645        2.68000000        1.92595722
    25.98485854       37.14187801        0.45949929        0.45493414        2.68000000        1.92310725
    26.05101268       37.20996896        0.46151506        0.45413000        2.68000000        1.92026002
    26.11708689       37.27805991        0.46353201        0.45332403        2.68000000        1.91741552
    26.18308150       37.34615086        0.46555014        0.45251621        2.68000000        1.91457373
    26.24899682       37.41424181        0.46756943        0.45170654        2.68000000        1.91173466
    26.31483314       37.48233276        0.46958988        0.45089501        2.68000000        1.90889829
    26.38059075       37.55042371        0.47161147        0.45008162        2.68000000        1.90606461
    26.44626996       37.61851466        0.47363420        0.44926635        2.68000000        1.90323361
    26.51187104       37.68660561        0.47565805        0.44844919        2.68000000        1.90040528
    26.57739428       37.75469656        0.47768302        0.44763015        2.68000000        1.89757962
    26.64283994       37.82278751        0.47970910        0.44680922        2.68000000        1.89475661
    26.70820831       37.89087846        0.48173627        0.44598638        2.68000000        1.89193626
    26.77349965       37.95896941        0.48376453        0.44516162        2.68000000        1.88911854
    26.83871422       38.02706036        0.48579387        0.44433495        2.68000000        1.88630345
    26.90385227       38.09515131        0.48782427        0.44350636        2.68000000        1.88349098
    26.96891406       38.16324226        0.48985573        0.44267582        2.68000000        1.88068113
    27.03389983       38.23133321        0.49188824        0.44184335        2.68000000        1.87787388
    27.09880983       38.29942416        0.49392178        0.44100893        2.68000000        1.87506924
    27.16364430       38.36751511        0.49595635        0.44017255        2.68000000        1.87226718
    27.22840347       38.43560606        0.49799193        0.43933421        2.68000000        1.86946771
    27.29308757       38.50369702        0.50002852        0.43849390        2.68000000        1.86667081
    27.35769683       38.57178797        0.50206611        0.43765160        2.68000000        1.86387648
    27.42223146       38.63987892        0.50410468        0.43680732        2.68000000        1.86108471
    27.48669169       38.70796987        0.50614423        0.43596105        2.68000000        1.85829549
    27.55107772       38.77606082        0.50818474        0.43511277        2.68000000        1.85550882
    27.61538978       38.84415177        0.51022621        0.43426248        2.68000000        1.85272468
    27.67962805       38.91224272        0.51226862        0.43341017        2.68000000        1.84994308
    27.74379275       38.98033367        0.51431197        0.43255584        2.68000000        1.84716400
    27.80788406       39.04842462        0.51635624        0.43169948        2.68000000        1.84438744
    27.87190219       39.11651557        0.51840142        0.43084107        2.68000000        1.84161340
    27.93584732       39.18460652        0.52044750        0.42998062        2.68000000        1.83884185
    27.99971963       39.25269747        0.52249448        0.42911811        2.68000000        1.83607281
    28.06351932       39.32078842        0.52454234        0.42825354        2.68000000        1.83330625
    28.12724655       39.38887937        0.52659107        0.42738689        2.68000000        1.83054218
    28.19090150       39.45697032        0.52864067        0.42651816        2.68000000        1.82778059
    28.25448434       39.52506127        0.53069111        0.42564735        2.68000000        1.82502147
    28.31799524       39.59315222        0.53274239        0.42477444        2.68000000        1.82226482
    28.38143436       39.66124317        0.53479451        0.42389942        2.68000000        1.81951062
    28.44480187       39.72933412        0.53684744        0.42302230        2.68000000        1.81675888
    28.50809791       39.79742507        0.53890118        0.42214305        2.68000000        1.81400959
    28.57132264       39.86551602        0.54095572        0.42126168        2.68000000        1.81126274
    28.63447622       39.93360697        0.54301104        0.42037817        2.68000000        1.80851832
    28.69755878       40.00169792        0.54506714        0.41949251        2.68000000        1.80577634
    28.76057047       40.06978887        0.54712401        0.41860471        2.68000000        1.80303678
    28.82351143       40.13787982        0.54918163        0.41771474        2.68000000        1.80029964
    28.88638179       40.20597077        0.55124000        0.41682261        2.68000000        1.79756492
    28.94918169       40.27406172        0.55329910        0.41592830        2.68000000        1.79483260
    29.01191126       40.34215267        0.55535892        0.41503181        2.68000000        1.79210268
    29.07457063       40.41024362        0.55741946        0.41413312        2.68000000        1.78937516
    29.13715991       40.47833457        0.55948069        0.41323224        2.68000000        1.78665004
    29.19967923       40.54642552        0.56154262        0.41232914        2.68000000        1.78392730
    29.26212871       40.61451647        0.56360523        0.41142383        2.68000000        1.78120694
    29.32450845       40.68260742        0.56566850        0.41051629        2.68000000        1.77848896
    29.38681857       40.75069837        0.56773244        0.40960652        2.68000000        1.77577335
    29.44905918       40.81878932        0.56979702        0.40869451        2.68000000        1.77306011
    29.51123039       40.88688027        0.57186223        0.40778024        2.68000000        1.77034923
    29.57333228       40.95497122        0.57392808        0.40686372        2.68000000        1.76764071
    29.63536497       41.02306217        0.57599454        0.40594492        2.68000000        1.76493453
    29.69732855       41.09115312        0.57806160        0.40502386        2.68000000        1.76223071
    29.75922311       41.15924407        0.58012925        0.40410051        2.68000000        1.75952923
    29.82104875       41.22733502        0.58219749        0.40317486        2.68000000        1.75683009
    29.88280554       41.29542597        0.58426629        0.40224691        2.68000000        1.75413328
    29.94449358       41.36351692        0.58633566        0.40131666        2.68000000        1.75143880
    30.00611295       41.43160787        0.58840557        0.40038408        2.68000000        1.74874665
    30.06766372       41.49969882        0.59047603        0.39944918        2.68000000        1.74605681
    30.12914597       41.56778977        0.59254701        0.39851194        2.68000000        1.74336929
    30.19055978       41.63588072        0.59461850        0.39757235        2.68000000        1.74068409
    30.25190521       41.70397168        0.59669050        0.39663042        2.68000000        1.73800119
    30.31318233       41.77206263        0.59876300        0.39568611        2.68000000        1.73532059
    30.37439122       41.84015358        0.60083598        0.39473944        2.68000000        1.73264230
    30.43553192       41.90824453        0.60290942        0.39379039        2.68000000        1.72996630
    30.49660451       41.97633548        0.60498333        0.39283895        2.68000000        1.72729259
    30.55760903       42.04442643        0.60705769        0.39188511        2.68000000        1.72462117
    30.61854554       42.11251738        0.60913249        0.39092886        2.68000000        1.72195203
    30.67941410       42.18060833        0.61120771        0.38997020        2.68000000        1.71928517
    30.74021476       42.24869928        0.61328336        0.38900912        2.68000000        1.71662059
    30.80094756       42.31679023        0.61535940        0.38804559        2.68000000        1.71395827
    30.86161254       42.38488118        0.61743584        0.38707963        2.68000000        1.71129823
    30.92220975       42.45297213        0.61951266        0.38611121        2.68000000        1.70864045
    30.98273922       42.52106308        0.62158986        0.38514034        2.68000000        1.70598493
    31.04320100       42.58915403        0.62366741        0.38416699        2.68000000        1.70333167
    31.10359512       42.65724498        0.62574531        0.38319116        2.68000000        1.70068066
    31.16392160       42.72533593        0.62782355        0.38221284        2.68000000        1.69803190
    31.22418049       42.79342688        0.62990212        0.38123202        2.68000000        1.69538539
    31.28437180       42.86151783        0.63198101        0.38024870        2.68000000        1.69274112
    31.34449556       42.92960878        0.63406019        0.37926286        2.68000000        1.69009909
    31.40455179       42.99769973        0.63613967        0.37827449        2.68000000        1.68745930
    31.46454052       43.06579068        0.63821944        0.37728358        2.68000000        1.68482174
    31.52446175       43.13388163        0.64029947        0.37629013        2.68000000        1.68218641
    31.58431551       43.20197258        0.64237976        0.37529413        2.68000000        1.67955330
    31.64410180       43.27006353        0.64446030        0.37429555        2.68000000        1.67692242
    31.70382064       43.33815448        0.64654108        0.37329441        2.68000000        1.67429376
    31.76347203       43.40624543        0.64862208        0.37229068        2.68000000        1.67166731
    31.82305598       43.47433638        0.65070330        0.37128435        2.68000000        1.66904308
    31.88257249       43.54242733        0.65278472        0.37027542        2.68000000        1.66642106
    31.94202157       43.61051828        0.65486633        0.36926388        2.68000000        1.66380125
    32.00140321       43.67860923        0.65694812        0.36824972        2.68000000        1.66118364
    32.06071741       43.74670018        0.65903008        0.36723292        2.68000000        1.65856823
    32.11996416       43.81479113        0.66111220        0.36621347        2.68000000        1.65595503
    32.17914345       43.88288208        0.66319446        0.36519138        2.68000000        1.65334401
    32.23825527       43.95097303        0.66527686        0.36416662        2.68000000        1.65073520
    32.29729961       44.01906398        0.66735938        0.36313918        2.68000000        1.64812857
    32.35627646       44.08715493        0.66944202        0.36210907        2.68000000        1.64552412
    32.41518579       44.15524588        0.67152475        0.36107626        2.68000000        1.64292187
    32.47402759       44.22333683        0.67360758        0.36004074        2.68000000        1.64032179
    32.53280183       44.29142778        0.67569048        0.35900251        2.68000000        1.63772389
    32.59150849       44.35951873        0.67777345        0.35796156        2.68000000        1.63512817
    32.65014756       44.42760968        0.67985647        0.35691787        2.68000000        1.63253463
    32.70871898       44.49570063        0.68193954        0.35587144        2.68000000        1.62994325
    32.76722274       44.56379158        0.68402264        0.35482225        2.68000000        1.62735405
    32.82565880       44.63188253        0.68610577        0.35377029        2.68000000        1.62476701
    32.88402712       44.69997348        0.68818890        0.35271556        2.68000000        1.62218213
    32.94232768       44.76806443        0.69027203        0.35165803        2.68000000        1.61959941
    33.00056042       44.83615538        0.69235514        0.35059772        2.68000000        1.61701886
    33.05872531       44.90424634        0.69443824        0.34953459        2.68000000        1.61444046
    33.11682231       44.97233729        0.69652129        0.34846864        2.68000000        1.61186421
    33.17485136       45.04042824        0.69860430        0.34739986        2.68000000        1.60929011
    33.23281242       45.10851919        0.70068725        0.34632824        2.68000000        1.60671816
    33.29070544       45.17661014        0.70277013        0.34525377        2.68000000        1.60414836
    33.34853037       45.24470109        0.70485293        0.34417644        2.68000000        1.60158071
    33.40628715       45.31279204        0.70693563        0.34309623        2.68000000        1.59901519
    33.46397572       45.38088299        0.70901823        0.34201313        2.68000000        1.59645182
    33.52159603       45.44897394        0.71110071        0.34092714        2.68000000        1.59389058
    33.57914801       45.51706489        0.71318307        0.33983825        2.68000000        1.59133148
    33.63663160       45.58515584        0.71526528        0.33874643        2.68000000        1.58877452
    33.69404674       45.65324679        0.71734735        0.33765169        2.68000000        1.58621968
    33.75139336       45.72133774        0.71942925        0.33655400        2.68000000        1.58366697
    33.80867138       45.78942869        0.72151098        0.33545336        2.68000000        1.58111639
    33.86588075       45.85751964        0.72359252        0.33434976        2.68000000        1.57856794
    33.92302137       45.92561059        0.72567387        0.33324318        2.68000000        1.57602160
    33.98009319       45.99370154        0.72775501        0.33213361        2.68000000        1.57347739
    34.03709611       46.06179249        0.72983593        0.33102105        2.68000000        1.57093530
    34.09403005       46.12988344        0.73191662        0.32990547        2.68000000        1.56839532
    34.15089495       46.19797439        0.73399707        0.32878688        2.68000000        1.56585746
    34.20769071       46.26606534        0.73607726        0.32766525        2.68000000        1.56332171
    34.26441724       46.33415629        0.73815719        0.32654057        2.68000000        1.56078808
    34.32107446       46.40224724        0.74023684        0.32541284        2.68000000        1.55825655
    34.37766227       46.47033819        0.74231620        0.32428204        2.68000000        1.55572713
    34.43418059       46.53842914        0.74439526        0.32314815        2.68000000        1.55319981
    34.49062931       46.60652009        0.74647401        0.32201117        2.68000000        1.55067460
    34.54700835       46.67461104        0.74855243        0.32087109        2.68000000        1.54815149
    34.60331760       46.74270199        0.75063052        0.31972789        2.68000000        1.54563048
    34.65955696       46.81079294        0.75270827        0.31858156        2.68000000        1.54311157
    34.71572632       46.87888389        0.75478565        0.31743209        2.68000000        1.54059476
    34.77182559       46.94697484        0.75686267        0.31627946        2.68000000        1.53808004
    34.82785465       47.01506579        0.75893931        0.31512367        2.68000000        1.53556741
    34.88381339       47.08315674        0.76101555        0.31396470        2.68000000        1.53305688
    34.93970171       47.15124769        0.76309139        0.31280253        2.68000000        1.53054844
    34.99551948       47.21933864        0.76516682        0.31163717        2.68000000        1.52804208
    35.05126660       47.28742959        0.76724182        0.31046858        2.68000000        1.52553781
    35.10694294       47.35552054        0.76931638        0.30929676        2.68000000        1.52303563
    35.16254838       47.42361149        0.77139049        0.30812171        2.68000000        1.52053553
    35.21808281       47.49170244        0.77346413        0.30694339        2.68000000        1.51803751
    35.27354609       47.55979339        0.77553731        0.30576181        2.68000000        1.51554157
    35.32893810       47.62788434        0.77761000        0.30457694        2.68000000        1.51304771
    35.38425871       47.69597529        0.77968219        0.30338879        2.68000000        1.51055593
    35.43950780       47.76406624        0.78175388        0.30219732        2.68000000        1.50806623
    35.49468522       47.83215719        0.78382504        0.30100253        2.68000000        1.50557860
    35.54979084       47.90024814        0.78589568        0.29980441        2.68000000        1.50309304
    35.60482453       47.96833909        0.78796577        0.29860295        2.68000000        1.50060956
    35.65978615       48.03643004        0.79003531        0.29739812        2.68000000        1.49812815
    35.71467554       48.10452100        0.79210429        0.29618992        2.68000000        1.49564880
    35.76949258       48.17261195        0.79417268        0.29497832        2.68000000        1.49317152
    35.82423712       48.24070290        0.79624049        0.29376333        2.68000000        1.49069631
    35.87890900       48.30879385        0.79830770        0.29254493        2.68000000        1.48822317
    35.93350808       48.37688480        0.80037430        0.29132309        2.68000000        1.48575209
    35.98803420       48.44497575        0.80244027        0.29009782        2.68000000        1.48328307
    36.04248721       48.51306670        0.80450561        0.28886908        2.68000000        1.48081611
    36.09686696       48.58115765        0.80657030        0.28763688        2.68000000        1.47835121
    36.15117327       48.64924860        0.80863434        0.28640119        2.68000000        1.47588837
    36.20540601       48.71733955        0.81069770        0.28516200        2.68000000        1.47342759
    36.25956499       48.78543050        0.81276039        0.28391931        2.68000000        1.47096887
    36.31365006       48.85352145        0.81482238        0.28267308        2.68000000        1.46851220
    36.36766104       48.92161240        0.81688367        0.28142332        2.68000000        1.46605758
    36.42159778       48.98970335        0.81894424        0.28016999        2.68000000        1.46360502
    36.47546009       49.05779430        0.82100409        0.27891310        2.68000000        1.46115451
    36.52924780       49.12588525        0.82306319        0.27765263        2.68000000        1.45870605
    36.58296073       49.19397620        0.82512155        0.27638855        2.68000000        1.45625965
    36.63659871       49.26206715        0.82717914        0.27512087        2.68000000        1.45381528
    36.69016156       49.33015810        0.82923597        0.27384955        2.68000000        1.45137297
    36.74364909       49.39824905        0.83129200        0.27257459        2.68000000        1.44893271
    36.79706112       49.46634000        0.83334724        0.27129597        2.68000000        1.44649448
    36.85039746       49.53443095        0.83540168        0.27001368        2.68000000        1.44405831
    36.90365791       49.60252190        0.83745529        0.26872770        2.68000000        1.44162418
    36.95684230       49.67061285        0.83950807        0.26743802        2.68000000        1.43919209
    37.00995042       49.73870380        0.84156001        0.26614462        2.68000000        1.43676204
    37.06298208       49.80679475        0.84361110        0.26484749        2.68000000        1.43433403
    37.11593707       49.87488570        0.84566132        0.26354660        2.68000000        1.43190807
    37.16881520       49.94297665        0.84771067        0.26224196        2.68000000        1.42948414
    37.22161627       50.01106760        0.84975912        0.26093353        2.68000000        1.42706225
    37.27434006       50.07915855        0.85180668        0.25962131        2.68000000        1.42464239
    37.32698637       50.14724950        0.85385332        0.25830527        2.68000000        1.42222458
    37.37955499       50.21534045        0.85589904        0.25698541        2.68000000        1.41980880
    37.43204571       50.28343140        0.85794383        0.25566170        2.68000000        1.41739505
    37.48445831       50.35152235        0.85998767        0.25433414        2.68000000        1.41498334
    37.53679257       50.41961330        0.86203055        0.25300270        2.68000000        1.41257366
    37.58904828       50.48770425        0.86407247        0.25166737        2.68000000        1.41016602
    37.64122521       50.55579520        0.86611340        0.25032813        2.68000000        1.40776040
    37.69332313       50.62388615        0.86815335        0.24898497        2.68000000        1.40535682
    37.74534183       50.69197710        0.87019228        0.24763787        2.68000000        1.40295527
    37.79728106       50.76006805        0.87223021        0.24628681        2.68000000        1.40055575
    37.84914061       50.82815900        0.87426710        0.24493177        2.68000000        1.39815825
    37.90092023       50.89624995        0.87630296        0.24357275        2.68000000        1.39576279
    37.95261969       50.96434090        0.87833777        0.24220972        2.68000000        1.39336935
    38.00423874       51.03243185        0.88037152        0.24084267        2.68000000        1.39097794
    38.05577716       51.10052280        0.88240420        0.23947158        2.68000000        1.38858855
    38.10723469       51.16861375        0.88443579        0.23809643        2.68000000        1.38620119
    38.15861108       51.23670470        0.88646629        0.23671721        2.68000000        1.38381586
    38.20990609       51.30479566        0.88849568        0.23533389        2.68000000        1.38143255
    38.26111947       51.37288661        0.89052396        0.23394647        2.68000000        1.37905127
    38.31225096       51.44097756        0.89255110        0.23255492        2.68000000        1.37667201
    38.36330031       51.50906851        0.89457710        0.23115922        2.68000000        1.37429477
    38.41426725       51.57715946        0.89660195        0.22975937        2.68000000        1.37191955
    38.46515153       51.64525041        0.89862564        0.22835533        2.68000000        1.36954636
    38.51595289       51.71334136        0.90064815        0.22694710        2.68000000        1.36717519
    38.56667104       51.78143231        0.90266947        0.22553465        2.68000000        1.36480604
    38.61730574       51.84952326        0.90468960        0.22411797        2.68000000        1.36243891
    38.66785669       51.91761421        0.90670851        0.22269704        2.68000000        1.36007380
    38.71832363       51.98570516        0.90872621        0.22127185        2.68000000        1.35771071
    38.76870629       52.05379611        0.91074267        0.21984236        2.68000000        1.35534964
    38.81900438       52.12188706        0.91275789        0.21840857        2.68000000        1.35299060
    38.86921762       52.18997801        0.91477185        0.21697046        2.68000000        1.35063356
    38.91934572       52.25806896        0.91678455        0.21552800        2.68000000        1.34827855
    38.96938840       52.32615991        0.91879597        0.21408118        2.68000000        1.34592556
    39.01934536       52.39425086        0.92080610        0.21262999        2.68000000        1.34357458
    39.06921632       52.46234181        0.92281492        0.21117439        2.68000000        1.34122562
    39.11900098       52.53043276        0.92482244        0.20971438        2.68000000        1.33887868
    39.16869904       52.59852371        0.92682863        0.20824993        2.68000000        1.33653376
    39.21831019       52.66661466        0.92883349        0.20678103        2.68000000        1.33419085
    39.26783414       52.73470561        0.93083700        0.20530765        2.68000000        1.33184996
    39.31727057       52.80279656        0.93283915        0.20382977        2.68000000        1.32951109
    39.36661918       52.87088751        0.93483994        0.20234739        2.68000000        1.32717423
    39.41587966       52.93897846        0.93683934        0.20086047        2.68000000        1.32483939
    39.46505168       53.00706941        0.93883735        0.19936899        2.68000000        1.32250657
    39.51413493       53.07516036        0.94083396        0.19787295        2.68000000        1.32017576
    39.56312910       53.14325131        0.94282915        0.19637231        2.68000000        1.31784697
    39.61203385       53.21134226        0.94482292        0.19486706        2.68000000        1.31552019
    39.66084886       53.27943321        0.94681525        0.19335717        2.68000000        1.31319543
    39.70957380       53.34752416        0.94880613        0.19184263        2.68000000        1.31087269
    39.75820834       53.41561511        0.95079555        0.19032342        2.68000000        1.30855196
    39.80675214       53.48370606        0.95278351        0.18879952        2.68000000        1.30623324
    39.85520486       53.55179701        0.95476997        0.18727090        2.68000000        1.30391654
    39.90356616       53.61988796        0.95675495        0.18573755        2.68000000        1.30160186
    39.95183570       53.68797891        0.95873842        0.18419944        2.68000000        1.29928919
    40.00001312       53.75606986        0.96072037        0.18265656        2.68000000        1.29697854
    40.04809809       53.82416081        0.96270080        0.18110887        2.68000000        1.29466991
    40.09609024       53.89225176        0.96467969        0.17955637        2.68000000        1.29236329
    40.14398922       53.96034271        0.96665702        0.17799903        2.68000000        1.29005868
    40.19179466       54.02843366        0.96863280        0.17643683        2.68000000        1.28775610
    40.23950621       54.09652461        0.97060700        0.17486974        2.68000000        1.28545553
    40.28712350       54.16461556        0.97257962        0.17329775        2.68000000        1.28315697
    40.33464616       54.23270651        0.97455064        0.17172084        2.68000000        1.28086043
    40.38207382       54.30079746        0.97652006        0.17013897        2.68000000        1.27856591
    40.42940610       54.36888841        0.97848786        0.16855214        2.68000000        1.27627341
    40.47664262       54.43697936        0.98045403        0.16696031        2.68000000        1.27398292
    40.52378301       54.50507031        0.98241856        0.16536347        2.68000000        1.27169445
    40.57082686       54.57316127        0.98438144        0.16376160        2.68000000        1.26940800
    40.61777381       54.64125222        0.98634266        0.16215466        2.68000000        1.26712357
    40.66462345       54.70934317        0.98830220        0.16054265        2.68000000        1.26484115
    40.71137539       54.77743412        0.99026006        0.15892553        2.68000000        1.26256075
    40.75802923       54.84552507        0.99221622        0.15730328        2.68000000        1.26028238
    40.80458457       54.91361602        0.99417068        0.15567588        2.68000000        1.25800602
    40.85104101       54.98170697        0.99612341        0.15404331        2.68000000        1.25573168
    40.89739813       55.04979792        0.99807442        0.15240555        2.68000000        1.25345936
    40.94365552       55.11788887        1.00002368        0.15076256        2.68000000        1.25118906
    40.98981277       55.18597982        1.00197120        0.14911433        2.68000000        1.24892079
    41.03586945       55.25407077        1.00391695        0.14746084        2.68000000        1.24665453
    41.08182516       55.32216172        1.00586093        0.14580205        2.68000000        1.24439030
    41.12767945       55.39025267        1.00780312        0.14413795        2.68000000        1.24212809
    41.17343190       55.45834362        1.00974351        0.14246852        2.68000000        1.23986791
    41.21908207       55.52643457        1.01168210        0.14079372        2.68000000        1.23760974
    41.26462954       55.59452552        1.01361887        0.13911353        2.68000000        1.23535360
    41.31007385       55.66261647        1.01555381        0.13742794        2.68000000        1.23309949
    41.35541457       55.73070742        1.01748690        0.13573691        2.68000000        1.23084740
    41.40065125       55.79879837        1.01941815        0.13404042        2.68000000        1.22859734
    41.44578342       55.86688932        1.02134753        0.13233844        2.68000000        1.22634930
    41.49081065       55.93498027        1.02327504        0.13063096        2.68000000        1.22410329
    41.53573247       56.00307122        1.02520066        0.12891794        2.68000000        1.22185931
    41.58054842       56.07116217        1.02712439        0.12719936        2.68000000        1.21961736
    41.62525802       56.13925312        1.02904621        0.12547520        2.68000000        1.21737744
    41.66986082       56.20734407        1.03096611        0.12374542        2.68000000        1.21513955
    41.71435633       56.27543502        1.03288408        0.12201001        2.68000000        1.21290369
    41.75874407       56.34352597        1.03480011        0.12026894        2.68000000        1.21066986
    41.80302357       56.41161692        1.03671419        0.11852218        2.68000000        1.20843807
    41.84719434       56.47970787        1.03862631        0.11676971        2.68000000        1.20620830
    41.89125589       56.54779882        1.04053645        0.11501150        2.68000000        1.20398058
    41.93520772       56.61588977        1.04244461        0.11324752        2.68000000        1.20175488
    41.97904933       56.68398072        1.04435077        0.11147774        2.68000000        1.19953123
    42.02278023       56.75207167        1.04625493        0.10970215        2.68000000        1.19730961
    42.06639990       56.82016262        1.04815707        0.10792072        2.68000000        1.19509003
    42.10990784       56.88825357        1.05005718        0.10613341        2.68000000        1.19287249
    42.15330353       56.95634452        1.05195525        0.10434019        2.68000000        1.19065699
    42.19658645       57.02443547        1.05385127        0.10254106        2.68000000        1.18844353
    42.23975608       57.09252642        1.05574523        0.10073597        2.68000000        1.18623211
    42.28281189       57.16061737        1.05763712        0.09892489        2.68000000        1.18402273
    42.32575334       57.22870832        1.05952693        0.09710781        2.68000000        1.18181540
    42.36857991       57.29679927        1.06141464        0.09528469        2.68000000        1.17961012
    42.41129105       57.36489022        1.06330024        0.09345550        2.68000000        1.17740688
    42.45388621       57.43298117        1.06518373        0.09162022        2.68000000        1.17520569
    42.49636485       57.50107212        1.06706510        0.08977882        2.68000000        1.17300655
    42.53872642       57.56916307        1.06894432        0.08793126        2.68000000        1.17080946
    42.58097035       57.63725402        1.07082140        0.08607753        2.68000000        1.16861442
    42.62309608       57.70534497        1.07269631        0.08421759        2.68000000        1.16642144
    42.66510304       57.77343593        1.07456906        0.08235142        2.68000000        1.16423051
    42.70699066       57.84152688        1.07643963        0.08047897        2.68000000        1.16204163
    42.74875837       57.90961783        1.07830800        0.07860024        2.68000000        1.15985481
    42.79040558       57.97770878        1.08017417        0.07671518        2.68000000        1.15767005
    42.83193171       58.04579973        1.08203813        0.07482376        2.68000000        1.15548735
    42.87333617       58.11389068        1.08389986        0.07292597        2.68000000        1.15330671
    42.91461835       58.18198163        1.08575936        0.07102176        2.68000000        1.15112813
    42.95577766       58.25007258        1.08761661        0.06911110        2.68000000        1.14895161
    42.99681350       58.31816353        1.08947161        0.06719398        2.68000000        1.14677717
    43.03772524       58.38625448        1.09132433        0.06527034        2.68000000        1.14460479
    43.07851229       58.45434543        1.09317478        0.06334018        2.68000000        1.14243447
    43.11917401       58.52243638        1.09502294        0.06140345        2.68000000        1.14026623
    43.15970978       58.59052733        1.09686880        0.05946012        2.68000000        1.13810006
    43.20011897       58.65861828        1.09871235        0.05751017        2.68000000        1.13593596
    43.24040095       58.72670923        1.10055358        0.05555356        2.68000000        1.13377394
    43.28055507       58.79480018        1.10239247        0.05359026        2.68000000        1.13161399
    43.32058069       58.86289113        1.10422902        0.05162023        2.68000000        1.12945613
    43.36047716       58.93098208        1.10606322        0.04964346        2.68000000        1.12730034
    43.40024381       58.99907303        1.10789506        0.04765990        2.68000000        1.12514664
    43.43988000       59.06716398        1.10972451        0.04566953        2.68000000        1.12299501
    43.47938504       59.13525493        1.11155159        0.04367230        2.68000000        1.12084548
    43.51875827       59.20334588        1.11337627        0.04166820        2.68000000        1.11869803
    43.55799901       59.27143683        1.11519854        0.03965718        2.68000000        1.11655267
    43.59710657       59.33952778        1.11701839        0.03763921        2.68000000        1.11440941
    43.63608028       59.40761873        1.11883581        0.03561427        2.68000000        1.11226824
    43.67491942       59.47570968        1.12065080        0.03358231        2.68000000        1.11012916
    43.71362330       59.54380063        1.12246333        0.03154331        2.68000000        1.10799218
    43.75219122       59.61189158        1.12427341        0.02949722        2.68000000        1.10585730
    43.79062246       59.67998253        1.12608101        0.02744403        2.68000000        1.10372452
    43.82891630       59.74807348        1.12788614        0.02538369        2.68000000        1.10159384
    43.86707202       59.81616443        1.12968877        0.02331616        2.68000000        1.09946527
    43.90508890       59.88425538        1.13148889        0.02124143        2.68000000        1.09733881
    43.94296619       59.95234633        1.13328651        0.01915944        2.68000000        1.09521446
    43.98070315       60.02043728        1.13508160        0.01707017        2.68000000        1.09309222
    44.01829904       60.08852823        1.13687416        0.01497358        2.68000000        1.09097210
    44.05575309       60.15661918        1.13866417        0.01286964        2.68000000        1.08885409
    44.09306457       60.22471013        1.14045162        0.01075831        2.68000000        1.08673820
    44.13023269       60.29280108        1.14223651        0.00863956        2.68000000        1.08462444
    44.16725668       60.36089203        1.14401883        0.00651334        2.68000000        1.08251280
    44.20413576       60.42898298        1.14579855        0.00437964        2.68000000        1.08040328
    44.24086916       60.49707393        1.14757568        0.00223840        2.68000000        1.07829589
    44.27745607       60.56516488        1.14935020        0.00008959        2.68000000        1.07619064
    44.31389571       60.63325583        1.15112211       -0.00206681        2.68000000        1.07408752
    44.35018726       60.70134678        1.15289138       -0.00423086        2.68000000        1.07198654
    44.38632991       60.76943773        1.15465801       -0.00640258        2.68000000        1.06988769
    44.42232285       60.83752868        1.15642200       -0.00858202        2.68000000        1.06779099
    44.45816526       60.90561963        1.15818332       -0.01076920        2.68000000        1.06569643
    44.49385629       60.97371059        1.15994197       -0.01296417        2.68000000        1.06360402
    44.52939512       61.04180154        1.16169794       -0.01516697        2.68000000        1.06151376
    44.56478089       61.10989249        1.16345122       -0.01737763        2.68000000        1.05942565
    44.60001276       61.17798344        1.16520180       -0.01959618        2.68000000        1.05733970
    44.63508987       61.24607439        1.16694967       -0.02182268        2.68000000        1.05525591
    44.67001135       61.31416534        1.16869481       -0.02405715        2.68000000        1.05317428
    44.70477633       61.38225629        1.17043722       -0.02629963        2.68000000        1.05109481
    44.73938392       61.45034724        1.17217688       -0.02855016        2.68000000        1.04901751
    44.77383324       61.51843819        1.17391379       -0.03080879        2.68000000        1.04694238
    44.80812340       61.58652914        1.17564794       -0.03307555        2.68000000        1.04486942
    44.84225349       61.65462009        1.17737931       -0.03535047        2.68000000        1.04279864
    44.87622260       61.72271104        1.17910789       -0.03763360        2.68000000        1.04073004
    44.91002982       61.79080199        1.18083368       -0.03992498        2.68000000        1.03866363
    44.94367421       61.85889294        1.18255667       -0.04222465        2.68000000        1.03659939
    44.97715486       61.92698389        1.18427684       -0.04453265        2.68000000        1.03453735
    45.01047081       61.99507484        1.18599418       -0.04684901        2.68000000        1.03247750
    45.04362112       62.06316579        1.18770868       -0.04917378        2.68000000        1.03041985
    45.07660483       62.13125674        1.18942034       -0.05150700        2.68000000        1.02836439
    45.10942098       62.19934769        1.19112914       -0.05384871        2.68000000        1.02631114
    45.14206860       62.26743864        1.19283508       -0.05619895        2.68000000        1.02426010
    45.17454670       62.33552959        1.19453813       -0.05855775        2.68000000        1.02221126
    45.20685430       62.40362054        1.19623830       -0.06092518        2.68000000        1.02016464
    45.23899041       62.47171149        1.19793557       -0.06330125        2.68000000        1.01812023
    45.27095401       62.53980244        1.19962993       -0.06568602        2.68000000        1.01607804
    45.30274409       62.60789339        1.20132137       -0.06807953        2.68000000        1.01403808
    45.33435964       62.67598434        1.20300988       -0.07048181        2.68000000        1.01200034
    45.36579961       62.74407529        1.20469545       -0.07289292        2.68000000        1.00996484
    45.39706298       62.81216624        1.20637807       -0.07531289        2.68000000        1.00793157
    45.42814870       62.88025719        1.20805774       -0.07774177        2.68000000        1.00590054
    45.45905571       62.94834814        1.20973443       -0.08017960        2.68000000        1.00387175
    45.48978294       63.01643909        1.21140814       -0.08262642        2.68000000        1.00184521
    45.52032931       63.08453004        1.21307887       -0.08508228        2.68000000        0.99982092
    45.55069376       63.15262099        1.21474659       -0.08754721        2.68000000        0.99779889
    45.58087518       63.22071194        1.21641130       -0.09002127        2.68000000        0.99577911
    45.61087247       63.28880289        1.21807299       -0.09250450        2.68000000        0.99376160
    45.64068452       63.35689384        1.21973165       -0.09499694        2.68000000        0.99174635
    45.67031022       63.42498479        1.22138727       -0.09749863        2.68000000        0.98973338
    45.69974843       63.49307574        1.22303984       -0.10000962        2.68000000        0.98772268
    45.72899801       63.56116669        1.22468934       -0.10252996        2.68000000        0.98571426
    45.75805781       63.62925764        1.22633578       -0.10505969        2.68000000        0.98370812
    45.78692668       63.69734859        1.22797913       -0.10759885        2.68000000        0.98170427
    45.81560345       63.76543954        1.22961939       -0.11014749        2.68000000        0.97970272
    45.84408694       63.83353049        1.23125655       -0.11270566        2.68000000        0.97770346
    45.87237596       63.90162144        1.23289060       -0.11527340        2.68000000        0.97570650
    45.90046931       63.96971239        1.23452152       -0.11785075        2.68000000        0.97371185
    45.92836578       64.03780334        1.23614932       -0.12043777        2.68000000        0.97171951
    45.95606416       64.10589429        1.23777397       -0.12303450        2.68000000        0.96972949
    45.98356322       64.17398525        1.23939547       -0.12564098        2.68000000        0.96774178
    46.01086171       64.24207620        1.24101380       -0.12825727        2.68000000        0.96575641
    46.03795840       64.31016715        1.24262897       -0.13088340        2.68000000        0.96377336
    46.06485200       64.37825810        1.24424095       -0.13351944        2.68000000        0.96179264
    46.09154126       64.44634905        1.24584974       -0.13616541        2.68000000        0.95981427
    46.11802490       64.51444000        1.24745533       -0.13882138        2.68000000        0.95783824
    46.14430160       64.58253095        1.24905771       -0.14148738        2.68000000        0.95586456
    46.17037009       64.65062190        1.25065686       -0.14416347        2.68000000        0.95389324
    46.19622903       64.71871285        1.25225278       -0.14684970        2.68000000        0.95192427
    46.22187710       64.78680380        1.25384546       -0.14954610        2.68000000        0.94995768
    46.24731297       64.85489475        1.25543489       -0.15225274        2.68000000        0.94799345
    46.27253527       64.92298570        1.25702105       -0.15496966        2.68000000        0.94603159
    46.29754266       64.99107665        1.25860394       -0.15769690        2.68000000        0.94407212
    46.32233375       65.05916760        1.26018355       -0.16043453        2.68000000        0.94211504
    46.34690716       65.12725855        1.26175987       -0.16318257        2.68000000        0.94016035
    46.37126150       65.19534950        1.26333288       -0.16594110        2.68000000        0.93820805
    46.39539536       65.26344045        1.26490259       -0.16871015        2.68000000        0.93625816
    46.41930730       65.33153140        1.26646897       -0.17148977        2.68000000        0.93431067
    46.44299591       65.39962235        1.26803202       -0.17428001        2.68000000        0.93236561
    46.46645973       65.46771330        1.26959172       -0.17708094        2.68000000        0.93042296
    46.48969731       65.53580425        1.27114808       -0.17989258        2.68000000        0.92848273
    46.51270717       65.60389520        1.27270107       -0.18271500        2.68000000        0.92654494
    46.53548783       65.67198615        1.27425069       -0.18554824        2.68000000        0.92460959
    46.55803779       65.74007710        1.27579693       -0.18839236        2.68000000        0.92267668
    46.58035554       65.80816805        1.27733978       -0.19124741        2.68000000        0.92074622
    46.60243956       65.87625900        1.27887922       -0.19411343        2.68000000        0.91881822
    46.62428831       65.94434995        1.28041526       -0.19699048        2.68000000        0.91689268
    46.64590025       66.01244090        1.28194787       -0.19987861        2.68000000        0.91496961
    46.66727380       66.08053185        1.28347705       -0.20277787        2.68000000        0.91304901
    46.68840739       66.14862280        1.28500279       -0.20568832        2.68000000        0.91113089
    46.70929943       66.21671375        1.28652508       -0.20860999        2.68000000        0.90921527
    46.72994832       66.28480470        1.28804391       -0.21154296        2.68000000        0.90730213
    46.75035243       66.35289565        1.28955927       -0.21448726        2.68000000        0.90539150
    46.77051013       66.42098660        1.29107114       -0.21744295        2.68000000        0.90348337
    46.79041978       66.48907755        1.29257953       -0.22041008        2.68000000        0.90157776
    46.81007970       66.55716850        1.29408441       -0.22338871        2.68000000        0.89967467
    46.82948824       66.62525945        1.29558579       -0.22637888        2.68000000        0.89777410
    46.84864368       66.69335040        1.29708364       -0.22938065        2.68000000        0.89587607
    46.86754433       66.76144135        1.29857797       -0.23239408        2.68000000        0.89398059
    46.88618846       66.82953230        1.30006875       -0.23541920        2.68000000        0.89208765
    46.90457434       66.89762325        1.30155598       -0.23845609        2.68000000        0.89019726
    46.92270021       66.96571420        1.30303966       -0.24150479        2.68000000        0.88830944
    46.94056431       67.03380515        1.30451976       -0.24456535        2.68000000        0.88642419
    46.95816485       67.10189610        1.30599628       -0.24763783        2.68000000        0.88454152
    46.97550004       67.16998705        1.30746922       -0.25072228        2.68000000        0.88266143
    46.99256805       67.23807800        1.30893855       -0.25381875        2.68000000        0.88078393
    47.00936706       67.30616895        1.31040428       -0.25692730        2.68000000        0.87890903
    47.02589522       67.37425991        1.31186639       -0.26004797        2.68000000        0.87703674
    47.04215065       67.44235086        1.31332486       -0.26318084        2.68000000        0.87516706
    47.05813150       67.51044181        1.31477970       -0.26632594        2.68000000        0.87330001
    47.07383584       67.57853276        1.31623089       -0.26948333        2.68000000        0.87143559
    47.08926177       67.64662371        1.31767842       -0.27265307        2.68000000        0.86957380
    47.10440737       67.71471466        1.31912229       -0.27583521        2.68000000        0.86771466
    47.11927067       67.78280561        1.32056247       -0.27902980        2.68000000        0.86585818
    47.13384971       67.85089656        1.32199897       -0.28223689        2.68000000        0.86400435
    47.14814250       67.91898751        1.32343176       -0.28545655        2.68000000        0.86215320
    47.16214705       67.98707846        1.32486085       -0.28868882        2.68000000        0.86030473
    47.17586134       68.05516941        1.32628623       -0.29193376        2.68000000        0.85845894
    47.18928332       68.12326036        1.32770787       -0.29519142        2.68000000        0.85661585
    47.20241094       68.19135131        1.32912577       -0.29846186        2.68000000        0.85477546
    47.21524212       68.25944226        1.33053993       -0.30174513        2.68000000        0.85293779
    47.22777478       68.32753321        1.33195033       -0.30504128        2.68000000        0.85110284
    47.24000679       68.39562416        1.33335696       -0.30835037        2.68000000        0.84927061
    47.25193602       68.46371511        1.33475982       -0.31167246        2.68000000        0.84744113
    47.26356032       68.53180606        1.33615888       -0.31500759        2.68000000        0.84561439
    47.27487753       68.59989701        1.33755415       -0.31835582        2.68000000        0.84379041
    47.28588545       68.66798796        1.33894562       -0.32171720        2.68000000        0.84196919
    47.29658187       68.73607891        1.34033326       -0.32509178        2.68000000        0.84015075
    47.30696456       68.80416986        1.34171708       -0.32847963        2.68000000        0.83833510
    47.31703127       68.87226081        1.34309706       -0.33188080        2.68000000        0.83652223
    47.32677973       68.94035176        1.34447319       -0.33529533        2.68000000        0.83471217
    47.33620765       69.00844271        1.34584547       -0.33872327        2.68000000        0.83290492
    47.34531271       69.07653366        1.34721387       -0.34216470        2.68000000        0.83110050
    47.35409258       69.14462461        1.34857840       -0.34561965        2.68000000        0.82929890
    47.36254490       69.21271556        1.34993905       -0.34908818        2.68000000        0.82750014
    47.37066731       69.28080651        1.35129579       -0.35257034        2.68000000        0.82570424
    47.37845739       69.34889746        1.35264863       -0.35606618        2.68000000        0.82391120
    47.38591274       69.41698841        1.35399755       -0.35957577        2.68000000        0.82212102
    47.39303090       69.48507936        1.35534255       -0.36309914        2.68000000        0.82033373
    47.39980942       69.55317031        1.35668360       -0.36663635        2.68000000        0.81854933
    47.40624580       69.62126126        1.35802071       -0.37018745        2.68000000        0.81676783
    47.41233754       69.68935221        1.35935386       -0.37375250        2.68000000        0.81498924
    47.41808210       69.75744316        1.36068305       -0.37733155        2.68000000        0.81321357
    47.42347693       69.82553411        1.36200825       -0.38092464        2.68000000        0.81144084
    47.42851944       69.89362506        1.36332947       -0.38453183        2.68000000        0.80967105
    47.43320704       69.96171601        1.36464669       -0.38815316        2.68000000        0.80790421
    47.43753710       70.02980696        1.36595990       -0.39178869        2.68000000        0.80614034
    47.44150696       70.09789791        1.36726909       -0.39543847        2.68000000        0.80437944
    47.44511394       70.16598886        1.36857425       -0.39910255        2.68000000        0.80262153
    47.44835535       70.23407981        1.36987537       -0.40278097        2.68000000        0.80086662
    47.45122847       70.30217076        1.37117245       -0.40647379        2.68000000        0.79911471
    47.45373053       70.37026171        1.37246546       -0.41018105        2.68000000        0.79736583
    47.45585877       70.43835266        1.37375441       -0.41390281        2.68000000        0.79561998
    47.45761039       70.50644361        1.37503927       -0.41763910        2.68000000        0.79387717
    47.45898254       70.57453456        1.37632004       -0.42138997        2.68000000        0.79213741
    47.45997239       70.64262552        1.37759671       -0.42515548        2.68000000        0.79040072
    47.46057705       70.71071647        1.37886928       -0.42893567        2.68000000        0.78866711
    47.46079361       70.77880742        1.38013771       -0.43273058        2.68000000        0.78693659
