#  Theta paroi en deg Angle Choc en deg       Kp           Inverse Mach       Mach amont       Mach aval
     0.00000000       26.77258806        0.00000000        0.54954955        2.22000000
     1.90206124       26.77448488        0.00652264        0.54664612        2.22000000        2.21990219
     2.28609061       26.77713887        0.00888675        0.54560038        2.22000000        2.21976535
     2.70318784       26.78206436        0.01175471        0.54433637        2.22000000        2.21951144
     3.15494489       26.79077569        0.01518657        0.54283032        2.22000000        2.21906254
     3.62207832       26.80478720        0.01906642        0.54113600        2.22000000        2.21834098
     4.09302875       26.82561322        0.02329779        0.53929798        2.22000000        2.21726949
     4.56313037       26.85476808        0.02782475        0.53734259        2.22000000        2.21577153
     5.03135793       26.89376612        0.03262114        0.53528289        2.22000000        2.21377153
     5.49838854       26.94412168        0.03768008        0.53312347        2.22000000        2.21119527
     5.96565072       27.00734909        0.04300724        0.53086354        2.22000000        2.20797028
     6.35425588       27.07057651        0.04763476        0.52891167        2.22000000        2.20475611
     6.69180548       27.13380392        0.05179663        0.52716485        2.22000000        2.20155263
     6.99320817       27.19703133        0.05562291        0.52556590        2.22000000        2.19835973
     7.26750718       27.26025874        0.05919430        0.52407934        2.22000000        2.19517727
     7.52063518       27.32348615        0.06256472        0.52268152        2.22000000        2.19200515
     7.75671147       27.38671357        0.06577216        0.52135574        2.22000000        2.18884324
     7.97872223       27.44994098        0.06884452        0.52008976        2.22000000        2.18569144
     8.18890679       27.51316839        0.07180298        0.51887430        2.22000000        2.18254963
     8.38899110       27.57639580        0.07466399        0.51770212        2.22000000        2.17941769
     8.58033579       27.63962321        0.07744066        0.51656747        2.22000000        2.17629552
     8.76403401       27.70285063        0.08014358        0.51546572        2.22000000        2.17318302
     8.94097830       27.76607804        0.08278147        0.51439302        2.22000000        2.17008007
     9.11190766       27.82930545        0.08536159        0.51334618        2.22000000        2.16698656
     9.27744135       27.89253286        0.08789006        0.51232252        2.22000000        2.16390240
     9.43810392       27.95576027        0.09037209        0.51131974        2.22000000        2.16082749
     9.59434385       28.01898769        0.09281214        0.51033588        2.22000000        2.15776172
     9.74654786       28.08221510        0.09521409        0.50936923        2.22000000        2.15470499
     9.89505193       28.14544251        0.09758132        0.50841830        2.22000000        2.15165720
    10.04014996       28.20866992        0.09991678        0.50748178        2.22000000        2.14861827
    10.18210062       28.27189733        0.10222309        0.50655852        2.22000000        2.14558809
    10.32113286       28.33512475        0.10450258        0.50564748        2.22000000        2.14256657
    10.45745043       28.39835216        0.10675731        0.50474776        2.22000000        2.13955362
    10.59123541       28.46157957        0.10898914        0.50385852        2.22000000        2.13654915
    10.72265131       28.52480698        0.11119972        0.50297902        2.22000000        2.13355307
    10.85184553       28.58803439        0.11339058        0.50210860        2.22000000        2.13056528
    10.97895147       28.65126181        0.11556307        0.50124664        2.22000000        2.12758571
    11.10409022       28.71448922        0.11771844        0.50039259        2.22000000        2.12461426
    11.22737211       28.77771663        0.11985781        0.49954594        2.22000000        2.12165086
    11.34889796       28.84094404        0.12198222        0.49870623        2.22000000        2.11869541
    11.46876017       28.90417145        0.12409261        0.49787304        2.22000000        2.11574784
    11.58704360       28.96739886        0.12618986        0.49704595        2.22000000        2.11280806
    11.70382644       29.03062628        0.12827478        0.49622463        2.22000000        2.10987599
    11.81918088       29.09385369        0.13034809        0.49540872        2.22000000        2.10695155
    11.93317370       29.15708110        0.13241049        0.49459791        2.22000000        2.10403468
    12.04586688       29.22030851        0.13446262        0.49379192        2.22000000        2.10112528
    12.15731794       29.28353592        0.13650506        0.49299047        2.22000000        2.09822328
    12.26758048       29.34676334        0.13853837        0.49219332        2.22000000        2.09532861
    12.37670445       29.40999075        0.14056305        0.49140022        2.22000000        2.09244120
    12.48473655       29.47321816        0.14257958        0.49061095        2.22000000        2.08956096
    12.59172043       29.53644557        0.14458842        0.48982531        2.22000000        2.08668784
    12.69769703       29.59967298        0.14658997        0.48904311        2.22000000        2.08382175
    12.80270480       29.66290040        0.14858464        0.48826415        2.22000000        2.08096263
    12.90677981       29.72612781        0.15057278        0.48748827        2.22000000        2.07811041
    13.00995606       29.78935522        0.15255475        0.48671530        2.22000000        2.07526502
    13.11226556       29.85258263        0.15453087        0.48594509        2.22000000        2.07242639
    13.21373854       29.91581004        0.15650144        0.48517749        2.22000000        2.06959447
    13.31440354       29.97903746        0.15846676        0.48441237        2.22000000        2.06676917
    13.41428755       30.04226487        0.16042710        0.48364959        2.22000000        2.06395044
    13.51341614       30.10549228        0.16238271        0.48288903        2.22000000        2.06113821
    13.61181351       30.16871969        0.16433384        0.48213057        2.22000000        2.05833242
    13.70950267       30.23194710        0.16628072        0.48137410        2.22000000        2.05553301
    13.80650541       30.29517452        0.16822356        0.48061951        2.22000000        2.05273992
    13.90284250       30.35840193        0.17016258        0.47986670        2.22000000        2.04995309
    13.99853365       30.42162934        0.17209797        0.47911558        2.22000000        2.04717245
    14.09359768       30.48485675        0.17402991        0.47836604        2.22000000        2.04439795
    14.18805248       30.54808416        0.17595859        0.47761801        2.22000000        2.04162953
    14.28191514       30.61131158        0.17788417        0.47687138        2.22000000        2.03886714
    14.37520197       30.67453899        0.17980681        0.47612610        2.22000000        2.03611071
    14.46792854       30.73776640        0.18172667        0.47538207        2.22000000        2.03336019
    14.56010974       30.80099381        0.18364389        0.47463921        2.22000000        2.03061553
    14.65175983       30.86422122        0.18555860        0.47389747        2.22000000        2.02787666
    14.74289244       30.92744864        0.18747095        0.47315677        2.22000000        2.02514355
    14.83352062       30.99067605        0.18938105        0.47241705        2.22000000        2.02241613
    14.92365691       31.05390346        0.19128902        0.47167823        2.22000000        2.01969435
    15.01331332       31.11713087        0.19319499        0.47094026        2.22000000        2.01697816
    15.10250138       31.18035828        0.19509906        0.47020308        2.22000000        2.01426751
    15.19123216       31.24358569        0.19700133        0.46946664        2.22000000        2.01156236
    15.27951630       31.30681311        0.19890191        0.46873087        2.22000000        2.00886264
    15.36736402       31.37004052        0.20080089        0.46799573        2.22000000        2.00616831
    15.45478518       31.43326793        0.20269836        0.46726116        2.22000000        2.00347932
    15.54178922       31.49649534        0.20459441        0.46652711        2.22000000        2.00079563
    15.62838529       31.55972275        0.20648913        0.46579355        2.22000000        1.99811719
    15.71458215       31.62295017        0.20838260        0.46506041        2.22000000        1.99544395
    15.80038828       31.68617758        0.21027489        0.46432766        2.22000000        1.99277586
    15.88581184       31.74940499        0.21216607        0.46359525        2.22000000        1.99011288
    15.97086072       31.81263240        0.21405623        0.46286314        2.22000000        1.98745497
    16.05554251       31.87585981        0.21594542        0.46213129        2.22000000        1.98480208
    16.13986456       31.93908723        0.21783371        0.46139966        2.22000000        1.98215417
    16.22383397       32.00231464        0.21972117        0.46066821        2.22000000        1.97951118
    16.30745759       32.06554205        0.22160785        0.45993690        2.22000000        1.97687310
    16.39074204       32.12876946        0.22349382        0.45920571        2.22000000        1.97423986
    16.47369376       32.19199687        0.22537913        0.45847459        2.22000000        1.97161142
    16.55631891       32.25522429        0.22726383        0.45774351        2.22000000        1.96898776
    16.63862353       32.31845170        0.22914797        0.45701243        2.22000000        1.96636882
    16.72061342       32.38167911        0.23103160        0.45628133        2.22000000        1.96375457
    16.80229423       32.44490652        0.23291478        0.45555018        2.22000000        1.96114496
    16.88367139       32.50813393        0.23479754        0.45481893        2.22000000        1.95853997
    16.96475020       32.57136135        0.23667993        0.45408757        2.22000000        1.95593954
    17.04553579       32.63458876        0.23856199        0.45335606        2.22000000        1.95334365
    17.12603315       32.69781617        0.24044376        0.45262438        2.22000000        1.95075224
    17.20624709       32.76104358        0.24232529        0.45189249        2.22000000        1.94816530
    17.28618231       32.82427099        0.24420660        0.45116038        2.22000000        1.94558278
    17.36584335       32.88749841        0.24608774        0.45042801        2.22000000        1.94300464
    17.44523463       32.95072582        0.24796874        0.44969536        2.22000000        1.94043085
    17.52436044       33.01395323        0.24984963        0.44896241        2.22000000        1.93786137
    17.60322494       33.07718064        0.25173045        0.44822912        2.22000000        1.93529618
    17.68183222       33.14040805        0.25361122        0.44749548        2.22000000        1.93273522
    17.76018618       33.20363547        0.25549198        0.44676146        2.22000000        1.93017848
    17.83829068       33.26686288        0.25737275        0.44602704        2.22000000        1.92762592
    17.91614943       33.33009029        0.25925356        0.44529220        2.22000000        1.92507750
    17.99376609       33.39331770        0.26113444        0.44455691        2.22000000        1.92253318
    18.07114415       33.45654511        0.26301541        0.44382116        2.22000000        1.91999295
    18.14828707       33.51977252        0.26489650        0.44308492        2.22000000        1.91745677
    18.22519819       33.58299994        0.26677773        0.44234817        2.22000000        1.91492460
    18.30188079       33.64622735        0.26865912        0.44161089        2.22000000        1.91239641
    18.37833801       33.70945476        0.27054070        0.44087307        2.22000000        1.90987218
    18.45457298       33.77268217        0.27242249        0.44013468        2.22000000        1.90735187
    18.53058869       33.83590958        0.27430450        0.43939570        2.22000000        1.90483546
    18.60638810       33.89913700        0.27618675        0.43865612        2.22000000        1.90232291
    18.68197407       33.96236441        0.27806927        0.43791591        2.22000000        1.89981419
    18.75734939       34.02559182        0.27995207        0.43717506        2.22000000        1.89730927
    18.83251679       34.08881923        0.28183517        0.43643355        2.22000000        1.89480814
    18.90747894       34.15204664        0.28371859        0.43569137        2.22000000        1.89231075
    18.98223842       34.21527406        0.28560233        0.43494849        2.22000000        1.88981708
    19.05679778       34.27850147        0.28748642        0.43420491        2.22000000        1.88732711
    19.13115949       34.34172888        0.28937088        0.43346059        2.22000000        1.88484080
    19.20532596       34.40495629        0.29125570        0.43271553        2.22000000        1.88235813
    19.27929955       34.46818370        0.29314091        0.43196971        2.22000000        1.87987907
    19.35308257       34.53141112        0.29502653        0.43122312        2.22000000        1.87740360
    19.42667727       34.59463853        0.29691255        0.43047574        2.22000000        1.87493169
    19.50008585       34.65786594        0.29879900        0.42972755        2.22000000        1.87246331
    19.57331045       34.72109335        0.30068588        0.42897854        2.22000000        1.86999845
    19.64635318       34.78432076        0.30257321        0.42822869        2.22000000        1.86753706
    19.71921609       34.84754818        0.30446099        0.42747800        2.22000000        1.86507914
    19.79190119       34.91077559        0.30634924        0.42672644        2.22000000        1.86262465
    19.86441044       34.97400300        0.30823797        0.42597400        2.22000000        1.86017357
    19.93674577       35.03723041        0.31012717        0.42522067        2.22000000        1.85772588
    20.00890904       35.10045782        0.31201687        0.42446643        2.22000000        1.85528155
    20.08090210       35.16368524        0.31390707        0.42371127        2.22000000        1.85284057
    20.15272674       35.22691265        0.31579778        0.42295518        2.22000000        1.85040289
    20.22438474       35.29014006        0.31768900        0.42219814        2.22000000        1.84796852
    20.29587779       35.35336747        0.31958074        0.42144014        2.22000000        1.84553742
    20.36720760       35.41659488        0.32147300        0.42068117        2.22000000        1.84310956
    20.43837581       35.47982230        0.32336581        0.41992121        2.22000000        1.84068494
    20.50938404       35.54304971        0.32525915        0.41916025        2.22000000        1.83826352
    20.58023386       35.60627712        0.32715303        0.41839828        2.22000000        1.83584528
    20.65092684       35.66950453        0.32904747        0.41763529        2.22000000        1.83343021
    20.72146448       35.73273194        0.33094246        0.41687127        2.22000000        1.83101828
    20.79184827       35.79595935        0.33283801        0.41610619        2.22000000        1.82860948
    20.86207967       35.85918677        0.33473412        0.41534006        2.22000000        1.82620377
    20.93216010       35.92241418        0.33663079        0.41457286        2.22000000        1.82380115
    21.00209097       35.98564159        0.33852804        0.41380457        2.22000000        1.82140159
    21.07187363       36.04886900        0.34042586        0.41303519        2.22000000        1.81900507
    21.14150945       36.11209641        0.34232426        0.41226470        2.22000000        1.81661157
    21.21099972       36.17532383        0.34422324        0.41149310        2.22000000        1.81422108
    21.28034575       36.23855124        0.34612280        0.41072036        2.22000000        1.81183357
    21.34954880       36.30177865        0.34802294        0.40994649        2.22000000        1.80944902
    21.41861010       36.36500606        0.34992367        0.40917147        2.22000000        1.80706743
    21.48753088       36.42823347        0.35182499        0.40839528        2.22000000        1.80468876
    21.55631232       36.49146089        0.35372690        0.40761793        2.22000000        1.80231300
    21.62495560       36.55468830        0.35562939        0.40683939        2.22000000        1.79994013
    21.69346187       36.61791571        0.35753248        0.40605965        2.22000000        1.79757014
    21.76183224       36.68114312        0.35943616        0.40527872        2.22000000        1.79520301
    21.83006784       36.74437053        0.36134044        0.40449657        2.22000000        1.79283872
    21.89816973       36.80759795        0.36324530        0.40371319        2.22000000        1.79047724
    21.96613898       36.87082536        0.36515077        0.40292858        2.22000000        1.78811858
    22.03397664       36.93405277        0.36705682        0.40214272        2.22000000        1.78576270
    22.10168373       36.99728018        0.36896347        0.40135561        2.22000000        1.78340960
    22.16926125       37.06050759        0.37087071        0.40056723        2.22000000        1.78105925
    22.23671020       37.12373501        0.37277855        0.39977758        2.22000000        1.77871165
    22.30403153       37.18696242        0.37468698        0.39898664        2.22000000        1.77636676
    22.37122621       37.25018983        0.37659599        0.39819440        2.22000000        1.77402459
    22.43829515       37.31341724        0.37850560        0.39740086        2.22000000        1.77168511
    22.50523929       37.37664465        0.38041580        0.39660601        2.22000000        1.76934831
    22.57205952       37.43987207        0.38232659        0.39580983        2.22000000        1.76701417
    22.63875672       37.50309948        0.38423796        0.39501232        2.22000000        1.76468267
    22.70533175       37.56632689        0.38614992        0.39421346        2.22000000        1.76235381
    22.77178548       37.62955430        0.38806246        0.39341325        2.22000000        1.76002757
    22.83811874       37.69278171        0.38997559        0.39261168        2.22000000        1.75770393
    22.90433234       37.75600913        0.39188929        0.39180874        2.22000000        1.75538288
    22.97042710       37.81923654        0.39380357        0.39100441        2.22000000        1.75306440
    23.03640381       37.88246395        0.39571842        0.39019870        2.22000000        1.75074848
    23.10226324       37.94569136        0.39763384        0.38939159        2.22000000        1.74843511
    23.16800617       38.00891877        0.39954984        0.38858306        2.22000000        1.74612428
    23.23363334       38.07214618        0.40146640        0.38777312        2.22000000        1.74381596
    23.29914549       38.13537360        0.40338352        0.38696176        2.22000000        1.74151015
    23.36454334       38.19860101        0.40530121        0.38614895        2.22000000        1.73920683
    23.42982761       38.26182842        0.40721945        0.38533471        2.22000000        1.73690600
    23.49499901       38.32505583        0.40913825        0.38451901        2.22000000        1.73460763
    23.56005821       38.38828324        0.41105760        0.38370184        2.22000000        1.73231171
    23.62500589       38.45151066        0.41297750        0.38288321        2.22000000        1.73001823
    23.68984271       38.51473807        0.41489795        0.38206309        2.22000000        1.72772719
    23.75456934       38.57796548        0.41681893        0.38124149        2.22000000        1.72543856
    23.81918640       38.64119289        0.41874045        0.38041838        2.22000000        1.72315233
    23.88369454       38.70442030        0.42066250        0.37959377        2.22000000        1.72086850
    23.94809436       38.76764772        0.42258509        0.37876765        2.22000000        1.71858705
    24.01238648       38.83087513        0.42450820        0.37794000        2.22000000        1.71630797
    24.07657150       38.89410254        0.42643182        0.37711082        2.22000000        1.71403124
    24.14065000       38.95732995        0.42835597        0.37628010        2.22000000        1.71175686
    24.20462256       39.02055736        0.43028063        0.37544783        2.22000000        1.70948481
    24.26848976       39.08378478        0.43220580        0.37461400        2.22000000        1.70721509
    24.33225214       39.14701219        0.43413147        0.37377860        2.22000000        1.70494768
    24.39591025       39.21023960        0.43605764        0.37294163        2.22000000        1.70268257
    24.45946464       39.27346701        0.43798430        0.37210307        2.22000000        1.70041975
    24.52291584       39.33669442        0.43991146        0.37126292        2.22000000        1.69815920
    24.58626437       39.39992184        0.44183910        0.37042117        2.22000000        1.69590093
    24.64951073       39.46314925        0.44376722        0.36957782        2.22000000        1.69364492
    24.71265543       39.52637666        0.44569581        0.36873284        2.22000000        1.69139115
    24.77569897       39.58960407        0.44762488        0.36788624        2.22000000        1.68913962
    24.83864183       39.65283148        0.44955441        0.36703800        2.22000000        1.68689031
    24.90148449       39.71605890        0.45148440        0.36618813        2.22000000        1.68464323
    24.96422742       39.77928631        0.45341484        0.36533660        2.22000000        1.68239835
    25.02687108       39.84251372        0.45534573        0.36448341        2.22000000        1.68015567
    25.08941592       39.90574113        0.45727707        0.36362855        2.22000000        1.67791518
    25.15186240       39.96896854        0.45920885        0.36277202        2.22000000        1.67567686
    25.21421094       40.03219596        0.46114105        0.36191381        2.22000000        1.67344071
    25.27646198       40.09542337        0.46307369        0.36105390        2.22000000        1.67120673
    25.33861594       40.15865078        0.46500674        0.36019229        2.22000000        1.66897489
    25.40067325       40.22187819        0.46694022        0.35932898        2.22000000        1.66674519
    25.46263430       40.28510560        0.46887410        0.35846394        2.22000000        1.66451763
    25.52449950       40.34833301        0.47080838        0.35759718        2.22000000        1.66229219
    25.58626924       40.41156043        0.47274307        0.35672869        2.22000000        1.66006886
    25.64794391       40.47478784        0.47467814        0.35585846        2.22000000        1.65784764
    25.70952390       40.53801525        0.47661361        0.35498647        2.22000000        1.65562852
    25.77100956       40.60124266        0.47854945        0.35411273        2.22000000        1.65341148
    25.83240129       40.66447007        0.48048567        0.35323722        2.22000000        1.65119652
    25.89369943       40.72769749        0.48242225        0.35235994        2.22000000        1.64898364
    25.95490434       40.79092490        0.48435920        0.35148088        2.22000000        1.64677282
    26.01601637       40.85415231        0.48629650        0.35060002        2.22000000        1.64456405
    26.07703586       40.91737972        0.48823415        0.34971737        2.22000000        1.64235733
    26.13796315       40.98060713        0.49017214        0.34883291        2.22000000        1.64015265
    26.19879857       41.04383455        0.49211047        0.34794664        2.22000000        1.63795000
    26.25954245       41.10706196        0.49404913        0.34705854        2.22000000        1.63574938
    26.32019509       41.17028937        0.49598811        0.34616861        2.22000000        1.63355077
    26.38075682       41.23351678        0.49792741        0.34527684        2.22000000        1.63135417
    26.44122795       41.29674419        0.49986702        0.34438322        2.22000000        1.62915957
    26.50160877       41.35997161        0.50180693        0.34348775        2.22000000        1.62696696
    26.56189958       41.42319902        0.50374714        0.34259042        2.22000000        1.62477634
    26.62210067       41.48642643        0.50568764        0.34169121        2.22000000        1.62258770
    26.68221233       41.54965384        0.50762842        0.34079012        2.22000000        1.62040103
    26.74223483       41.61288125        0.50956947        0.33988714        2.22000000        1.61821632
    26.80216846       41.67610867        0.51151080        0.33898227        2.22000000        1.61603357
    26.86201348       41.73933608        0.51345239        0.33807549        2.22000000        1.61385277
    26.92177016       41.80256349        0.51539423        0.33716680        2.22000000        1.61167392
    26.98143875       41.86579090        0.51733633        0.33625619        2.22000000        1.60949700
    27.04101951       41.92901831        0.51927866        0.33534365        2.22000000        1.60732201
    27.10051270       41.99224573        0.52122123        0.33442918        2.22000000        1.60514895
    27.15991855       42.05547314        0.52316403        0.33351275        2.22000000        1.60297780
    27.21923731       42.11870055        0.52510704        0.33259438        2.22000000        1.60080856
    27.27846921       42.18192796        0.52705027        0.33167404        2.22000000        1.59864123
    27.33761448       42.24515537        0.52899371        0.33075173        2.22000000        1.59647580
    27.39667336       42.30838279        0.53093734        0.32982744        2.22000000        1.59431225
    27.45564604       42.37161020        0.53288116        0.32890117        2.22000000        1.59215060
    27.51453278       42.43483761        0.53482517        0.32797291        2.22000000        1.58999082
    27.57333376       42.49806502        0.53676936        0.32704264        2.22000000        1.58783292
    27.63204920       42.56129243        0.53871371        0.32611035        2.22000000        1.58567688
    27.69067930       42.62451984        0.54065823        0.32517605        2.22000000        1.58352270
    27.74922427       42.68774726        0.54260290        0.32423973        2.22000000        1.58137038
    27.80768429       42.75097467        0.54454772        0.32330136        2.22000000        1.57921992
    27.86605957       42.81420208        0.54649268        0.32236096        2.22000000        1.57707129
    27.92435028       42.87742949        0.54843777        0.32141849        2.22000000        1.57492450
    27.98255661       42.94065690        0.55038298        0.32047397        2.22000000        1.57277955
    28.04067875       43.00388432        0.55232831        0.31952738        2.22000000        1.57063643
    28.09871686       43.06711173        0.55427375        0.31857872        2.22000000        1.56849512
    28.15667111       43.13033914        0.55621929        0.31762796        2.22000000        1.56635564
    28.21454167       43.19356655        0.55816493        0.31667512        2.22000000        1.56421797
    28.27232872       43.25679396        0.56011065        0.31572017        2.22000000        1.56208210
    28.33003240       43.32002138        0.56205645        0.31476311        2.22000000        1.55994803
    28.38765287       43.38324879        0.56400232        0.31380393        2.22000000        1.55781576
    28.44519028       43.44647620        0.56594826        0.31284262        2.22000000        1.55568529
    28.50264479       43.50970361        0.56789425        0.31187918        2.22000000        1.55355659
    28.56001653       43.57293102        0.56984028        0.31091359        2.22000000        1.55142968
    28.61730565       43.63615844        0.57178636        0.30994585        2.22000000        1.54930455
    28.67451229       43.69938585        0.57373247        0.30897595        2.22000000        1.54718119
    28.73163657       43.76261326        0.57567860        0.30800388        2.22000000        1.54505959
    28.78867863       43.82584067        0.57762475        0.30702963        2.22000000        1.54293976
    28.84563860       43.88906808        0.57957091        0.30605319        2.22000000        1.54082169
    28.90251660       43.95229550        0.58151707        0.30507456        2.22000000        1.53870537
    28.95931274       44.01552291        0.58346322        0.30409372        2.22000000        1.53659079
    29.01602715       44.07875032        0.58540935        0.30311068        2.22000000        1.53447796
    29.07265993       44.14197773        0.58735546        0.30212541        2.22000000        1.53236688
    29.12921120       44.20520514        0.58930154        0.30113791        2.22000000        1.53025752
    29.18568107       44.26843256        0.59124758        0.30014817        2.22000000        1.52814990
    29.24206964       44.33165997        0.59319357        0.29915619        2.22000000        1.52604400
    29.29837700       44.39488738        0.59513950        0.29816195        2.22000000        1.52393983
    29.35460325       44.45811479        0.59708538        0.29716544        2.22000000        1.52183738
    29.41074849       44.52134220        0.59903117        0.29616666        2.22000000        1.51973664
    29.46681280       44.58456962        0.60097689        0.29516560        2.22000000        1.51763761
    29.52279627       44.64779703        0.60292252        0.29416225        2.22000000        1.51554029
    29.57869900       44.71102444        0.60486806        0.29315661        2.22000000        1.51344467
    29.63452105       44.77425185        0.60681348        0.29214865        2.22000000        1.51135075
    29.69026251       44.83747926        0.60875880        0.29113837        2.22000000        1.50925852
    29.74592344       44.90070667        0.61070399        0.29012577        2.22000000        1.50716799
    29.80150393       44.96393409        0.61264906        0.28911084        2.22000000        1.50507914
    29.85700404       45.02716150        0.61459399        0.28809356        2.22000000        1.50299197
    29.91242383       45.09038891        0.61653877        0.28707393        2.22000000        1.50090649
    29.96776337       45.15361632        0.61848340        0.28605194        2.22000000        1.49882268
    30.02302272       45.21684373        0.62042786        0.28502758        2.22000000        1.49674055
    30.07820193       45.28007115        0.62237215        0.28400083        2.22000000        1.49466008
    30.13330106       45.34329856        0.62431627        0.28297171        2.22000000        1.49258128
    30.18832017       45.40652597        0.62626020        0.28194018        2.22000000        1.49050415
    30.24325928       45.46975338        0.62820393        0.28090624        2.22000000        1.48842867
    30.29811846       45.53298079        0.63014745        0.27986990        2.22000000        1.48635485
    30.35289775       45.59620821        0.63209077        0.27883112        2.22000000        1.48428268
    30.40759718       45.65943562        0.63403386        0.27778992        2.22000000        1.48221216
    30.46221679       45.72266303        0.63597672        0.27674627        2.22000000        1.48014328
    30.51675661       45.78589044        0.63791935        0.27570016        2.22000000        1.47807605
    30.57121668       45.84911785        0.63986173        0.27465160        2.22000000        1.47601046
    30.62559703       45.91234527        0.64180385        0.27360057        2.22000000        1.47394651
    30.67989768       45.97557268        0.64374571        0.27254706        2.22000000        1.47188419
    30.73411865       46.03880009        0.64568730        0.27149105        2.22000000        1.46982350
    30.78825996       46.10202750        0.64762861        0.27043255        2.22000000        1.46776443
    30.84232164       46.16525491        0.64956963        0.26937155        2.22000000        1.46570700
    30.89630370       46.22848233        0.65151035        0.26830802        2.22000000        1.46365118
    30.95020614       46.29170974        0.65345077        0.26724197        2.22000000        1.46159698
    31.00402898       46.35493715        0.65539088        0.26617338        2.22000000        1.45954440
    31.05777224       46.41816456        0.65733066        0.26510225        2.22000000        1.45749344
    31.11143590       46.48139197        0.65927010        0.26402856        2.22000000        1.45544408
    31.16501997       46.54461939        0.66120921        0.26295231        2.22000000        1.45339634
    31.21852446       46.60784680        0.66314797        0.26187348        2.22000000        1.45135019
    31.27194936       46.67107421        0.66508638        0.26079208        2.22000000        1.44930566
    31.32529466       46.73430162        0.66702441        0.25970807        2.22000000        1.44726272
    31.37856036       46.79752903        0.66896208        0.25862147        2.22000000        1.44522138
    31.43174644       46.86075645        0.67089936        0.25753225        2.22000000        1.44318163
    31.48485289       46.92398386        0.67283624        0.25644041        2.22000000        1.44114348
    31.53787970       46.98721127        0.67477273        0.25534594        2.22000000        1.43910692
    31.59082685       47.05043868        0.67670881        0.25424883        2.22000000        1.43707195
    31.64369431       47.11366609        0.67864447        0.25314907        2.22000000        1.43503856
    31.69648207       47.17689350        0.68057971        0.25204664        2.22000000        1.43300676
    31.74919010       47.24012092        0.68251451        0.25094154        2.22000000        1.43097654
    31.80181836       47.30334833        0.68444887        0.24983377        2.22000000        1.42894789
    31.85436684       47.36657574        0.68638277        0.24872330        2.22000000        1.42692083
    31.90683549       47.42980315        0.68831622        0.24761013        2.22000000        1.42489534
    31.95922428       47.49303056        0.69024919        0.24649425        2.22000000        1.42287142
    32.01153317       47.55625798        0.69218169        0.24537565        2.22000000        1.42084907
    32.06376213       47.61948539        0.69411369        0.24425432        2.22000000        1.41882829
    32.11591111       47.68271280        0.69604521        0.24313025        2.22000000        1.41680908
    32.16798006       47.74594021        0.69797622        0.24200342        2.22000000        1.41479143
    32.21996894       47.80916762        0.69990671        0.24087384        2.22000000        1.41277534
    32.27187770       47.87239504        0.70183669        0.23974148        2.22000000        1.41076081
    32.32370627       47.93562245        0.70376613        0.23860634        2.22000000        1.40874785
    32.37545463       47.99884986        0.70569503        0.23746841        2.22000000        1.40673643
    32.42712269       48.06207727        0.70762339        0.23632768        2.22000000        1.40472658
    32.47871041       48.12530468        0.70955118        0.23518413        2.22000000        1.40271827
    32.53021773       48.18853210        0.71147842        0.23403776        2.22000000        1.40071152
    32.58164456       48.25175951        0.71340507        0.23288856        2.22000000        1.39870632
    32.63299087       48.31498692        0.71533115        0.23173651        2.22000000        1.39670266
    32.68425656       48.37821433        0.71725663        0.23058161        2.22000000        1.39470055
    32.73544158       48.44144174        0.71918151        0.22942384        2.22000000        1.39269999
    32.78654585       48.50466916        0.72110578        0.22826320        2.22000000        1.39070097
    32.83756930       48.56789657        0.72302943        0.22709967        2.22000000        1.38870349
    32.88851183       48.63112398        0.72495246        0.22593325        2.22000000        1.38670754
    32.93937338       48.69435139        0.72687485        0.22476391        2.22000000        1.38471314
    32.99015387       48.75757880        0.72879659        0.22359166        2.22000000        1.38272027
    33.04085320       48.82080622        0.73071768        0.22241648        2.22000000        1.38072894
    33.09147130       48.88403363        0.73263811        0.22123836        2.22000000        1.37873914
    33.14200806       48.94726104        0.73455786        0.22005729        2.22000000        1.37675088
    33.19246341       49.01048845        0.73647694        0.21887326        2.22000000        1.37476414
    33.24283724       49.07371586        0.73839533        0.21768625        2.22000000        1.37277894
    33.29312946       49.13694328        0.74031301        0.21649626        2.22000000        1.37079526
    33.34333997       49.20017069        0.74222999        0.21530328        2.22000000        1.36881311
    33.39346866       49.26339810        0.74414626        0.21410729        2.22000000        1.36683248
    33.44351545       49.32662551        0.74606180        0.21290828        2.22000000        1.36485338
    33.49348022       49.38985292        0.74797660        0.21170625        2.22000000        1.36287580
    33.54336286       49.45308033        0.74989067        0.21050118        2.22000000        1.36089974
    33.59316326       49.51630775        0.75180398        0.20929305        2.22000000        1.35892520
    33.64288131       49.57953516        0.75371653        0.20808187        2.22000000        1.35695218
    33.69251690       49.64276257        0.75562832        0.20686761        2.22000000        1.35498069
    33.74206990       49.70598998        0.75753932        0.20565027        2.22000000        1.35301070
    33.79154022       49.76921739        0.75944954        0.20442983        2.22000000        1.35104224
    33.84092770       49.83244481        0.76135896        0.20320629        2.22000000        1.34907528
    33.89023224       49.89567222        0.76326758        0.20197962        2.22000000        1.34710985
    33.93945372       49.95889963        0.76517538        0.20074983        2.22000000        1.34514592
    33.98859199       50.02212704        0.76708236        0.19951690        2.22000000        1.34318351
    34.03764693       50.08535445        0.76898851        0.19828081        2.22000000        1.34122261
    34.08661841       50.14858187        0.77089382        0.19704156        2.22000000        1.33926322
    34.13550629       50.21180928        0.77279829        0.19579913        2.22000000        1.33730534
    34.18431044       50.27503669        0.77470189        0.19455351        2.22000000        1.33534896
    34.23303072       50.33826410        0.77660462        0.19330469        2.22000000        1.33339409
    34.28166698       50.40149151        0.77850648        0.19205267        2.22000000        1.33144074
    34.33021908       50.46471893        0.78040746        0.19079741        2.22000000        1.32948888
    34.37868687       50.52794634        0.78230754        0.18953892        2.22000000        1.32753853
    34.42707021       50.59117375        0.78420671        0.18827719        2.22000000        1.32558969
    34.47536894       50.65440116        0.78610498        0.18701219        2.22000000        1.32364235
    34.52358291       50.71762857        0.78800233        0.18574393        2.22000000        1.32169651
    34.57171197       50.78085599        0.78989874        0.18447237        2.22000000        1.31975217
    34.61975596       50.84408340        0.79179422        0.18319753        2.22000000        1.31780934
    34.66771471       50.90731081        0.79368875        0.18191937        2.22000000        1.31586801
    34.71558807       50.97053822        0.79558232        0.18063790        2.22000000        1.31392817
    34.76337587       51.03376563        0.79747493        0.17935309        2.22000000        1.31198984
    34.81107794       51.09699305        0.79936657        0.17806493        2.22000000        1.31005301
    34.85869412       51.16022046        0.80125722        0.17677342        2.22000000        1.30811767
    34.90622423       51.22344787        0.80314688        0.17547854        2.22000000        1.30618384
    34.95366810       51.28667528        0.80503553        0.17418028        2.22000000        1.30425150
    35.00102555       51.34990269        0.80692318        0.17287862        2.22000000        1.30232065
    35.04829641       51.41313011        0.80880981        0.17157355        2.22000000        1.30039131
    35.09548049       51.47635752        0.81069541        0.17026506        2.22000000        1.29846346
    35.14257761       51.53958493        0.81257998        0.16895314        2.22000000        1.29653711
    35.18958759       51.60281234        0.81446350        0.16763778        2.22000000        1.29461225
    35.23651023       51.66603975        0.81634596        0.16631895        2.22000000        1.29268889
    35.28334535       51.72926716        0.81822736        0.16499666        2.22000000        1.29076702
    35.33009276       51.79249458        0.82010769        0.16367088        2.22000000        1.28884665
    35.37675225       51.85572199        0.82198694        0.16234160        2.22000000        1.28692777
    35.42332364       51.91894940        0.82386509        0.16100882        2.22000000        1.28501039
    35.46980672       51.98217681        0.82574215        0.15967251        2.22000000        1.28309450
    35.51620129       52.04540422        0.82761810        0.15833266        2.22000000        1.28118010
    35.56250715       52.10863164        0.82949293        0.15698926        2.22000000        1.27926720
    35.60872409       52.17185905        0.83136663        0.15564230        2.22000000        1.27735579
    35.65485190       52.23508646        0.83323920        0.15429177        2.22000000        1.27544587
    35.70089037       52.29831387        0.83511063        0.15293765        2.22000000        1.27353744
    35.74683929       52.36154128        0.83698090        0.15157992        2.22000000        1.27163051
    35.79269844       52.42476870        0.83885001        0.15021858        2.22000000        1.26972507
    35.83846760       52.48799611        0.84071795        0.14885360        2.22000000        1.26782113
    35.88414655       52.55122352        0.84258471        0.14748499        2.22000000        1.26591867
    35.92973507       52.61445093        0.84445028        0.14611271        2.22000000        1.26401771
    35.97523293       52.67767834        0.84631465        0.14473677        2.22000000        1.26211824
    36.02063990       52.74090576        0.84817782        0.14335714        2.22000000        1.26022027
    36.06595576       52.80413317        0.85003977        0.14197382        2.22000000        1.25832379
    36.11118027       52.86736058        0.85190050        0.14058678        2.22000000        1.25642880
    36.15631319       52.93058799        0.85375999        0.13919602        2.22000000        1.25453530
    36.20135429       52.99381540        0.85561824        0.13780152        2.22000000        1.25264329
    36.24630332       53.05704282        0.85747524        0.13640327        2.22000000        1.25075278
    36.29116004       53.12027023        0.85933098        0.13500125        2.22000000        1.24886376
    36.33592422       53.18349764        0.86118545        0.13359544        2.22000000        1.24697624
    36.38059559       53.24672505        0.86303864        0.13218584        2.22000000        1.24509021
    36.42517391       53.30995246        0.86489054        0.13077243        2.22000000        1.24320567
    36.46965893       53.37317988        0.86674115        0.12935520        2.22000000        1.24132263
    36.51405039       53.43640729        0.86859045        0.12793413        2.22000000        1.23944108
    36.55834803       53.49963470        0.87043844        0.12650921        2.22000000        1.23756102
    36.60255159       53.56286211        0.87228511        0.12508042        2.22000000        1.23568246
    36.64666082       53.62608952        0.87413044        0.12364774        2.22000000        1.23380540
    36.69067543       53.68931694        0.87597444        0.12221118        2.22000000        1.23192983
    36.73459517       53.75254435        0.87781708        0.12077070        2.22000000        1.23005575
    36.77841977       53.81577176        0.87965837        0.11932629        2.22000000        1.22818318
    36.82214895       53.87899917        0.88149829        0.11787795        2.22000000        1.22631210
    36.86578243       53.94222658        0.88333683        0.11642565        2.22000000        1.22444251
    36.90931994       54.00545399        0.88517399        0.11496938        2.22000000        1.22257443
    36.95276119       54.06868141        0.88700975        0.11350912        2.22000000        1.22070784
    36.99610591       54.13190882        0.88884411        0.11204487        2.22000000        1.21884275
    37.03935381       54.19513623        0.89067706        0.11057660        2.22000000        1.21697916
    37.08250458       54.25836364        0.89250858        0.10910430        2.22000000        1.21511706
    37.12555796       54.32159105        0.89433868        0.10762796        2.22000000        1.21325647
    37.16851363       54.38481847        0.89616734        0.10614756        2.22000000        1.21139738
    37.21137131       54.44804588        0.89799455        0.10466308        2.22000000        1.20953979
    37.25413069       54.51127329        0.89982030        0.10317451        2.22000000        1.20768370
    37.29679147       54.57450070        0.90164459        0.10168184        2.22000000        1.20582912
    37.33935335       54.63772811        0.90346741        0.10018504        2.22000000        1.20397603
    37.38181602       54.70095553        0.90528874        0.09868411        2.22000000        1.20212445
    37.42417916       54.76418294        0.90710858        0.09717902        2.22000000        1.20027438
    37.46644247       54.82741035        0.90892692        0.09566977        2.22000000        1.19842581
    37.50860562       54.89063776        0.91074375        0.09415633        2.22000000        1.19657874
    37.55066830       54.95386517        0.91255906        0.09263870        2.22000000        1.19473319
    37.59263020       55.01709259        0.91437284        0.09111685        2.22000000        1.19288914
    37.63449097       55.08032000        0.91618509        0.08959076        2.22000000        1.19104659
    37.67625030       55.14354741        0.91799579        0.08806043        2.22000000        1.18920556
    37.71790785       55.20677482        0.91980494        0.08652584        2.22000000        1.18736604
    37.75946330       55.27000223        0.92161252        0.08498697        2.22000000        1.18552802
    37.80091630       55.33322965        0.92341853        0.08344380        2.22000000        1.18369152
    37.84226652       55.39645706        0.92522296        0.08189632        2.22000000        1.18185653
    37.88351361       55.45968447        0.92702581        0.08034451        2.22000000        1.18002306
    37.92465724       55.52291188        0.92882705        0.07878836        2.22000000        1.17819109
    37.96569705       55.58613929        0.93062669        0.07722785        2.22000000        1.17636065
    38.00663269       55.64936671        0.93242471        0.07566297        2.22000000        1.17453172
    38.04746381       55.71259412        0.93422110        0.07409368        2.22000000        1.17270430
    38.08819006       55.77582153        0.93601586        0.07251999        2.22000000        1.17087841
    38.12881107       55.83904894        0.93780898        0.07094188        2.22000000        1.16905403
    38.16932648       55.90227635        0.93960045        0.06935932        2.22000000        1.16723117
    38.20973593       55.96550377        0.94139026        0.06777229        2.22000000        1.16540984
    38.25003904       56.02873118        0.94317840        0.06618080        2.22000000        1.16359003
    38.29023546       56.09195859        0.94496486        0.06458481        2.22000000        1.16177174
    38.33032480       56.15518600        0.94674963        0.06298430        2.22000000        1.15995497
    38.37030668       56.21841341        0.94853271        0.06137927        2.22000000        1.15813974
    38.41018073       56.28164082        0.95031408        0.05976970        2.22000000        1.15632602
    38.44994655       56.34486824        0.95209374        0.05815556        2.22000000        1.15451384
    38.48960378       56.40809565        0.95387168        0.05653685        2.22000000        1.15270319
    38.52915201       56.47132306        0.95564789        0.05491354        2.22000000        1.15089406
    38.56859084       56.53455047        0.95742235        0.05328561        2.22000000        1.14908647
    38.60791990       56.59777788        0.95919507        0.05165305        2.22000000        1.14728041
    38.64713877       56.66100530        0.96096604        0.05001585        2.22000000        1.14547589
    38.68624705       56.72423271        0.96273523        0.04837398        2.22000000        1.14367290
    38.72524434       56.78746012        0.96450265        0.04672742        2.22000000        1.14187145
    38.76413023       56.85068753        0.96626829        0.04507616        2.22000000        1.14007154
    38.80290430       56.91391494        0.96803214        0.04342019        2.22000000        1.13827317
    38.84156615       56.97714236        0.96979418        0.04175947        2.22000000        1.13647634
    38.88011535       57.04036977        0.97155442        0.04009400        2.22000000        1.13468105
    38.91855147       57.10359718        0.97331283        0.03842376        2.22000000        1.13288731
    38.95687410       57.16682459        0.97506942        0.03674873        2.22000000        1.13109511
    38.99508280       57.23005200        0.97682418        0.03506889        2.22000000        1.12930446
    39.03317715       57.29327942        0.97857708        0.03338422        2.22000000        1.12751536
    39.07115670       57.35650683        0.98032814        0.03169470        2.22000000        1.12572781
    39.10902102       57.41973424        0.98207733        0.03000033        2.22000000        1.12394181
    39.14676966       57.48296165        0.98382465        0.02830107        2.22000000        1.12215736
    39.18440219       57.54618906        0.98557009        0.02659691        2.22000000        1.12037447
    39.22191814       57.60941648        0.98731364        0.02488783        2.22000000        1.11859314
    39.25931707       57.67264389        0.98905530        0.02317381        2.22000000        1.11681336
    39.29659852       57.73587130        0.99079505        0.02145484        2.22000000        1.11503515
    39.33376202       57.79909871        0.99253288        0.01973089        2.22000000        1.11325850
    39.37080713       57.86232612        0.99426879        0.01800195        2.22000000        1.11148341
    39.40773336       57.92555354        0.99600277        0.01626799        2.22000000        1.10970988
    39.44454025       57.98878095        0.99773481        0.01452901        2.22000000        1.10793792
    39.48122733       58.05200836        0.99946490        0.01278497        2.22000000        1.10616753
    39.51779411       58.11523577        1.00119303        0.01103587        2.22000000        1.10439872
    39.55424011       58.17846318        1.00291919        0.00928167        2.22000000        1.10263147
    39.59056485       58.24169060        1.00464338        0.00752237        2.22000000        1.10086580
    39.62676784       58.30491801        1.00636558        0.00575795        2.22000000        1.09910170
    39.66284859       58.36814542        1.00808579        0.00398837        2.22000000        1.09733918
    39.69880660       58.43137283        1.00980400        0.00221363        2.22000000        1.09557825
    39.73464136       58.49460024        1.01152020        0.00043371        2.22000000        1.09381889
    39.77035239       58.55782765        1.01323437       -0.00135142        2.22000000        1.09206112
    39.80593915       58.62105507        1.01494653       -0.00314177        2.22000000        1.09030493
    39.84140116       58.68428248        1.01665664       -0.00493737        2.22000000        1.08855033
    39.87673788       58.74750989        1.01836471       -0.00673823        2.22000000        1.08679732
    39.91194880       58.81073730        1.02007072       -0.00854437        2.22000000        1.08504591
    39.94703340       58.87396471        1.02177468       -0.01035581        2.22000000        1.08329609
    39.98199114       58.93719213        1.02347656       -0.01217258        2.22000000        1.08154786
    40.01682150       59.00041954        1.02517636       -0.01399469        2.22000000        1.07980123
    40.05152394       59.06364695        1.02687408       -0.01582216        2.22000000        1.07805620
    40.08609793       59.12687436        1.02856969       -0.01765502        2.22000000        1.07631278
    40.12054290       59.19010177        1.03026320       -0.01949328        2.22000000        1.07457096
    40.15485833       59.25332919        1.03195460       -0.02133696        2.22000000        1.07283074
    40.18904366       59.31655660        1.03364388       -0.02318609        2.22000000        1.07109214
    40.22309832       59.37978401        1.03533102       -0.02504068        2.22000000        1.06935515
    40.25702177       59.44301142        1.03701602       -0.02690075        2.22000000        1.06761977
    40.29081343       59.50623883        1.03869888       -0.02876633        2.22000000        1.06588600
    40.32447274       59.56946625        1.04037957       -0.03063743        2.22000000        1.06415386
    40.35799913       59.63269366        1.04205810       -0.03251408        2.22000000        1.06242334
    40.39139201       59.69592107        1.04373446       -0.03439630        2.22000000        1.06069444
    40.42465081       59.75914848        1.04540863       -0.03628410        2.22000000        1.05896716
    40.45777493       59.82237589        1.04708062       -0.03817752        2.22000000        1.05724151
    40.49076380       59.88560331        1.04875040       -0.04007656        2.22000000        1.05551750
    40.52361681       59.94883072        1.05041797       -0.04198125        2.22000000        1.05379512
    40.55633337       60.01205813        1.05208333       -0.04389161        2.22000000        1.05207437
    40.58891287       60.07528554        1.05374646       -0.04580767        2.22000000        1.05035526
    40.62135470       60.13851295        1.05540735       -0.04772943        2.22000000        1.04863779
    40.65365825       60.20174037        1.05706601       -0.04965693        2.22000000        1.04692196
    40.68582291       60.26496778        1.05872241       -0.05159019        2.22000000        1.04520778
    40.71784805       60.32819519        1.06037655       -0.05352923        2.22000000        1.04349525
    40.74973305       60.39142260        1.06202842       -0.05547406        2.22000000        1.04178437
    40.78147727       60.45465001        1.06367801       -0.05742471        2.22000000        1.04007514
    40.81308008       60.51787743        1.06532532       -0.05938121        2.22000000        1.03836757
    40.84454084       60.58110484        1.06697034       -0.06134356        2.22000000        1.03666166
    40.87585891       60.64433225        1.06861305       -0.06331180        2.22000000        1.03495742
    40.90703362       60.70755966        1.07025345       -0.06528595        2.22000000        1.03325483
    40.93806434       60.77078707        1.07189153       -0.06726602        2.22000000        1.03155392
    40.96895040       60.83401448        1.07352728       -0.06925205        2.22000000        1.02985467
    40.99969113       60.89724190        1.07516069       -0.07124404        2.22000000        1.02815710
    41.03028587       60.96046931        1.07679176       -0.07324203        2.22000000        1.02646120
    41.06073393       61.02369672        1.07842048       -0.07524604        2.22000000        1.02476698
    41.09103466       61.08692413        1.08004683       -0.07725608        2.22000000        1.02307445
    41.12118734       61.15015154        1.08167081       -0.07927218        2.22000000        1.02138360
    41.15119131       61.21337896        1.08329242       -0.08129436        2.22000000        1.01969444
    41.18104587       61.27660637        1.08491163       -0.08332265        2.22000000        1.01800697
    41.21075030       61.33983378        1.08652845       -0.08535706        2.22000000        1.01632119
    41.24030392       61.40306119        1.08814286       -0.08739762        2.22000000        1.01463711
    41.26970601       61.46628860        1.08975486       -0.08944435        2.22000000        1.01295473
    41.29895585       61.52951602        1.09136444       -0.09149727        2.22000000        1.01127406
    41.32805272       61.59274343        1.09297159       -0.09355641        2.22000000        1.00959509
    41.35699591       61.65597084        1.09457630       -0.09562179        2.22000000        1.00791783
    41.38578467       61.71919825        1.09617856       -0.09769342        2.22000000        1.00624229
    41.41441827       61.78242566        1.09777836       -0.09977134        2.22000000        1.00456846
    41.44289598       61.84565308        1.09937571       -0.10185556        2.22000000        1.00289635
    41.47121703       61.90888049        1.10097058       -0.10394612        2.22000000        1.00122596
    41.49938068       61.97210790        1.10256296       -0.10604302        2.22000000        0.99955730
    41.52738618       62.03533531        1.10415286       -0.10814630        2.22000000        0.99789037
    41.55523275       62.09856272        1.10574026       -0.11025597        2.22000000        0.99622518
    41.58291963       62.16179014        1.10732516       -0.11237206        2.22000000        0.99456172
    41.61044604       62.22501755        1.10890753       -0.11449460        2.22000000        0.99290000
    41.63781121       62.28824496        1.11048739       -0.11662360        2.22000000        0.99124002
    41.66501433       62.35147237        1.11206471       -0.11875908        2.22000000        0.98958179
    41.69205463       62.41469978        1.11363950       -0.12090108        2.22000000        0.98792531
    41.71893130       62.47792720        1.11521173       -0.12304961        2.22000000        0.98627058
    41.74564355       62.54115461        1.11678141       -0.12520470        2.22000000        0.98461762
    41.77219055       62.60438202        1.11834852       -0.12736637        2.22000000        0.98296641
    41.79857150       62.66760943        1.11991306       -0.12953465        2.22000000        0.98131697
    41.82478557       62.73083684        1.12147502       -0.13170955        2.22000000        0.97966930
    41.85083193       62.79406426        1.12303438       -0.13389109        2.22000000        0.97802339
    41.87670975       62.85729167        1.12459115       -0.13607932        2.22000000        0.97637927
    41.90241819       62.92051908        1.12614531       -0.13827424        2.22000000        0.97473693
    41.92795641       62.98374649        1.12769685       -0.14047587        2.22000000        0.97309636
    41.95332355       63.04697390        1.12924577       -0.14268426        2.22000000        0.97145759
    41.97851874       63.11020131        1.13079206       -0.14489940        2.22000000        0.96982061
    42.00354113       63.17342873        1.13233571       -0.14712134        2.22000000        0.96818542
    42.02838985       63.23665614        1.13387670       -0.14935009        2.22000000        0.96655204
    42.05306401       63.29988355        1.13541504       -0.15158568        2.22000000        0.96492045
    42.07756274       63.36311096        1.13695071       -0.15382812        2.22000000        0.96329067
    42.10188514       63.42633837        1.13848371       -0.15607745        2.22000000        0.96166271
    42.12603031       63.48956579        1.14001402       -0.15833369        2.22000000        0.96003656
    42.14999735       63.55279320        1.14154165       -0.16059686        2.22000000        0.95841223
    42.17378535       63.61602061        1.14306657       -0.16286698        2.22000000        0.95678972
    42.19739339       63.67924802        1.14458878       -0.16514408        2.22000000        0.95516904
    42.22082055       63.74247543        1.14610828       -0.16742817        2.22000000        0.95355019
    42.24406590       63.80570285        1.14762506       -0.16971930        2.22000000        0.95193318
    42.26712849       63.86893026        1.14913910       -0.17201747        2.22000000        0.95031801
    42.29000739       63.93215767        1.15065040       -0.17432271        2.22000000        0.94870469
    42.31270164       63.99538508        1.15215894       -0.17663505        2.22000000        0.94709321
    42.33521029       64.05861249        1.15366474       -0.17895451        2.22000000        0.94548358
    42.35753236       64.12183991        1.15516776       -0.18128111        2.22000000        0.94387582
    42.37966689       64.18506732        1.15666801       -0.18361487        2.22000000        0.94226991
    42.40161289       64.24829473        1.15816547       -0.18595582        2.22000000        0.94066588
    42.42336939       64.31152214        1.15966015       -0.18830399        2.22000000        0.93906371
    42.44493537       64.37474955        1.16115202       -0.19065939        2.22000000        0.93746342
    42.46630985       64.43797697        1.16264108       -0.19302205        2.22000000        0.93586501
    42.48749181       64.50120438        1.16412733       -0.19539200        2.22000000        0.93426848
    42.50848024       64.56443179        1.16561075       -0.19776925        2.22000000        0.93267385
    42.52927411       64.62765920        1.16709134       -0.20015383        2.22000000        0.93108111
    42.54987239       64.69088661        1.16856909       -0.20254577        2.22000000        0.92949026
    42.57027404       64.75411403        1.17004399       -0.20494508        2.22000000        0.92790132
    42.59047802       64.81734144        1.17151603       -0.20735179        2.22000000        0.92631429
    42.61048327       64.88056885        1.17298520       -0.20976593        2.22000000        0.92472918
    42.63028873       64.94379626        1.17445149       -0.21218751        2.22000000        0.92314598
    42.64989332       65.00702367        1.17591490       -0.21461656        2.22000000        0.92156470
    42.66929597       65.07025109        1.17737542       -0.21705311        2.22000000        0.91998535
    42.68849560       65.13347850        1.17883304       -0.21949717        2.22000000        0.91840793
    42.70749111       65.19670591        1.18028775       -0.22194878        2.22000000        0.91683245
    42.72628140       65.25993332        1.18173955       -0.22440794        2.22000000        0.91525892
    42.74486535       65.32316073        1.18318842       -0.22687470        2.22000000        0.91368733
    42.76324185       65.38638814        1.18463435       -0.22934906        2.22000000        0.91211770
    42.78140978       65.44961556        1.18607734       -0.23183105        2.22000000        0.91055002
    42.79936800       65.51284297        1.18751738       -0.23432070        2.22000000        0.90898431
    42.81711535       65.57607038        1.18895447       -0.23681803        2.22000000        0.90742056
    42.83465071       65.63929779        1.19038858       -0.23932305        2.22000000        0.90585879
    42.85197289       65.70252520        1.19181972       -0.24183580        2.22000000        0.90429900
    42.86908074       65.76575262        1.19324787       -0.24435630        2.22000000        0.90274119
    42.88597308       65.82898003        1.19467304       -0.24688456        2.22000000        0.90118537
    42.90264872       65.89220744        1.19609520       -0.24942061        2.22000000        0.89963155
    42.91910646       65.95543485        1.19751435       -0.25196448        2.22000000        0.89807972
    42.93534510       66.01866226        1.19893048       -0.25451618        2.22000000        0.89652991
    42.95136344       66.08188968        1.20034359       -0.25707575        2.22000000        0.89498210
    42.96716024       66.14511709        1.20175367       -0.25964319        2.22000000        0.89343632
    42.98273428       66.20834450        1.20316070       -0.26221853        2.22000000        0.89189255
    42.99808432       66.27157191        1.20456468       -0.26480179        2.22000000        0.89035081
    43.01320910       66.33479932        1.20596560       -0.26739300        2.22000000        0.88881111
    43.02810738       66.39802674        1.20736345       -0.26999218        2.22000000        0.88727345
    43.04277788       66.46125415        1.20875823       -0.27259935        2.22000000        0.88573783
    43.05721933       66.52448156        1.21014992       -0.27521453        2.22000000        0.88420427
    43.07143044       66.58770897        1.21153852       -0.27783774        2.22000000        0.88267276
    43.08540991       66.65093638        1.21292402       -0.28046900        2.22000000        0.88114331
    43.09915644       66.71416380        1.21430640       -0.28310833        2.22000000        0.87961593
    43.11266872       66.77739121        1.21568567       -0.28575576        2.22000000        0.87809063
    43.12594542       66.84061862        1.21706181       -0.28841131        2.22000000        0.87656741
    43.13898520       66.90384603        1.21843482       -0.29107499        2.22000000        0.87504628
    43.15178673       66.96707344        1.21980468       -0.29374683        2.22000000        0.87352724
    43.16434864       67.03030086        1.22117139       -0.29642684        2.22000000        0.87201030
    43.17666957       67.09352827        1.22253494       -0.29911506        2.22000000        0.87049546
    43.18874815       67.15675568        1.22389532       -0.30181149        2.22000000        0.86898274
    43.20058300       67.21998309        1.22525252       -0.30451615        2.22000000        0.86747213
    43.21217271       67.28321050        1.22660654       -0.30722907        2.22000000        0.86596365
    43.22351589       67.34643792        1.22795736       -0.30995027        2.22000000        0.86445730
    43.23461112       67.40966533        1.22930498       -0.31267976        2.22000000        0.86295308
    43.24545697       67.47289274        1.23064939       -0.31541757        2.22000000        0.86145101
    43.25605200       67.53612015        1.23199058       -0.31816371        2.22000000        0.85995109
    43.26639477       67.59934756        1.23332853       -0.32091820        2.22000000        0.85845333
    43.27648383       67.66257497        1.23466326       -0.32368107        2.22000000        0.85695773
    43.28631769       67.72580239        1.23599473       -0.32645231        2.22000000        0.85546429
    43.29589488       67.78902980        1.23732295       -0.32923197        2.22000000        0.85397304
    43.30521392       67.85225721        1.23864791       -0.33202005        2.22000000        0.85248396
    43.31427330       67.91548462        1.23996960       -0.33481657        2.22000000        0.85099708
    43.32307150       67.97871203        1.24128801       -0.33762155        2.22000000        0.84951239
    43.33160700       68.04193945        1.24260313       -0.34043500        2.22000000        0.84802991
    43.33987827       68.10516686        1.24391495       -0.34325695        2.22000000        0.84654964
    43.34788377       68.16839427        1.24522347       -0.34608740        2.22000000        0.84507158
    43.35562192       68.23162168        1.24652867       -0.34892638        2.22000000        0.84359575
    43.36309116       68.29484909        1.24783055       -0.35177390        2.22000000        0.84212215
    43.37028992       68.35807651        1.24912910       -0.35462998        2.22000000        0.84065079
    43.37721660       68.42130392        1.25042431       -0.35749463        2.22000000        0.83918167
    43.38386959       68.48453133        1.25171617       -0.36036786        2.22000000        0.83771480
    43.39024727       68.54775874        1.25300467       -0.36324969        2.22000000        0.83625020
    43.39634802       68.61098615        1.25428980       -0.36614014        2.22000000        0.83478786
    43.40217020       68.67421357        1.25557156       -0.36903922        2.22000000        0.83332780
    43.40771216       68.73744098        1.25684994       -0.37194694        2.22000000        0.83187001
    43.41297222       68.80066839        1.25812493       -0.37486331        2.22000000        0.83041452
    43.41794871       68.86389580        1.25939651       -0.37778835        2.22000000        0.82896132
    43.42263995       68.92712321        1.26066468       -0.38072208        2.22000000        0.82751043
    43.42704423       68.99035063        1.26192944       -0.38366450        2.22000000        0.82606185
    43.43115983       69.05357804        1.26319077       -0.38661562        2.22000000        0.82461559
    43.43498502       69.11680545        1.26444866       -0.38957546        2.22000000        0.82317165
    43.43851807       69.18003286        1.26570311       -0.39254402        2.22000000        0.82173005
    43.44175722       69.24326027        1.26695410       -0.39552133        2.22000000        0.82029079
    43.44470071       69.30648769        1.26820163       -0.39850738        2.22000000        0.81885388
    43.44734676       69.36971510        1.26944569       -0.40150218        2.22000000        0.81741933
    43.44969357       69.43294251        1.27068627       -0.40450576        2.22000000        0.81598714
    43.45173934       69.49616992        1.27192336       -0.40751811        2.22000000        0.81455733
    43.45348224       69.55939733        1.27315695       -0.41053924        2.22000000        0.81312990
    43.45492045       69.62262475        1.27438703       -0.41356916        2.22000000        0.81170485
    43.45605213       69.68585216        1.27561360       -0.41660788        2.22000000        0.81028221
    43.45687540       69.74907957        1.27683664       -0.41965541        2.22000000        0.80886197
    43.45738840       69.81230698        1.27805615       -0.42271174        2.22000000        0.80744415
    43.45758924       69.87553439        1.27927211       -0.42577689        2.22000000        0.80602875
