#  Theta paroi en deg Angle Choc en deg       Kp           Inverse Mach       Mach amont       Mach aval
     0.00000000       12.55585780        0.00000000        0.78260870        4.60000000
     1.20986490       12.55818112        0.00234176        0.78129405        4.60000000        4.59965491
     1.46515431       12.56143186        0.00321646        0.78081153        4.60000000        4.59917225
     1.73737995       12.56746486        0.00425770        0.78024298        4.60000000        4.59827702
     2.03059719       12.57813494        0.00549519        0.77957529        4.60000000        4.59669538
     2.33450875       12.59529695        0.00689671        0.77882931        4.60000000        4.59415594
     2.64342747       12.62080571        0.00843889        0.77802058        4.60000000        4.59039165
     2.95577520       12.65651606        0.01011371        0.77715614        4.60000000        4.58514218
     3.27208937       12.70428284        0.01192439        0.77623714        4.60000000        4.57815682
     3.59385961       12.76596089        0.01388179        0.77526110        4.60000000        4.56919757
     3.92297179       12.84340503        0.01600226        0.77422319        4.60000000        4.55804228
     4.20270057       12.92084917        0.01789762        0.77331173        4.60000000        4.54698881
     4.45040249       12.99829331        0.01964688        0.77248348        4.60000000        4.53603410
     4.67544117       13.07573746        0.02129362        0.77171461        4.60000000        4.52517519
     4.88349164       13.15318160        0.02286468        0.77099042        4.60000000        4.51440923
     5.07827462       13.23062574        0.02437788        0.77030116        4.60000000        4.50373350
     5.26237219       13.30806988        0.02584568        0.76963998        4.60000000        4.49314535
     5.43765531       13.38551403        0.02727720        0.76900188        4.60000000        4.48264226
     5.60552651       13.46295817        0.02867930        0.76838307        4.60000000        4.47222177
     5.76706628       13.54040231        0.03005728        0.76778061        4.60000000        4.46188155
     5.92312618       13.61784645        0.03141533        0.76719218        4.60000000        4.45161931
     6.07439008       13.69529059        0.03275683        0.76661588        4.60000000        4.44143288
     6.22141624       13.77273474        0.03408453        0.76605019        4.60000000        4.43132015
     6.36466665       13.85017888        0.03540072        0.76549380        4.60000000        4.42127909
     6.50452839       13.92762302        0.03670731        0.76494564        4.60000000        4.41130774
     6.64132927       14.00506716        0.03800590        0.76440479        4.60000000        4.40140421
     6.77534946       14.08251131        0.03929787        0.76387046        4.60000000        4.39156669
     6.90683050       14.15995545        0.04058441        0.76334196        4.60000000        4.38179341
     7.03598223       14.23739959        0.04186655        0.76281870        4.60000000        4.37208267
     7.16298811       14.31484373        0.04314516        0.76230015        4.60000000        4.36243285
     7.28800967       14.39228787        0.04442105        0.76178585        4.60000000        4.35284235
     7.41118983       14.46973202        0.04569489        0.76127540        4.60000000        4.34330966
     7.53265574       14.54717616        0.04696729        0.76076842        4.60000000        4.33383330
     7.65252107       14.62462030        0.04823880        0.76026458        4.60000000        4.32441184
     7.77088790       14.70206444        0.04950990        0.75976360        4.60000000        4.31504391
     7.88784824       14.77950859        0.05078102        0.75926519        4.60000000        4.30572818
     8.00348536       14.85695273        0.05205256        0.75876912        4.60000000        4.29646337
     8.11787486       14.93439687        0.05332486        0.75827516        4.60000000        4.28724823
     8.23108566       15.01184101        0.05459824        0.75778312        4.60000000        4.27808157
     8.34318072       15.08928515        0.05587298        0.75729281        4.60000000        4.26896223
     8.45421779       15.16672930        0.05714935        0.75680405        4.60000000        4.25988908
     8.56424987       15.24417344        0.05842759        0.75631669        4.60000000        4.25086105
     8.67332589       15.32161758        0.05970791        0.75583058        4.60000000        4.24187708
     8.78149096       15.39906172        0.06099051        0.75534560        4.60000000        4.23293615
     8.88878689       15.47650587        0.06227557        0.75486161        4.60000000        4.22403730
     8.99525245       15.55395001        0.06356326        0.75437850        4.60000000        4.21517956
     9.10092369       15.63139415        0.06485373        0.75389615        4.60000000        4.20636203
     9.20583417       15.70883829        0.06614712        0.75341448        4.60000000        4.19758381
     9.31001525       15.78628243        0.06744356        0.75293338        4.60000000        4.18884404
     9.41349619       15.86372658        0.06874317        0.75245277        4.60000000        4.18014189
     9.51630441       15.94117072        0.07004607        0.75197256        4.60000000        4.17147655
     9.61846563       16.01861486        0.07135235        0.75149268        4.60000000        4.16284724
     9.72000401       16.09605900        0.07266211        0.75101305        4.60000000        4.15425322
     9.82094226       16.17350314        0.07397543        0.75053360        4.60000000        4.14569374
     9.92130177       16.25094729        0.07529241        0.75005426        4.60000000        4.13716810
    10.02110273       16.32839143        0.07661310        0.74957499        4.60000000        4.12867561
    10.12036420       16.40583557        0.07793759        0.74909571        4.60000000        4.12021561
    10.21910418       16.48327971        0.07926594        0.74861637        4.60000000        4.11178745
    10.31733975       16.56072386        0.08059821        0.74813692        4.60000000        4.10339051
    10.41508705       16.63816800        0.08193445        0.74765731        4.60000000        4.09502419
    10.51236144       16.71561214        0.08327472        0.74717749        4.60000000        4.08668790
    10.60917746       16.79305628        0.08461907        0.74669742        4.60000000        4.07838108
    10.70554896       16.87050042        0.08596754        0.74621706        4.60000000        4.07010316
    10.80148912       16.94794457        0.08732017        0.74573636        4.60000000        4.06185363
    10.89701048       17.02538871        0.08867700        0.74525528        4.60000000        4.05363197
    10.99212499       17.10283285        0.09003808        0.74477379        4.60000000        4.04543767
    11.08684407       17.18027699        0.09140342        0.74429186        4.60000000        4.03727025
    11.18117861       17.25772114        0.09277308        0.74380944        4.60000000        4.02912923
    11.27513901       17.33516528        0.09414706        0.74332651        4.60000000        4.02101417
    11.36873526       17.41260942        0.09552541        0.74284303        4.60000000        4.01292462
    11.46197687       17.49005356        0.09690814        0.74235898        4.60000000        4.00486015
    11.55487297       17.56749770        0.09829529        0.74187432        4.60000000        3.99682035
    11.64743231       17.64494185        0.09968687        0.74138903        4.60000000        3.98880481
    11.73966327       17.72238599        0.10108289        0.74090309        4.60000000        3.98081314
    11.83157392       17.79983013        0.10248339        0.74041647        4.60000000        3.97284496
    11.92317199       17.87727427        0.10388838        0.73992914        4.60000000        3.96489991
    12.01446492       17.95471842        0.10529788        0.73944108        4.60000000        3.95697762
    12.10545985       18.03216256        0.10671189        0.73895226        4.60000000        3.94907776
    12.19616366       18.10960670        0.10813043        0.73846268        4.60000000        3.94119998
    12.28658296       18.18705084        0.10955352        0.73797230        4.60000000        3.93334395
    12.37672413       18.26449498        0.11098117        0.73748110        4.60000000        3.92550937
    12.46659332       18.34193913        0.11241338        0.73698907        4.60000000        3.91769593
    12.55619646       18.41938327        0.11385016        0.73649619        4.60000000        3.90990332
    12.64553925       18.49682741        0.11529153        0.73600244        4.60000000        3.90213126
    12.73462722       18.57427155        0.11673749        0.73550780        4.60000000        3.89437948
    12.82346568       18.65171570        0.11818805        0.73501225        4.60000000        3.88664768
    12.91205979       18.72915984        0.11964322        0.73451579        4.60000000        3.87893562
    13.00041451       18.80660398        0.12110299        0.73401839        4.60000000        3.87124303
    13.08853467       18.88404812        0.12256738        0.73352003        4.60000000        3.86356967
    13.17642489       18.96149226        0.12403638        0.73302071        4.60000000        3.85591530
    13.26408970       19.03893641        0.12551001        0.73252041        4.60000000        3.84827967
    13.35153345       19.11638055        0.12698826        0.73201911        4.60000000        3.84066257
    13.43876035       19.19382469        0.12847114        0.73151681        4.60000000        3.83306377
    13.52577450       19.27126883        0.12995864        0.73101348        4.60000000        3.82548305
    13.61257984       19.34871298        0.13145077        0.73050912        4.60000000        3.81792022
    13.69918024       19.42615712        0.13294753        0.73000371        4.60000000        3.81037506
    13.78557942       19.50360126        0.13444892        0.72949725        4.60000000        3.80284737
    13.87178100       19.58104540        0.13595494        0.72898972        4.60000000        3.79533698
    13.95778847       19.65848954        0.13746558        0.72848110        4.60000000        3.78784369
    14.04360525       19.73593369        0.13898085        0.72797140        4.60000000        3.78036732
    14.12923464       19.81337783        0.14050075        0.72746059        4.60000000        3.77290770
    14.21467987       19.89082197        0.14202527        0.72694867        4.60000000        3.76546465
    14.29994406       19.96826611        0.14355440        0.72643563        4.60000000        3.75803802
    14.38503024       20.04571026        0.14508816        0.72592145        4.60000000        3.75062764
    14.46994136       20.12315440        0.14662653        0.72540614        4.60000000        3.74323336
    14.55468030       20.20059854        0.14816951        0.72488967        4.60000000        3.73585502
    14.63924986       20.27804268        0.14971710        0.72437204        4.60000000        3.72849248
    14.72365275       20.35548682        0.15126929        0.72385324        4.60000000        3.72114560
    14.80789161       20.43293097        0.15282608        0.72333327        4.60000000        3.71381423
    14.89196904       20.51037511        0.15438746        0.72281211        4.60000000        3.70649824
    14.97588753       20.58781925        0.15595343        0.72228975        4.60000000        3.69919751
    15.05964953       20.66526339        0.15752399        0.72176619        4.60000000        3.69191189
    15.14325743       20.74270753        0.15909912        0.72124142        4.60000000        3.68464127
    15.22671355       20.82015168        0.16067883        0.72071544        4.60000000        3.67738554
    15.31002015       20.89759582        0.16226311        0.72018823        4.60000000        3.67014456
    15.39317944       20.97503996        0.16385194        0.71965978        4.60000000        3.66291823
    15.47619357       21.05248410        0.16544533        0.71913010        4.60000000        3.65570644
    15.55906464       21.12992825        0.16704327        0.71859917        4.60000000        3.64850908
    15.64179471       21.20737239        0.16864575        0.71806698        4.60000000        3.64132604
    15.72438577       21.28481653        0.17025277        0.71753354        4.60000000        3.63415722
    15.80683977       21.36226067        0.17186431        0.71699883        4.60000000        3.62700253
    15.88915863       21.43970481        0.17348038        0.71646284        4.60000000        3.61986186
    15.97134419       21.51714896        0.17510096        0.71592558        4.60000000        3.61273513
    16.05339828       21.59459310        0.17672604        0.71538703        4.60000000        3.60562224
    16.13532268       21.67203724        0.17835562        0.71484718        4.60000000        3.59852311
    16.21711911       21.74948138        0.17998969        0.71430604        4.60000000        3.59143764
    16.29878928       21.82692553        0.18162824        0.71376359        4.60000000        3.58436576
    16.38033484       21.90436967        0.18327126        0.71321984        4.60000000        3.57730738
    16.46175741       21.98181381        0.18491875        0.71267477        4.60000000        3.57026243
    16.54305857       22.05925795        0.18657070        0.71212837        4.60000000        3.56323082
    16.62423988       22.13670209        0.18822710        0.71158066        4.60000000        3.55621248
    16.70530284       22.21414624        0.18988793        0.71103160        4.60000000        3.54920734
    16.78624894       22.29159038        0.19155319        0.71048121        4.60000000        3.54221532
    16.86707962       22.36903452        0.19322288        0.70992948        4.60000000        3.53523637
    16.94779631       22.44647866        0.19489698        0.70937640        4.60000000        3.52827040
    17.02840039       22.52392281        0.19657548        0.70882197        4.60000000        3.52131735
    17.10889322       22.60136695        0.19825837        0.70826618        4.60000000        3.51437716
    17.18927613       22.67881109        0.19994565        0.70770903        4.60000000        3.50744977
    17.26955041       22.75625523        0.20163730        0.70715050        4.60000000        3.50053512
    17.34971735       22.83369937        0.20333331        0.70659061        4.60000000        3.49363314
    17.42977820       22.91114352        0.20503368        0.70602934        4.60000000        3.48674378
    17.50973416       22.98858766        0.20673840        0.70546668        4.60000000        3.47986698
    17.58958645       23.06603180        0.20844745        0.70490264        4.60000000        3.47300269
    17.66933623       23.14347594        0.21016082        0.70433721        4.60000000        3.46615085
    17.74898465       23.22092009        0.21187851        0.70377038        4.60000000        3.45931141
    17.82853284       23.29836423        0.21360050        0.70320215        4.60000000        3.45248432
    17.90798190       23.37580837        0.21532679        0.70263252        4.60000000        3.44566953
    17.98733291       23.45325251        0.21705736        0.70206148        4.60000000        3.43886700
    18.06658693       23.53069665        0.21879220        0.70148902        4.60000000        3.43207667
    18.14574501       23.60814080        0.22053130        0.70091514        4.60000000        3.42529849
    18.22480815       23.68558494        0.22227466        0.70033985        4.60000000        3.41853243
    18.30377736       23.76302908        0.22402225        0.69976312        4.60000000        3.41177844
    18.38265362       23.84047322        0.22577407        0.69918497        4.60000000        3.40503648
    18.46143789       23.91791737        0.22753012        0.69860538        4.60000000        3.39830650
    18.54013110       23.99536151        0.22929036        0.69802435        4.60000000        3.39158846
    18.61873418       24.07280565        0.23105481        0.69744187        4.60000000        3.38488232
    18.69724804       24.15024979        0.23282344        0.69685795        4.60000000        3.37818805
    18.77567358       24.22769393        0.23459624        0.69627258        4.60000000        3.37150560
    18.85401165       24.30513808        0.23637321        0.69568576        4.60000000        3.36483494
    18.93226312       24.38258222        0.23815432        0.69509747        4.60000000        3.35817603
    19.01042883       24.46002636        0.23993957        0.69450772        4.60000000        3.35152883
    19.08850959       24.53747050        0.24172896        0.69391650        4.60000000        3.34489331
    19.16650624       24.61491464        0.24352245        0.69332382        4.60000000        3.33826944
    19.24441953       24.69235879        0.24532006        0.69272965        4.60000000        3.33165718
    19.32225028       24.76980293        0.24712175        0.69213401        4.60000000        3.32505650
    19.39999924       24.84724707        0.24892752        0.69153689        4.60000000        3.31846736
    19.47766715       24.92469121        0.25073737        0.69093827        4.60000000        3.31188974
    19.55525476       25.00213536        0.25255127        0.69033817        4.60000000        3.30532360
    19.63276280       25.07957950        0.25436921        0.68973657        4.60000000        3.29876892
    19.71019197       25.15702364        0.25619119        0.68913348        4.60000000        3.29222566
    19.78754297       25.23446778        0.25801719        0.68852888        4.60000000        3.28569379
    19.86481649       25.31191192        0.25984719        0.68792278        4.60000000        3.27917328
    19.94201320       25.38935607        0.26168119        0.68731516        4.60000000        3.27266412
    20.01913377       25.46680021        0.26351918        0.68670603        4.60000000        3.26616626
    20.09617883       25.54424435        0.26536113        0.68609539        4.60000000        3.25967968
    20.17314905       25.62168849        0.26720705        0.68548322        4.60000000        3.25320436
    20.25004502       25.69913264        0.26905691        0.68486953        4.60000000        3.24674026
    20.32686739       25.77657678        0.27091071        0.68425431        4.60000000        3.24028737
    20.40361675       25.85402092        0.27276842        0.68363756        4.60000000        3.23384566
    20.48029369       25.93146506        0.27463005        0.68301928        4.60000000        3.22741509
    20.55689880       26.00890920        0.27649557        0.68239945        4.60000000        3.22099566
    20.63343266       26.08635335        0.27836497        0.68177808        4.60000000        3.21458733
    20.70989583       26.16379749        0.28023825        0.68115516        4.60000000        3.20819007
    20.78628886       26.24124163        0.28211538        0.68053069        4.60000000        3.20180388
    20.86261230       26.31868577        0.28399636        0.67990467        4.60000000        3.19542871
    20.93886669       26.39612992        0.28588117        0.67927708        4.60000000        3.18906456
    21.01505255       26.47357406        0.28776980        0.67864794        4.60000000        3.18271139
    21.09117039       26.55101820        0.28966223        0.67801723        4.60000000        3.17636919
    21.16722074       26.62846234        0.29155846        0.67738495        4.60000000        3.17003793
    21.24320408       26.70590648        0.29345847        0.67675109        4.60000000        3.16371759
    21.31912090       26.78335063        0.29536224        0.67611566        4.60000000        3.15740815
    21.39497170       26.86079477        0.29726977        0.67547865        4.60000000        3.15110959
    21.47075695       26.93823891        0.29918103        0.67484005        4.60000000        3.14482188
    21.54647711       27.01568305        0.30109603        0.67419986        4.60000000        3.13854502
    21.62213264       27.09312720        0.30301474        0.67355809        4.60000000        3.13227897
    21.69772400       27.17057134        0.30493714        0.67291471        4.60000000        3.12602371
    21.77325162       27.24801548        0.30686324        0.67226974        4.60000000        3.11977924
    21.84871594       27.32545962        0.30879301        0.67162316        4.60000000        3.11354551
    21.92411740       27.40290376        0.31072644        0.67097497        4.60000000        3.10732253
    21.99945640       27.48034791        0.31266351        0.67032517        4.60000000        3.10111026
    22.07473338       27.55779205        0.31460422        0.66967376        4.60000000        3.09490869
    22.14994873       27.63523619        0.31654855        0.66902072        4.60000000        3.08871780
    22.22510285       27.71268033        0.31849648        0.66836607        4.60000000        3.08253757
    22.30019614       27.79012448        0.32044800        0.66770978        4.60000000        3.07636799
    22.37522899       27.86756862        0.32240311        0.66705187        4.60000000        3.07020902
    22.45020177       27.94501276        0.32436177        0.66639232        4.60000000        3.06406066
    22.52511487       28.02245690        0.32632399        0.66573113        4.60000000        3.05792288
    22.59996864       28.09990104        0.32828975        0.66506830        4.60000000        3.05179567
    22.67476345       28.17734519        0.33025903        0.66440383        4.60000000        3.04567902
    22.74949966       28.25478933        0.33223181        0.66373770        4.60000000        3.03957289
    22.82417761       28.33223347        0.33420810        0.66306992        4.60000000        3.03347728
    22.89879766       28.40967761        0.33618786        0.66240048        4.60000000        3.02739216
    22.97336013       28.48712175        0.33817109        0.66172937        4.60000000        3.02131752
    23.04786536       28.56456590        0.34015778        0.66105660        4.60000000        3.01525334
    23.12231368       28.64201004        0.34214790        0.66038216        4.60000000        3.00919961
    23.19670541       28.71945418        0.34414145        0.65970605        4.60000000        3.00315630
    23.27104086       28.79689832        0.34613841        0.65902825        4.60000000        2.99712340
    23.34532034       28.87434247        0.34813877        0.65834878        4.60000000        2.99110089
    23.41954417       28.95178661        0.35014251        0.65766761        4.60000000        2.98508875
    23.49371264       29.02923075        0.35214962        0.65698476        4.60000000        2.97908697
    23.56782603       29.10667489        0.35416008        0.65630021        4.60000000        2.97309553
    23.64188466       29.18411903        0.35617388        0.65561396        4.60000000        2.96711442
    23.71588879       29.26156318        0.35819101        0.65492600        4.60000000        2.96114361
    23.78983872       29.33900732        0.36021145        0.65423634        4.60000000        2.95518309
    23.86373471       29.41645146        0.36223519        0.65354497        4.60000000        2.94923284
    23.93757704       29.49389560        0.36426221        0.65285187        4.60000000        2.94329284
    24.01136597       29.57133975        0.36629249        0.65215706        4.60000000        2.93736309
    24.08510177       29.64878389        0.36832603        0.65146053        4.60000000        2.93144356
    24.15878468       29.72622803        0.37036281        0.65076226        4.60000000        2.92553423
    24.23241497       29.80367217        0.37240281        0.65006226        4.60000000        2.91963509
    24.30599288       29.88111631        0.37444602        0.64936052        4.60000000        2.91374612
    24.37951866       29.95856046        0.37649243        0.64865704        4.60000000        2.90786731
    24.45299254       30.03600460        0.37854202        0.64795181        4.60000000        2.90199864
    24.52641477       30.11344874        0.38059477        0.64724483        4.60000000        2.89614008
    24.59978557       30.19089288        0.38265068        0.64653610        4.60000000        2.89029164
    24.67310517       30.26833703        0.38470972        0.64582560        4.60000000        2.88445328
    24.74637379       30.34578117        0.38677188        0.64511334        4.60000000        2.87862500
    24.81959166       30.42322531        0.38883716        0.64439931        4.60000000        2.87280677
    24.89275897       30.50066945        0.39090552        0.64368350        4.60000000        2.86699858
    24.96587597       30.57811359        0.39297696        0.64296592        4.60000000        2.86120042
    25.03894283       30.65555774        0.39505146        0.64224655        4.60000000        2.85541226
    25.11195978       30.73300188        0.39712901        0.64152539        4.60000000        2.84963409
    25.18492701       30.81044602        0.39920959        0.64080245        4.60000000        2.84386590
    25.25784472       30.88789016        0.40129319        0.64007770        4.60000000        2.83810766
    25.33071310       30.96533431        0.40337979        0.63935115        4.60000000        2.83235936
    25.40353233       31.04277845        0.40546939        0.63862280        4.60000000        2.82662099
    25.47630262       31.12022259        0.40756195        0.63789263        4.60000000        2.82089252
    25.54902413       31.19766673        0.40965747        0.63716064        4.60000000        2.81517395
    25.62169705       31.27511087        0.41175593        0.63642684        4.60000000        2.80946525
    25.69432156       31.35255502        0.41385732        0.63569120        4.60000000        2.80376641
    25.76689781       31.42999916        0.41596163        0.63495374        4.60000000        2.79807741
    25.83942600       31.50744330        0.41806883        0.63421444        4.60000000        2.79239823
    25.91190627       31.58488744        0.42017891        0.63347330        4.60000000        2.78672887
    25.98433880       31.66233159        0.42229186        0.63273031        4.60000000        2.78106929
    26.05672374       31.73977573        0.42440766        0.63198547        4.60000000        2.77541949
    26.12906125       31.81721987        0.42652630        0.63123877        4.60000000        2.76977945
    26.20135149       31.89466401        0.42864775        0.63049022        4.60000000        2.76414916
    26.27359459       31.97210815        0.43077202        0.62973979        4.60000000        2.75852858
    26.34579071       32.04955230        0.43289907        0.62898749        4.60000000        2.75291772
    26.41794000       32.12699644        0.43502890        0.62823332        4.60000000        2.74731655
    26.49004259       32.20444058        0.43716149        0.62747726        4.60000000        2.74172505
    26.56209862       32.28188472        0.43929682        0.62671932        4.60000000        2.73614322
    26.63410823       32.35932887        0.44143489        0.62595948        4.60000000        2.73057102
    26.70607155       32.43677301        0.44357566        0.62519774        4.60000000        2.72500845
    26.77798871       32.51421715        0.44571914        0.62443410        4.60000000        2.71945549
    26.84985984       32.59166129        0.44786529        0.62366856        4.60000000        2.71391212
    26.92168505       32.66910543        0.45001412        0.62290109        4.60000000        2.70837833
    26.99346448       32.74654958        0.45216559        0.62213171        4.60000000        2.70285409
    27.06519824       32.82399372        0.45431970        0.62136040        4.60000000        2.69733940
    27.13688645       32.90143786        0.45647643        0.62058716        4.60000000        2.69183423
    27.20852921       32.97888200        0.45863577        0.61981198        4.60000000        2.68633857
    27.28012665       33.05632614        0.46079769        0.61903486        4.60000000        2.68085239
    27.35167886       33.13377029        0.46296219        0.61825579        4.60000000        2.67537570
    27.42318595       33.21121443        0.46512925        0.61747477        4.60000000        2.66990846
    27.49464804       33.28865857        0.46729885        0.61669179        4.60000000        2.66445065
    27.56606521       33.36610271        0.46947097        0.61590684        4.60000000        2.65900228
    27.63743757       33.44354686        0.47164561        0.61511992        4.60000000        2.65356330
    27.70876520       33.52099100        0.47382274        0.61433103        4.60000000        2.64813372
    27.78004822       33.59843514        0.47600235        0.61354015        4.60000000        2.64271350
    27.85128669       33.67587928        0.47818442        0.61274728        4.60000000        2.63730265
    27.92248072       33.75332342        0.48036894        0.61195242        4.60000000        2.63190113
    27.99363038       33.83076757        0.48255589        0.61115556        4.60000000        2.62650892
    28.06473577       33.90821171        0.48474526        0.61035669        4.60000000        2.62112603
    28.13579696       33.98565585        0.48693703        0.60955580        4.60000000        2.61575241
    28.20681403       34.06309999        0.48913118        0.60875290        4.60000000        2.61038807
    28.27778706       34.14054414        0.49132770        0.60794798        4.60000000        2.60503298
    28.34871612       34.21798828        0.49352658        0.60714102        4.60000000        2.59968712
    28.41960129       34.29543242        0.49572778        0.60633202        4.60000000        2.59435047
    28.49044263       34.37287656        0.49793131        0.60552098        4.60000000        2.58902303
    28.56124021       34.45032070        0.50013715        0.60470789        4.60000000        2.58370477
    28.63199410       34.52776485        0.50234527        0.60389275        4.60000000        2.57839567
    28.70270437       34.60520899        0.50455567        0.60307554        4.60000000        2.57309572
    28.77337106       34.68265313        0.50676832        0.60225626        4.60000000        2.56780490
    28.84399424       34.76009727        0.50898321        0.60143491        4.60000000        2.56252319
    28.91457397       34.83754142        0.51120032        0.60061147        4.60000000        2.55725058
    28.98511030       34.91498556        0.51341965        0.59978594        4.60000000        2.55198705
    29.05560329       34.99242970        0.51564116        0.59895832        4.60000000        2.54673257
    29.12605298       35.06987384        0.51786485        0.59812860        4.60000000        2.54148714
    29.19645943       35.14731798        0.52009070        0.59729676        4.60000000        2.53625073
    29.26682268       35.22476213        0.52231870        0.59646281        4.60000000        2.53102332
    29.33714277       35.30220627        0.52454882        0.59562674        4.60000000        2.52580491
    29.40741975       35.37965041        0.52678105        0.59478854        4.60000000        2.52059547
    29.47765366       35.45709455        0.52901538        0.59394820        4.60000000        2.51539498
    29.54784453       35.53453870        0.53125179        0.59310572        4.60000000        2.51020343
    29.61799240       35.61198284        0.53349026        0.59226109        4.60000000        2.50502080
    29.68809732       35.68942698        0.53573077        0.59141430        4.60000000        2.49984707
    29.75815930       35.76687112        0.53797332        0.59056535        4.60000000        2.49468222
    29.82817838       35.84431526        0.54021788        0.58971422        4.60000000        2.48952624
    29.89815460       35.92175941        0.54246443        0.58886092        4.60000000        2.48437911
    29.96808796       35.99920355        0.54471297        0.58800543        4.60000000        2.47924080
    30.03797851       36.07664769        0.54696347        0.58714775        4.60000000        2.47411131
    30.10782627       36.15409183        0.54921592        0.58628787        4.60000000        2.46899061
    30.17763125       36.23153598        0.55147030        0.58542578        4.60000000        2.46387869
    30.24739347       36.30898012        0.55372660        0.58456148        4.60000000        2.45877553
    30.31711296       36.38642426        0.55598479        0.58369495        4.60000000        2.45368111
    30.38678972       36.46386840        0.55824487        0.58282619        4.60000000        2.44859541
    30.45642378       36.54131254        0.56050682        0.58195520        4.60000000        2.44351842
    30.52601514       36.61875669        0.56277061        0.58108196        4.60000000        2.43845012
    30.59556382       36.69620083        0.56503624        0.58020646        4.60000000        2.43339048
    30.66506982       36.77364497        0.56730368        0.57932871        4.60000000        2.42833950
    30.73453314       36.85108911        0.56957292        0.57844869        4.60000000        2.42329715
    30.80395380       36.92853325        0.57184395        0.57756639        4.60000000        2.41826341
    30.87333180       37.00597740        0.57411675        0.57668181        4.60000000        2.41323827
    30.94266714       37.08342154        0.57639129        0.57579494        4.60000000        2.40822172
    31.01195982       37.16086568        0.57866757        0.57490577        4.60000000        2.40321372
    31.08120983       37.23830982        0.58094557        0.57401429        4.60000000        2.39821427
    31.15041718       37.31575397        0.58322527        0.57312049        4.60000000        2.39322334
    31.21958186       37.39319811        0.58550665        0.57222437        4.60000000        2.38824092
    31.28870385       37.47064225        0.58778970        0.57132592        4.60000000        2.38326699
    31.35778316       37.54808639        0.59007440        0.57042512        4.60000000        2.37830153
    31.42681976       37.62553053        0.59236073        0.56952198        4.60000000        2.37334453
    31.49581366       37.70297468        0.59464868        0.56861649        4.60000000        2.36839596
    31.56476483       37.78041882        0.59693824        0.56770862        4.60000000        2.36345581
    31.63367325       37.85786296        0.59922938        0.56679839        4.60000000        2.35852406
    31.70253892       37.93530710        0.60152208        0.56588577        4.60000000        2.35360069
    31.77136182       38.01275125        0.60381634        0.56497076        4.60000000        2.34868568
    31.84014190       38.09019539        0.60611213        0.56405335        4.60000000        2.34377902
    31.90887918       38.16763953        0.60840944        0.56313353        4.60000000        2.33888068
    31.97757360       38.24508367        0.61070825        0.56221130        4.60000000        2.33399066
    32.04622516       38.32252781        0.61300854        0.56128664        4.60000000        2.32910892
    32.11483382       38.39997196        0.61531030        0.56035955        4.60000000        2.32423546
    32.18339954       38.47741610        0.61761351        0.55943002        4.60000000        2.31937025
    32.25192232       38.55486024        0.61991816        0.55849803        4.60000000        2.31451328
    32.32040210       38.63230438        0.62222422        0.55756358        4.60000000        2.30966453
    32.38883886       38.70974853        0.62453168        0.55662666        4.60000000        2.30482398
    32.45723256       38.78719267        0.62684053        0.55568727        4.60000000        2.29999161
    32.52558317       38.86463681        0.62915074        0.55474538        4.60000000        2.29516740
    32.59389064       38.94208095        0.63146230        0.55380100        4.60000000        2.29035134
    32.66215494       39.01952509        0.63377519        0.55285411        4.60000000        2.28554341
    32.73037602       39.09696924        0.63608940        0.55190470        4.60000000        2.28074359
    32.79855384       39.17441338        0.63840491        0.55095277        4.60000000        2.27595186
    32.86668836       39.25185752        0.64072170        0.54999830        4.60000000        2.27116821
    32.93477953       39.32930166        0.64303976        0.54904129        4.60000000        2.26639261
    33.00282729       39.40674581        0.64535906        0.54808172        4.60000000        2.26162505
    33.07083161       39.48418995        0.64767960        0.54711959        4.60000000        2.25686550
    33.13879242       39.56163409        0.65000135        0.54615489        4.60000000        2.25211396
    33.20670968       39.63907823        0.65232429        0.54518761        4.60000000        2.24737041
    33.27458333       39.71652237        0.65464842        0.54421773        4.60000000        2.24263481
    33.34241332       39.79396652        0.65697371        0.54324524        4.60000000        2.23790717
    33.41019959       39.87141066        0.65930015        0.54227015        4.60000000        2.23318745
    33.47794207       39.94885480        0.66162772        0.54129243        4.60000000        2.22847565
    33.54564072       40.02629894        0.66395640        0.54031208        4.60000000        2.22377174
    33.61329546       40.10374309        0.66628617        0.53932908        4.60000000        2.21907570
    33.68090623       40.18118723        0.66861703        0.53834343        4.60000000        2.21438752
    33.74847296       40.25863137        0.67094895        0.53735512        4.60000000        2.20970718
    33.81599560       40.33607551        0.67328191        0.53636413        4.60000000        2.20503466
    33.88347406       40.41351965        0.67561589        0.53537046        4.60000000        2.20036995
    33.95090829       40.49096380        0.67795089        0.53437409        4.60000000        2.19571302
    34.01829820       40.56840794        0.68028689        0.53337501        4.60000000        2.19106385
    34.08564373       40.64585208        0.68262386        0.53237322        4.60000000        2.18642244
    34.15294480       40.72329622        0.68496178        0.53136871        4.60000000        2.18178875
    34.22020134       40.80074036        0.68730066        0.53036145        4.60000000        2.17716278
    34.28741325       40.87818451        0.68964045        0.52935145        4.60000000        2.17254451
    34.35458048       40.95562865        0.69198116        0.52833868        4.60000000        2.16793391
    34.42170293       41.03307279        0.69432275        0.52732315        4.60000000        2.16333097
    34.48878052       41.11051693        0.69666522        0.52630483        4.60000000        2.15873568
    34.55581317       41.18796108        0.69900855        0.52528372        4.60000000        2.15414801
    34.62280080       41.26540522        0.70135271        0.52425980        4.60000000        2.14956794
    34.68974330       41.34284936        0.70369770        0.52323307        4.60000000        2.14499546
    34.75664061       41.42029350        0.70604350        0.52220351        4.60000000        2.14043055
    34.82349261       41.49773764        0.70839008        0.52117112        4.60000000        2.13587320
    34.89029923       41.57518179        0.71073743        0.52013587        4.60000000        2.13132337
    34.95706038       41.65262593        0.71308554        0.51909776        4.60000000        2.12678107
    35.02377594       41.73007007        0.71543439        0.51805678        4.60000000        2.12224626
    35.09044583       41.80751421        0.71778395        0.51701292        4.60000000        2.11771894
    35.15706995       41.88495836        0.72013422        0.51596616        4.60000000        2.11319908
    35.22364820       41.96240250        0.72248517        0.51491648        4.60000000        2.10868666
    35.29018048       42.03984664        0.72483680        0.51386389        4.60000000        2.10418168
    35.35666668       42.11729078        0.72718907        0.51280837        4.60000000        2.09968410
    35.42310670       42.19473492        0.72954198        0.51174990        4.60000000        2.09519392
    35.48950043       42.27217907        0.73189550        0.51068847        4.60000000        2.09071111
    35.55584777       42.34962321        0.73424962        0.50962408        4.60000000        2.08623566
    35.62214860       42.42706735        0.73660433        0.50855670        4.60000000        2.08176755
    35.68840282       42.50451149        0.73895960        0.50748633        4.60000000        2.07730676
    35.75461031       42.58195564        0.74131542        0.50641295        4.60000000        2.07285327
    35.82077096       42.65939978        0.74367177        0.50533655        4.60000000        2.06840708
    35.88688464       42.73684392        0.74602863        0.50425712        4.60000000        2.06396815
    35.95295126       42.81428806        0.74838599        0.50317464        4.60000000        2.05953648
    36.01897067       42.89173220        0.75074383        0.50208911        4.60000000        2.05511204
    36.08494277       42.96917635        0.75310213        0.50100051        4.60000000        2.05069481
    36.15086743       43.04662049        0.75546087        0.49990882        4.60000000        2.04628479
    36.21674453       43.12406463        0.75782004        0.49881404        4.60000000        2.04188195
    36.28257394       43.20150877        0.76017962        0.49771614        4.60000000        2.03748628
    36.34835554       43.27895292        0.76253960        0.49661512        4.60000000        2.03309775
    36.41408919       43.35639706        0.76489995        0.49551097        4.60000000        2.02871635
    36.47977476       43.43384120        0.76726066        0.49440366        4.60000000        2.02434207
    36.54541212       43.51128534        0.76962171        0.49329319        4.60000000        2.01997488
    36.61100115       43.58872948        0.77198308        0.49217955        4.60000000        2.01561477
    36.67654170       43.66617363        0.77434476        0.49106271        4.60000000        2.01126173
    36.74203363       43.74361777        0.77670673        0.48994267        4.60000000        2.00691572
    36.80747681       43.82106191        0.77906897        0.48881941        4.60000000        2.00257675
    36.87287109       43.89850605        0.78143147        0.48769291        4.60000000        1.99824478
    36.93821634       43.97595020        0.78379420        0.48656317        4.60000000        1.99391981
    37.00351241       44.05339434        0.78615716        0.48543016        4.60000000        1.98960181
    37.06875915       44.13083848        0.78852031        0.48429389        4.60000000        1.98529077
    37.13395642       44.20828262        0.79088366        0.48315432        4.60000000        1.98098667
    37.19910407       44.28572676        0.79324717        0.48201144        4.60000000        1.97668950
    37.26420194       44.36317091        0.79561083        0.48086525        4.60000000        1.97239923
    37.32924988       44.44061505        0.79797463        0.47971572        4.60000000        1.96811586
    37.39424775       44.51805919        0.80033854        0.47856285        4.60000000        1.96383936
    37.45919538       44.59550333        0.80270255        0.47740661        4.60000000        1.95956972
    37.52409261       44.67294748        0.80506664        0.47624699        4.60000000        1.95530691
    37.58893929       44.75039162        0.80743080        0.47508398        4.60000000        1.95105093
    37.65373526       44.82783576        0.80979501        0.47391756        4.60000000        1.94680176
    37.71848035       44.90527990        0.81215924        0.47274771        4.60000000        1.94255937
    37.78317439       44.98272404        0.81452349        0.47157443        4.60000000        1.93832376
    37.84781723       45.06016819        0.81688774        0.47039769        4.60000000        1.93409490
    37.91240868       45.13761233        0.81925196        0.46921748        4.60000000        1.92987279
    37.97694859       45.21505647        0.82161614        0.46803378        4.60000000        1.92565740
    38.04143678       45.29250061        0.82398027        0.46684658        4.60000000        1.92144871
    38.10587308       45.36994475        0.82634432        0.46565587        4.60000000        1.91724671
    38.17025730       45.44738890        0.82870828        0.46446162        4.60000000        1.91305139
    38.23458928       45.52483304        0.83107213        0.46326381        4.60000000        1.90886272
    38.29886883       45.60227718        0.83343586        0.46206245        4.60000000        1.90468069
    38.36309578       45.67972132        0.83579945        0.46085750        4.60000000        1.90050529
    38.42726993       45.75716547        0.83816287        0.45964895        4.60000000        1.89633649
    38.49139111       45.83460961        0.84052612        0.45843678        4.60000000        1.89217429
    38.55545912       45.91205375        0.84288917        0.45722099        4.60000000        1.88801866
    38.61947379       45.98949789        0.84525201        0.45600154        4.60000000        1.88386958
    38.68343491       46.06694203        0.84761462        0.45477843        4.60000000        1.87972705
    38.74734230       46.14438618        0.84997699        0.45355163        4.60000000        1.87559105
    38.81119576       46.22183032        0.85233909        0.45232114        4.60000000        1.87146155
    38.87499509       46.29927446        0.85470091        0.45108692        4.60000000        1.86733855
    38.93874010       46.37671860        0.85706243        0.44984897        4.60000000        1.86322203
    39.00243059       46.45416275        0.85942363        0.44860727        4.60000000        1.85911197
    39.06606635       46.53160689        0.86178450        0.44736180        4.60000000        1.85500835
    39.12964719       46.60905103        0.86414502        0.44611254        4.60000000        1.85091116
    39.19317288       46.68649517        0.86650518        0.44485948        4.60000000        1.84682039
    39.25664323       46.76393931        0.86886494        0.44360259        4.60000000        1.84273601
    39.32005803       46.84138346        0.87122431        0.44234186        4.60000000        1.83865801
    39.38341706       46.91882760        0.87358326        0.44107727        4.60000000        1.83458638
    39.44672011       46.99627174        0.87594177        0.43980880        4.60000000        1.83052110
    39.50996696       47.07371588        0.87829982        0.43853644        4.60000000        1.82646215
    39.57315740       47.15116003        0.88065741        0.43726016        4.60000000        1.82240952
    39.63629120       47.22860417        0.88301450        0.43597995        4.60000000        1.81836319
    39.69936814       47.30604831        0.88537109        0.43469578        4.60000000        1.81432315
    39.76238800       47.38349245        0.88772716        0.43340765        4.60000000        1.81028938
    39.82535055       47.46093659        0.89008268        0.43211552        4.60000000        1.80626187
    39.88825556       47.53838074        0.89243765        0.43081938        4.60000000        1.80224060
    39.95110281       47.61582488        0.89479205        0.42951921        4.60000000        1.79822555
    40.01389205       47.69326902        0.89714585        0.42821500        4.60000000        1.79421671
    40.07662305       47.77071316        0.89949904        0.42690671        4.60000000        1.79021406
    40.13929558       47.84815731        0.90185161        0.42559434        4.60000000        1.78621759
    40.20190939       47.92560145        0.90420353        0.42427786        4.60000000        1.78222729
    40.26446425       48.00304559        0.90655479        0.42295725        4.60000000        1.77824313
    40.32695991       48.08048973        0.90890537        0.42163249        4.60000000        1.77426510
    40.38939612       48.15793387        0.91125526        0.42030357        4.60000000        1.77029319
    40.45177263       48.23537802        0.91360443        0.41897045        4.60000000        1.76632738
    40.51408920       48.31282216        0.91595288        0.41763313        4.60000000        1.76236766
    40.57634557       48.39026630        0.91830057        0.41629157        4.60000000        1.75841401
    40.63854148       48.46771044        0.92064751        0.41494576        4.60000000        1.75446642
    40.70067669       48.54515459        0.92299366        0.41359569        4.60000000        1.75052487
    40.76275092       48.62259873        0.92533901        0.41224131        4.60000000        1.74658934
    40.82476391       48.70004287        0.92768355        0.41088263        4.60000000        1.74265983
    40.88671541       48.77748701        0.93002725        0.40951960        4.60000000        1.73873631
    40.94860514       48.85493115        0.93237010        0.40815222        4.60000000        1.73481877
    41.01043284       48.93237530        0.93471209        0.40678046        4.60000000        1.73090720
    41.07219823       49.00981944        0.93705319        0.40540430        4.60000000        1.72700159
    41.13390104       49.08726358        0.93939339        0.40402372        4.60000000        1.72310191
    41.19554098       49.16470772        0.94173267        0.40263868        4.60000000        1.71920815
    41.25711779       49.24215186        0.94407101        0.40124919        4.60000000        1.71532030
    41.31863119       49.31959601        0.94640840        0.39985520        4.60000000        1.71143835
    41.38008088       49.39704015        0.94874482        0.39845669        4.60000000        1.70756227
    41.44146657       49.47448429        0.95108026        0.39705365        4.60000000        1.70369206
    41.50278799       49.55192843        0.95341468        0.39564605        4.60000000        1.69982770
    41.56404484       49.62937258        0.95574809        0.39423387        4.60000000        1.69596917
    41.62523683       49.70681672        0.95808046        0.39281708        4.60000000        1.69211646
    41.68636365       49.78426086        0.96041177        0.39139567        4.60000000        1.68826957
    41.74742501       49.86170500        0.96274201        0.38996960        4.60000000        1.68442846
    41.80842060       49.93914914        0.96507116        0.38853885        4.60000000        1.68059313
    41.86935013       50.01659329        0.96739920        0.38710341        4.60000000        1.67676357
    41.93021328       50.09403743        0.96972612        0.38566324        4.60000000        1.67293976
    41.99100974       50.17148157        0.97205189        0.38421831        4.60000000        1.66912168
    42.05173920       50.24892571        0.97437651        0.38276862        4.60000000        1.66530932
    42.11240135       50.32636986        0.97669995        0.38131413        4.60000000        1.66150268
    42.17299587       50.40381400        0.97902220        0.37985481        4.60000000        1.65770172
    42.23352243       50.48125814        0.98134324        0.37839065        4.60000000        1.65390645
    42.29398071       50.55870228        0.98366305        0.37692161        4.60000000        1.65011684
    42.35437039       50.63614642        0.98598162        0.37544767        4.60000000        1.64633289
    42.41469113       50.71359057        0.98829893        0.37396881        4.60000000        1.64255457
    42.47494260       50.79103471        0.99061496        0.37248500        4.60000000        1.63878188
    42.53512447       50.86847885        0.99292970        0.37099621        4.60000000        1.63501480
    42.59523640       50.94592299        0.99524312        0.36950242        4.60000000        1.63125331
    42.65527805       51.02336714        0.99755522        0.36800360        4.60000000        1.62749741
    42.71524907       51.10081128        0.99986597        0.36649973        4.60000000        1.62374709
    42.77514912       51.17825542        1.00217536        0.36499077        4.60000000        1.62000231
    42.83497784       51.25569956        1.00448336        0.36347671        4.60000000        1.61626309
    42.89473488       51.33314370        1.00678998        0.36195750        4.60000000        1.61252939
    42.95441990       51.41058785        1.00909517        0.36043314        4.60000000        1.60880121
    43.01403251       51.48803199        1.01139894        0.35890359        4.60000000        1.60507853
    43.07357238       51.56547613        1.01370126        0.35736881        4.60000000        1.60136134
    43.13303912       51.64292027        1.01600212        0.35582879        4.60000000        1.59764963
    43.19243237       51.72036442        1.01830150        0.35428350        4.60000000        1.59394338
    43.25175176       51.79780856        1.02059937        0.35273291        4.60000000        1.59024259
    43.31099692       51.87525270        1.02289574        0.35117698        4.60000000        1.58654723
    43.37016746       51.95269684        1.02519057        0.34961569        4.60000000        1.58285730
    43.42926300       52.03014098        1.02748385        0.34804902        4.60000000        1.57917278
    43.48828316       52.10758513        1.02977557        0.34647693        4.60000000        1.57549365
    43.54722754       52.18502927        1.03206571        0.34489939        4.60000000        1.57181992
    43.60609577       52.26247341        1.03435424        0.34331637        4.60000000        1.56815156
    43.66488744       52.33991755        1.03664116        0.34172785        4.60000000        1.56448855
    43.72360215       52.41736170        1.03892645        0.34013379        4.60000000        1.56083090
    43.78223951       52.49480584        1.04121009        0.33853416        4.60000000        1.55717858
    43.84079910       52.57224998        1.04349206        0.33692894        4.60000000        1.55353159
    43.89928052       52.64969412        1.04577235        0.33531809        4.60000000        1.54988990
    43.95768336       52.72713826        1.04805094        0.33370159        4.60000000        1.54625351
    44.01600719       52.80458241        1.05032782        0.33207939        4.60000000        1.54262241
    44.07425161       52.88202655        1.05260296        0.33045147        4.60000000        1.53899658
    44.13241618       52.95947069        1.05487635        0.32881780        4.60000000        1.53537601
    44.19050048       53.03691483        1.05714797        0.32717835        4.60000000        1.53176069
    44.24850408       53.11435898        1.05941781        0.32553308        4.60000000        1.52815061
    44.30642655       53.19180312        1.06168585        0.32388196        4.60000000        1.52454575
    44.36426744       53.26924726        1.06395208        0.32222496        4.60000000        1.52094610
    44.42202632       53.34669140        1.06621647        0.32056205        4.60000000        1.51735165
    44.47970273       53.42413554        1.06847901        0.31889319        4.60000000        1.51376239
    44.53729624       53.50157969        1.07073968        0.31721835        4.60000000        1.51017830
    44.59480638       53.57902383        1.07299847        0.31553750        4.60000000        1.50659938
    44.65223270       53.65646797        1.07525536        0.31385060        4.60000000        1.50302561
    44.70957473       53.73391211        1.07751033        0.31215762        4.60000000        1.49945699
    44.76683202       53.81135625        1.07976338        0.31045852        4.60000000        1.49589349
    44.82400409       53.88880040        1.08201447        0.30875328        4.60000000        1.49233510
    44.88109047       53.96624454        1.08426359        0.30704185        4.60000000        1.48878183
    44.93809068       54.04368868        1.08651073        0.30532420        4.60000000        1.48523364
    44.99500424       54.12113282        1.08875588        0.30360030        4.60000000        1.48169054
    45.05183066       54.19857697        1.09099900        0.30187010        4.60000000        1.47815251
    45.10856946       54.27602111        1.09324010        0.30013359        4.60000000        1.47461954
    45.16522013       54.35346525        1.09547914        0.29839071        4.60000000        1.47109162
    45.22178218       54.43090939        1.09771612        0.29664143        4.60000000        1.46756873
    45.27825511       54.50835353        1.09995102        0.29488571        4.60000000        1.46405087
    45.33463840       54.58579768        1.10218382        0.29312353        4.60000000        1.46053802
    45.39093156       54.66324182        1.10441451        0.29135483        4.60000000        1.45703018
    45.44713405       54.74068596        1.10664306        0.28957959        4.60000000        1.45352733
    45.50324536       54.81813010        1.10886947        0.28779777        4.60000000        1.45002946
    45.55926496       54.89557425        1.11109371        0.28600932        4.60000000        1.44653656
    45.61519233       54.97301839        1.11331578        0.28421422        4.60000000        1.44304862
    45.67102692       55.05046253        1.11553564        0.28241241        4.60000000        1.43956563
    45.72676820       55.12790667        1.11775329        0.28060387        4.60000000        1.43608758
    45.78241563       55.20535081        1.11996872        0.27878855        4.60000000        1.43261445
    45.83796865       55.28279496        1.12218190        0.27696641        4.60000000        1.42914624
    45.89342671       55.36023910        1.12439281        0.27513742        4.60000000        1.42568294
    45.94878925       55.43768324        1.12660145        0.27330153        4.60000000        1.42222453
    46.00405571       55.51512738        1.12880779        0.27145870        4.60000000        1.41877100
    46.05922551       55.59257153        1.13101182        0.26960890        4.60000000        1.41532236
    46.11429810       55.67001567        1.13321353        0.26775207        4.60000000        1.41187857
    46.16927287       55.74745981        1.13541289        0.26588819        4.60000000        1.40843964
    46.22414926       55.82490395        1.13760989        0.26401721        4.60000000        1.40500555
    46.27892667       55.90234809        1.13980451        0.26213908        4.60000000        1.40157629
    46.33360451       55.97979224        1.14199675        0.26025377        4.60000000        1.39815186
    46.38818217       56.05723638        1.14418657        0.25836122        4.60000000        1.39473224
    46.44265906       56.13468052        1.14637397        0.25646141        4.60000000        1.39131743
    46.49703456       56.21212466        1.14855894        0.25455428        4.60000000        1.38790741
    46.55130806       56.28956881        1.15074144        0.25263980        4.60000000        1.38450217
    46.60547893       56.36701295        1.15292147        0.25071791        4.60000000        1.38110170
    46.65954654       56.44445709        1.15509901        0.24878857        4.60000000        1.37770600
    46.71351027       56.52190123        1.15727405        0.24685174        4.60000000        1.37431505
    46.76736947       56.59934537        1.15944657        0.24490738        4.60000000        1.37092885
    46.82112351       56.67678952        1.16161655        0.24295544        4.60000000        1.36754738
    46.87477173       56.75423366        1.16378397        0.24099586        4.60000000        1.36417064
    46.92831347       56.83167780        1.16594883        0.23902862        4.60000000        1.36079861
    46.98174808       56.90912194        1.16811110        0.23705365        4.60000000        1.35743129
    47.03507488       56.98656609        1.17027077        0.23507092        4.60000000        1.35406867
    47.08829321       57.06401023        1.17242783        0.23308038        4.60000000        1.35071073
    47.14140238       57.14145437        1.17458225        0.23108197        4.60000000        1.34735747
    47.19440170       57.21889851        1.17673402        0.22907565        4.60000000        1.34400889
    47.24729049       57.29634265        1.17888313        0.22706138        4.60000000        1.34066496
    47.30006804       57.37378680        1.18102956        0.22503909        4.60000000        1.33732569
    47.35273366       57.45123094        1.18317329        0.22300876        4.60000000        1.33399106
    47.40528662       57.52867508        1.18531430        0.22097032        4.60000000        1.33066106
    47.45772621       57.60611922        1.18745259        0.21892372        4.60000000        1.32733569
    47.51005171       57.68356336        1.18958814        0.21686892        4.60000000        1.32401493
    47.56226239       57.76100751        1.19172093        0.21480586        4.60000000        1.32069878
    47.61435750       57.83845165        1.19385094        0.21273450        4.60000000        1.31738723
    47.66633631       57.91589579        1.19597815        0.21065478        4.60000000        1.31408027
    47.71819806       57.99333993        1.19810257        0.20856665        4.60000000        1.31077790
    47.76994200       58.07078408        1.20022415        0.20647005        4.60000000        1.30748010
    47.82156735       58.14822822        1.20234290        0.20436495        4.60000000        1.30418686
    47.87307335       58.22567236        1.20445880        0.20225127        4.60000000        1.30089818
    47.92445921       58.30311650        1.20657183        0.20012897        4.60000000        1.29761405
    47.97572416       58.38056064        1.20868197        0.19799800        4.60000000        1.29433446
    48.02686739       58.45800479        1.21078920        0.19585829        4.60000000        1.29105941
    48.07788811       58.53544893        1.21289353        0.19370981        4.60000000        1.28778887
    48.12878550       58.61289307        1.21499491        0.19155248        4.60000000        1.28452286
    48.17955875       58.69033721        1.21709336        0.18938625        4.60000000        1.28126136
    48.23020704       58.76778136        1.21918883        0.18721108        4.60000000        1.27800435
    48.28072953       58.84522550        1.22128133        0.18502689        4.60000000        1.27475184
    48.33112539       58.92266964        1.22337083        0.18283364        4.60000000        1.27150382
    48.38139376       59.00011378        1.22545733        0.18063127        4.60000000        1.26826028
    48.43153379       59.07755792        1.22754079        0.17841971        4.60000000        1.26502120
    48.48154463       59.15500207        1.22962122        0.17619892        4.60000000        1.26178659
    48.53142539       59.23244621        1.23169859        0.17396882        4.60000000        1.25855644
    48.58117520       59.30989035        1.23377289        0.17172937        4.60000000        1.25533074
    48.63079316       59.38733449        1.23584410        0.16948050        4.60000000        1.25210948
    48.68027839       59.46477864        1.23791220        0.16722215        4.60000000        1.24889265
    48.72962998       59.54222278        1.23997719        0.16495426        4.60000000        1.24568025
    48.77884701       59.61966692        1.24203904        0.16267677        4.60000000        1.24247227
    48.82792857       59.69711106        1.24409775        0.16038962        4.60000000        1.23926871
    48.87687371       59.77455520        1.24615329        0.15809274        4.60000000        1.23606956
    48.92568151       59.85199935        1.24820565        0.15578608        4.60000000        1.23287480
    48.97435101       59.92944349        1.25025482        0.15346956        4.60000000        1.22968444
    49.02288126       60.00688763        1.25230077        0.15114313        4.60000000        1.22649847
    49.07127128       60.08433177        1.25434351        0.14880671        4.60000000        1.22331688
    49.11952011       60.16177592        1.25638300        0.14646026        4.60000000        1.22013966
    49.16762675       60.23922006        1.25841923        0.14410369        4.60000000        1.21696681
    49.21559021       60.31666420        1.26045219        0.14173694        4.60000000        1.21379832
    49.26340948       60.39410834        1.26248187        0.13935995        4.60000000        1.21063419
    49.31108356       60.47155248        1.26450825        0.13697265        4.60000000        1.20747441
    49.35861141       60.54899663        1.26653131        0.13457497        4.60000000        1.20431897
    49.40599201       60.62644077        1.26855104        0.13216684        4.60000000        1.20116787
    49.45322430       60.70388491        1.27056742        0.12974820        4.60000000        1.19802110
    49.50030723       60.78132905        1.27258044        0.12731897        4.60000000        1.19487866
    49.54723974       60.85877320        1.27459008        0.12487909        4.60000000        1.19174054
    49.59402076       60.93621734        1.27659633        0.12242848        4.60000000        1.18860674
    49.64064919       61.01366148        1.27859918        0.11996707        4.60000000        1.18547724
    49.68712394       61.09110562        1.28059860        0.11749480        4.60000000        1.18235205
    49.73344390       61.16854976        1.28259459        0.11501158        4.60000000        1.17923116
    49.77960796       61.24599391        1.28458712        0.11251735        4.60000000        1.17611456
    49.82561498       61.32343805        1.28657619        0.11001203        4.60000000        1.17300224
    49.87146382       61.40088219        1.28856178        0.10749554        4.60000000        1.16989422
    49.91715334       61.47832633        1.29054387        0.10496782        4.60000000        1.16679047
    49.96268237       61.55577047        1.29252245        0.10242879        4.60000000        1.16369099
    50.00804973       61.63321462        1.29449750        0.09987837        4.60000000        1.16059578
    50.05325424       61.71065876        1.29646901        0.09731648        4.60000000        1.15750484
    50.09829470       61.78810290        1.29843697        0.09474305        4.60000000        1.15441816
    50.14316990       61.86554704        1.30040136        0.09215800        4.60000000        1.15133573
    50.18787861       61.94299119        1.30236216        0.08956125        4.60000000        1.14825755
    50.23241961       62.02043533        1.30431937        0.08695272        4.60000000        1.14518361
    50.27679164       62.09787947        1.30627295        0.08433233        4.60000000        1.14211392
    50.32099345       62.17532361        1.30822291        0.08170000        4.60000000        1.13904847
    50.36502376       62.25276775        1.31016923        0.07905564        4.60000000        1.13598724
    50.40888129       62.33021190        1.31211189        0.07639919        4.60000000        1.13293025
    50.45256474       62.40765604        1.31405087        0.07373055        4.60000000        1.12987749
    50.49607280       62.48510018        1.31598617        0.07104963        4.60000000        1.12682894
    50.53940414       62.56254432        1.31791776        0.06835636        4.60000000        1.12378462
    50.58255743       62.63998847        1.31984564        0.06565066        4.60000000        1.12074450
    50.62553131       62.71743261        1.32176979        0.06293243        4.60000000        1.11770860
    50.66832441       62.79487675        1.32369019        0.06020158        4.60000000        1.11467691
    50.71093537       62.87232089        1.32560683        0.05745804        4.60000000        1.11164942
    50.75336278       62.94976503        1.32751970        0.05470171        4.60000000        1.10862613
    50.79560523       63.02720918        1.32942877        0.05193251        4.60000000        1.10560704
    50.83766130       63.10465332        1.33133405        0.04915034        4.60000000        1.10259214
    50.87952956       63.18209746        1.33323550        0.04635512        4.60000000        1.09958144
    50.92120855       63.25954160        1.33513313        0.04354676        4.60000000        1.09657492
    50.96269681       63.33698575        1.33702690        0.04072515        4.60000000        1.09357259
    51.00399285       63.41442989        1.33891682        0.03789022        4.60000000        1.09057445
    51.04509517       63.49187403        1.34080286        0.03504186        4.60000000        1.08758049
    51.08600226       63.56931817        1.34268501        0.03217999        4.60000000        1.08459070
    51.12671259       63.64676231        1.34456326        0.02930450        4.60000000        1.08160509
    51.16722461       63.72420646        1.34643758        0.02641531        4.60000000        1.07862366
    51.20753677       63.80165060        1.34830798        0.02351231        4.60000000        1.07564640
    51.24764749       63.87909474        1.35017443        0.02059542        4.60000000        1.07267331
    51.28755515       63.95653888        1.35203692        0.01766452        4.60000000        1.06970438
    51.32725817       64.03398303        1.35389543        0.01471952        4.60000000        1.06673963
    51.36675491       64.11142717        1.35574996        0.01176033        4.60000000        1.06377904
    51.40604371       64.18887131        1.35760048        0.00878684        4.60000000        1.06082261
    51.44512293       64.26631545        1.35944698        0.00579894        4.60000000        1.05787035
    51.48399087       64.34375959        1.36128945        0.00279655        4.60000000        1.05492225
    51.52264584       64.42120374        1.36312788       -0.00022046        4.60000000        1.05197830
    51.56108612       64.49864788        1.36496225       -0.00325217        4.60000000        1.04903852
    51.59930996       64.57609202        1.36679254       -0.00629870        4.60000000        1.04610289
    51.63731563       64.65353616        1.36861875       -0.00936015        4.60000000        1.04317142
    51.67510135       64.73098031        1.37044085       -0.01243663        4.60000000        1.04024411
    51.71266531       64.80842445        1.37225884       -0.01552825        4.60000000        1.03732096
    51.75000572       64.88586859        1.37407270       -0.01863511        4.60000000        1.03440195
    51.78712073       64.96331273        1.37588242       -0.02175732        4.60000000        1.03148711
    51.82400850       65.04075687        1.37768798       -0.02489500        4.60000000        1.02857642
    51.86066716       65.11820102        1.37948937       -0.02804826        4.60000000        1.02566988
    51.89709480       65.19564516        1.38128657       -0.03121721        4.60000000        1.02276750
    51.93328953       65.27308930        1.38307958       -0.03440196        4.60000000        1.01986927
    51.96924940       65.35053344        1.38486837       -0.03760263        4.60000000        1.01697520
    52.00497246       65.42797759        1.38665294       -0.04081934        4.60000000        1.01408528
    52.04045674       65.50542173        1.38843326       -0.04405219        4.60000000        1.01119952
    52.07570024       65.58286587        1.39020934       -0.04730131        4.60000000        1.00831792
    52.11070093       65.66031001        1.39198114       -0.05056682        4.60000000        1.00544048
    52.14545677       65.73775415        1.39374867       -0.05384883        4.60000000        1.00256719
    52.17996570       65.81519830        1.39551189       -0.05714746        4.60000000        0.99969806
    52.21422563       65.89264244        1.39727081       -0.06046285        4.60000000        0.99683310
    52.24823444       65.97008658        1.39902541       -0.06379510        4.60000000        0.99397230
    52.28199001       66.04753072        1.40077567       -0.06714435        4.60000000        0.99111566
    52.31549017       66.12497486        1.40252159       -0.07051072        4.60000000        0.98826318
    52.34873274       66.20241901        1.40426313       -0.07389433        4.60000000        0.98541488
    52.38171551       66.27986315        1.40600031       -0.07729532        4.60000000        0.98257074
    52.41443626       66.35730729        1.40773309       -0.08071380        4.60000000        0.97973078
    52.44689271       66.43475143        1.40946147       -0.08414991        4.60000000        0.97689498
    52.47908259       66.51219558        1.41118543       -0.08760378        4.60000000        0.97406337
    52.51100359       66.58963972        1.41290496       -0.09107554        4.60000000        0.97123593
    52.54265338       66.66708386        1.41462005       -0.09456532        4.60000000        0.96841267
    52.57402958       66.74452800        1.41633067       -0.09807326        4.60000000        0.96559360
    52.60512982       66.82197214        1.41803683       -0.10159949        4.60000000        0.96277871
    52.63595167       66.89941629        1.41973850       -0.10514414        4.60000000        0.95996802
    52.66649270       66.97686043        1.42143568       -0.10870736        4.60000000        0.95716151
    52.69675042       67.05430457        1.42312834       -0.11228928        4.60000000        0.95435920
    52.72672234       67.13174871        1.42481648       -0.11589004        4.60000000        0.95156110
    52.75640593       67.20919286        1.42650008       -0.11950978        4.60000000        0.94876719
    52.78579864       67.28663700        1.42817913       -0.12314864        4.60000000        0.94597750
    52.81489786       67.36408114        1.42985362       -0.12680677        4.60000000        0.94319201
    52.84370099       67.44152528        1.43152353       -0.13048431        4.60000000        0.94041075
    52.87220538       67.51896942        1.43318884       -0.13418141        4.60000000        0.93763370
    52.90040834       67.59641357        1.43484955       -0.13789821        4.60000000        0.93486088
    52.92830717       67.67385771        1.43650565       -0.14163486        4.60000000        0.93209228
    52.95589912       67.75130185        1.43815711       -0.14539150        4.60000000        0.92932793
    52.98318142       67.82874599        1.43980393       -0.14916830        4.60000000        0.92656781
    53.01015125       67.90619014        1.44144609       -0.15296540        4.60000000        0.92381193
    53.03680579       67.98363428        1.44308358       -0.15678295        4.60000000        0.92106031
    53.06314215       68.06107842        1.44471638       -0.16062110        4.60000000        0.91831294
    53.08915742       68.13852256        1.44634449       -0.16448002        4.60000000        0.91556983
    53.11484867       68.21596670        1.44796789       -0.16835986        4.60000000        0.91283099
    53.14021292       68.29341085        1.44958657       -0.17226078        4.60000000        0.91009643
    53.16524715       68.37085499        1.45120051       -0.17618293        4.60000000        0.90736614
    53.18994831       68.44829913        1.45280970       -0.18012648        4.60000000        0.90464014
    53.21431332       68.52574327        1.45441413       -0.18409159        4.60000000        0.90191843
    53.23833905       68.60318742        1.45601378       -0.18807842        4.60000000        0.89920102
    53.26202235       68.68063156        1.45760865       -0.19208713        4.60000000        0.89648792
    53.28536001       68.75807570        1.45919871       -0.19611790        4.60000000        0.89377914
    53.30834880       68.83551984        1.46078396       -0.20017089        4.60000000        0.89107467
    53.33098544       68.91296398        1.46236438       -0.20424627        4.60000000        0.88837454
    53.35326662       68.99040813        1.46393996       -0.20834420        4.60000000        0.88567874
    53.37518898       69.06785227        1.46551068       -0.21246487        4.60000000        0.88298729
    53.39674912       69.14529641        1.46707654       -0.21660843        4.60000000        0.88030019
    53.41794361       69.22274055        1.46863752       -0.22077507        4.60000000        0.87761745
    53.43876895       69.30018470        1.47019361       -0.22496496        4.60000000        0.87493908
    53.45922164       69.37762884        1.47174479       -0.22917828        4.60000000        0.87226509
    53.47929809       69.45507298        1.47329106       -0.23341521        4.60000000        0.86959549
    53.49899471       69.53251712        1.47483239       -0.23767592        4.60000000        0.86693029
    53.51830783       69.60996126        1.47636877       -0.24196059        4.60000000        0.86426949
    53.53723376       69.68740541        1.47790020       -0.24626942        4.60000000        0.86161311
    53.55576874       69.76484955        1.47942666       -0.25060257        4.60000000        0.85896116
    53.57390899       69.84229369        1.48094814       -0.25496025        4.60000000        0.85631364
    53.59165066       69.91973783        1.48246462       -0.25934263        4.60000000        0.85367058
    53.60898987       69.99718197        1.48397609       -0.26374989        4.60000000        0.85103197
    53.62592268       70.07462612        1.48548254       -0.26818224        4.60000000        0.84839782
    53.64244510       70.15207026        1.48698395       -0.27263987        4.60000000        0.84576816
    53.65855309       70.22951440        1.48848032       -0.27712295        4.60000000        0.84314299
    53.67424257       70.30695854        1.48997163       -0.28163169        4.60000000        0.84052232
    53.68950939       70.38440269        1.49145786       -0.28616629        4.60000000        0.83790617
    53.70434938       70.46184683        1.49293901       -0.29072693        4.60000000        0.83529454
    53.71875828       70.53929097        1.49441505       -0.29531382        4.60000000        0.83268745
    53.73273178       70.61673511        1.49588599       -0.29992716        4.60000000        0.83008492
    53.74626556       70.69417925        1.49735180       -0.30456714        4.60000000        0.82748694
    53.75935518       70.77162340        1.49881247       -0.30923397        4.60000000        0.82489355
    53.77199618       70.84906754        1.50026799       -0.31392785        4.60000000        0.82230474
    53.78418406       70.92651168        1.50171835       -0.31864899        4.60000000        0.81972054
    53.79591421       71.00395582        1.50316353       -0.32339759        4.60000000        0.81714095
    53.80718201       71.08139997        1.50460352       -0.32817386        4.60000000        0.81456600
    53.81798275       71.15884411        1.50603831       -0.33297801        4.60000000        0.81199569
    53.82831167       71.23628825        1.50746789       -0.33781024        4.60000000        0.80943004
    53.83816396       71.31373239        1.50889223       -0.34267078        4.60000000        0.80686907
    53.84753472       71.39117653        1.51031134       -0.34755983        4.60000000        0.80431279
    53.85641901       71.46862068        1.51172519       -0.35247761        4.60000000        0.80176121
    53.86481182       71.54606482        1.51313377       -0.35742434        4.60000000        0.79921436
    53.87270807       71.62350896        1.51453708       -0.36240022        4.60000000        0.79667224
    53.88010261       71.70095310        1.51593509       -0.36740549        4.60000000        0.79413488
    53.88699023       71.77839725        1.51732779       -0.37244035        4.60000000        0.79160229
    53.89336566       71.85584139        1.51871518       -0.37750504        4.60000000        0.78907448
    53.89922353       71.93328553        1.52009724       -0.38259976        4.60000000        0.78655148
    53.90455844       72.01072967        1.52147395       -0.38772475        4.60000000        0.78403330
    53.90936488       72.08817381        1.52284530       -0.39288023        4.60000000        0.78151996
    53.91363730       72.16561796        1.52421128       -0.39806642        4.60000000        0.77901147
    53.91737005       72.24306210        1.52557188       -0.40328356        4.60000000        0.77650787
    53.92055741       72.32050624        1.52692707       -0.40853186        4.60000000        0.77400915
    53.92319361       72.39795038        1.52827686       -0.41381157        4.60000000        0.77151535
    53.92527277       72.47539453        1.52962123       -0.41912291        4.60000000        0.76902648
    53.92678893       72.55283867        1.53096016       -0.42446610        4.60000000        0.76654257
    53.92773609       72.63028281        1.53229364       -0.42984140        4.60000000        0.76406362
    53.92810813       72.70772695        1.53362166       -0.43524901        4.60000000        0.76158967
