#  Theta paroi en deg Angle Choc en deg       Kp           Inverse Mach       Mach amont       Mach aval
     0.00000000       18.94590580        0.00000000        0.67532468        3.08000000
     1.57703363       18.94803742        0.00420837        0.67336249        3.08000000        3.07983010
     1.90491899       18.95101994        0.00576735        0.67264413        3.08000000        3.07959242
     2.25661465       18.95655514        0.00763487        0.67178950        3.08000000        3.07915148
     2.63564392       18.96634482        0.00985647        0.67078100        3.08000000        3.07837211
     3.02728599       18.98209075        0.01236434        0.66965299        3.08000000        3.07711985
     3.42299498       19.00549474        0.01510477        0.66843267        3.08000000        3.07526152
     3.81974579       19.03825858        0.01805078        0.66713472        3.08000000        3.07266589
     4.21739227       19.08208404        0.02119489        0.66576487        3.08000000        3.06920459
     4.61710782       19.13867292        0.02454238        0.66432331        3.08000000        3.06475310
     5.02062946       19.20972702        0.02810704        0.66280667        3.08000000        3.05919179
     5.35928216       19.28078111        0.03123957        0.66148902        3.08000000        3.05366116
     5.65586022       19.35183521        0.03408705        0.66030312        3.08000000        3.04816067
     5.92266495       19.42288930        0.03673095        0.65921176        3.08000000        3.04268976
     6.16715342       19.49394340        0.03922165        0.65819198        3.08000000        3.03724789
     6.39421546       19.56499749        0.04159269        0.65722846        3.08000000        3.03183452
     6.60724500       19.63605158        0.04386767        0.65631046        3.08000000        3.02644916
     6.80870163       19.70710568        0.04606386        0.65543008        3.08000000        3.02109128
     7.00042929       19.77815977        0.04819434        0.65458137        3.08000000        3.01576041
     7.18384888       19.84921387        0.05026925        0.65375969        3.08000000        3.01045606
     7.36008024       19.92026796        0.05229664        0.65296135        3.08000000        3.00517776
     7.53002294       19.99132205        0.05428302        0.65218339        3.08000000        2.99992505
     7.69441127       20.06237615        0.05623371        0.65142336        3.08000000        2.99469748
     7.85385314       20.13343024        0.05815314        0.65067923        3.08000000        2.98949462
     8.00885783       20.20448434        0.06004504        0.64994927        3.08000000        2.98431603
     8.15985666       20.27553843        0.06191257        0.64923203        3.08000000        2.97916129
     8.30721836       20.34659253        0.06375843        0.64852627        3.08000000        2.97403001
     8.45126082       20.41764662        0.06558498        0.64783089        3.08000000        2.96892177
     8.59226017       20.48870071        0.06739424        0.64714494        3.08000000        2.96383618
     8.73045792       20.55975481        0.06918800        0.64646761        3.08000000        2.95877286
     8.86606660       20.63080890        0.07096782        0.64579814        3.08000000        2.95373144
     8.99927432       20.70186300        0.07273509        0.64513590        3.08000000        2.94871154
     9.13024840       20.77291709        0.07449105        0.64448031        3.08000000        2.94371282
     9.25913841       20.84397119        0.07623679        0.64383083        3.08000000        2.93873491
     9.38607862       20.91502528        0.07797332        0.64318700        3.08000000        2.93377747
     9.51119007       20.98607937        0.07970151        0.64254839        3.08000000        2.92884018
     9.63458226       21.05713347        0.08142218        0.64191462        3.08000000        2.92392270
     9.75635461       21.12818756        0.08313605        0.64128534        3.08000000        2.91902470
     9.87659770       21.19924166        0.08484378        0.64066023        3.08000000        2.91414588
     9.99539426       21.27029575        0.08654599        0.64003899        3.08000000        2.90928592
    10.11282014       21.34134984        0.08824322        0.63942135        3.08000000        2.90444453
    10.22894497       21.41240394        0.08993598        0.63880706        3.08000000        2.89962140
    10.34383293       21.48345803        0.09162473        0.63819590        3.08000000        2.89481625
    10.45754325       21.55451213        0.09330990        0.63758765        3.08000000        2.89002880
    10.57013077       21.62556622        0.09499189        0.63698210        3.08000000        2.88525877
    10.68164628       21.69662032        0.09667106        0.63637909        3.08000000        2.88050589
    10.79213704       21.76767441        0.09834775        0.63577844        3.08000000        2.87576989
    10.90164699       21.83872850        0.10002226        0.63517998        3.08000000        2.87105052
    11.01021716       21.90978260        0.10169490        0.63458357        3.08000000        2.86634751
    11.11788582       21.98083669        0.10336593        0.63398907        3.08000000        2.86166062
    11.22468886       22.05189079        0.10503560        0.63339635        3.08000000        2.85698960
    11.33065984       22.12294488        0.10670415        0.63280527        3.08000000        2.85233422
    11.43583030       22.19399898        0.10837179        0.63221574        3.08000000        2.84769424
    11.54022988       22.26505307        0.11003873        0.63162763        3.08000000        2.84306944
    11.64388648       22.33610716        0.11170517        0.63104084        3.08000000        2.83845958
    11.74682639       22.40716126        0.11337127        0.63045528        3.08000000        2.83386444
    11.84907441       22.47821535        0.11503721        0.62987085        3.08000000        2.82928382
    11.95065400       22.54926945        0.11670314        0.62928746        3.08000000        2.82471749
    12.05158731       22.62032354        0.11836922        0.62870503        3.08000000        2.82016526
    12.15189534       22.69137763        0.12003559        0.62812349        3.08000000        2.81562692
    12.25159799       22.76243173        0.12170236        0.62754275        3.08000000        2.81110226
    12.35071415       22.83348582        0.12336968        0.62696275        3.08000000        2.80659111
    12.44926175       22.90453992        0.12503765        0.62638341        3.08000000        2.80209325
    12.54725784       22.97559401        0.12670638        0.62580468        3.08000000        2.79760852
    12.64471865       23.04664811        0.12837598        0.62522648        3.08000000        2.79313671
    12.74165964       23.11770220        0.13004654        0.62464877        3.08000000        2.78867766
    12.83809554       23.18875629        0.13171817        0.62407147        3.08000000        2.78423119
    12.93404039       23.25981039        0.13339093        0.62349455        3.08000000        2.77979713
    13.02950764       23.33086448        0.13506492        0.62291794        3.08000000        2.77537530
    13.12451009       23.40191858        0.13674022        0.62234159        3.08000000        2.77096554
    13.21906000       23.47297267        0.13841689        0.62176547        3.08000000        2.76656768
    13.31316913       23.54402676        0.14009502        0.62118952        3.08000000        2.76218158
    13.40684870       23.61508086        0.14177465        0.62061369        3.08000000        2.75780706
    13.50010947       23.68613495        0.14345587        0.62003795        3.08000000        2.75344398
    13.59296179       23.75718905        0.14513872        0.61946225        3.08000000        2.74909219
    13.68541556       23.82824314        0.14682326        0.61888656        3.08000000        2.74475153
    13.77748028       23.89929724        0.14850955        0.61831084        3.08000000        2.74042187
    13.86916509       23.97035133        0.15019764        0.61773504        3.08000000        2.73610307
    13.96047879       24.04140542        0.15188757        0.61715914        3.08000000        2.73179498
    14.05142981       24.11245952        0.15357939        0.61658310        3.08000000        2.72749746
    14.14202631       24.18351361        0.15527315        0.61600689        3.08000000        2.72321039
    14.23227608       24.25456771        0.15696888        0.61543047        3.08000000        2.71893363
    14.32218669       24.32562180        0.15866662        0.61485381        3.08000000        2.71466705
    14.41176538       24.39667590        0.16036641        0.61427689        3.08000000        2.71041053
    14.50101920       24.46772999        0.16206829        0.61369967        3.08000000        2.70616395
    14.58995487       24.53878408        0.16377229        0.61312213        3.08000000        2.70192717
    14.67857894       24.60983818        0.16547844        0.61254425        3.08000000        2.69770009
    14.76689770       24.68089227        0.16718676        0.61196598        3.08000000        2.69348258
    14.85491726       24.75194637        0.16889730        0.61138731        3.08000000        2.68927453
    14.94264349       24.82300046        0.17061006        0.61080821        3.08000000        2.68507584
    15.03008207       24.89405455        0.17232509        0.61022867        3.08000000        2.68088637
    15.11723852       24.96510865        0.17404241        0.60964864        3.08000000        2.67670604
    15.20411815       25.03616274        0.17576203        0.60906812        3.08000000        2.67253473
    15.29072614       25.10721684        0.17748397        0.60848708        3.08000000        2.66837234
    15.37706746       25.17827093        0.17920827        0.60790550        3.08000000        2.66421877
    15.46314697       25.24932503        0.18093494        0.60732335        3.08000000        2.66007391
    15.54896934       25.32037912        0.18266399        0.60674062        3.08000000        2.65593767
    15.63453911       25.39143321        0.18439544        0.60615729        3.08000000        2.65180995
    15.71986071       25.46248731        0.18612931        0.60557333        3.08000000        2.64769065
    15.80493841       25.53354140        0.18786562        0.60498874        3.08000000        2.64357969
    15.88977634       25.60459550        0.18960438        0.60440348        3.08000000        2.63947697
    15.97437856       25.67564959        0.19134560        0.60381754        3.08000000        2.63538240
    16.05874896       25.74670369        0.19308930        0.60323090        3.08000000        2.63129589
    16.14289136       25.81775778        0.19483548        0.60264356        3.08000000        2.62721735
    16.22680943       25.88881187        0.19658416        0.60205548        3.08000000        2.62314671
    16.31050679       25.95986597        0.19833535        0.60146665        3.08000000        2.61908387
    16.39398691       26.03092006        0.20008906        0.60087706        3.08000000        2.61502877
    16.47725318       26.10197416        0.20184530        0.60028669        3.08000000        2.61098130
    16.56030892       26.17302825        0.20360407        0.59969552        3.08000000        2.60694141
    16.64315733       26.24408234        0.20536539        0.59910355        3.08000000        2.60290900
    16.72580154       26.31513644        0.20712926        0.59851075        3.08000000        2.59888400
    16.80824460       26.38619053        0.20889568        0.59791711        3.08000000        2.59486635
    16.89048948       26.45724463        0.21066467        0.59732262        3.08000000        2.59085596
    16.97253905       26.52829872        0.21243623        0.59672725        3.08000000        2.58685276
    17.05439614       26.59935282        0.21421036        0.59613101        3.08000000        2.58285669
    17.13606350       26.67040691        0.21598707        0.59553387        3.08000000        2.57886766
    17.21754378       26.74146100        0.21776636        0.59493583        3.08000000        2.57488563
    17.29883960       26.81251510        0.21954824        0.59433686        3.08000000        2.57091051
    17.37995351       26.88356919        0.22133270        0.59373696        3.08000000        2.56694225
    17.46088797       26.95462329        0.22311976        0.59313611        3.08000000        2.56298077
    17.54164542       27.02567738        0.22490942        0.59253430        3.08000000        2.55902601
    17.62222821       27.09673148        0.22670167        0.59193152        3.08000000        2.55507792
    17.70263865       27.16778557        0.22849652        0.59132776        3.08000000        2.55113644
    17.78287898       27.23883966        0.23029396        0.59072301        3.08000000        2.54720149
    17.86295140       27.30989376        0.23209401        0.59011725        3.08000000        2.54327302
    17.94285806       27.38094785        0.23389666        0.58951047        3.08000000        2.53935098
    18.02260106       27.45200195        0.23570190        0.58890266        3.08000000        2.53543531
    18.10218243       27.52305604        0.23750975        0.58829381        3.08000000        2.53152594
    18.18160419       27.59411013        0.23932020        0.58768391        3.08000000        2.52762284
    18.26086828       27.66516423        0.24113324        0.58707295        3.08000000        2.52372593
    18.33997662       27.73621832        0.24294888        0.58646092        3.08000000        2.51983518
    18.41893108       27.80727242        0.24476712        0.58584781        3.08000000        2.51595053
    18.49773348       27.87832651        0.24658796        0.58523360        3.08000000        2.51207192
    18.57638561       27.94938061        0.24841138        0.58461829        3.08000000        2.50819931
    18.65488922       28.02043470        0.25023740        0.58400187        3.08000000        2.50433264
    18.73324602       28.09148879        0.25206600        0.58338433        3.08000000        2.50047187
    18.81145768       28.16254289        0.25389719        0.58276566        3.08000000        2.49661696
    18.88952583       28.23359698        0.25573096        0.58214584        3.08000000        2.49276785
    18.96745210       28.30465108        0.25756731        0.58152488        3.08000000        2.48892449
    19.04523804       28.37570517        0.25940623        0.58090275        3.08000000        2.48508685
    19.12288517       28.44675926        0.26124773        0.58027945        3.08000000        2.48125488
    19.20039503       28.51781336        0.26309179        0.57965498        3.08000000        2.47742854
    19.27776906       28.58886745        0.26493842        0.57902931        3.08000000        2.47360778
    19.35500873       28.65992155        0.26678761        0.57840246        3.08000000        2.46979255
    19.43211544       28.73097564        0.26863936        0.57777439        3.08000000        2.46598283
    19.50909057       28.80202974        0.27049365        0.57714511        3.08000000        2.46217856
    19.58593549       28.87308383        0.27235049        0.57651461        3.08000000        2.45837971
    19.66265152       28.94413792        0.27420987        0.57588288        3.08000000        2.45458624
    19.73923996       29.01519202        0.27607179        0.57524990        3.08000000        2.45079812
    19.81570210       29.08624611        0.27793624        0.57461568        3.08000000        2.44701529
    19.89203919       29.15730021        0.27980322        0.57398020        3.08000000        2.44323773
    19.96825244       29.22835430        0.28167271        0.57334346        3.08000000        2.43946539
    20.04434307       29.29940840        0.28354472        0.57270545        3.08000000        2.43569825
    20.12031227       29.37046249        0.28541923        0.57206615        3.08000000        2.43193627
    20.19616117       29.44151658        0.28729625        0.57142556        3.08000000        2.42817941
    20.27189093       29.51257068        0.28917576        0.57078368        3.08000000        2.42442764
    20.34750265       29.58362477        0.29105776        0.57014049        3.08000000        2.42068092
    20.42299743       29.65467887        0.29294225        0.56949599        3.08000000        2.41693922
    20.49837634       29.72573296        0.29482921        0.56885017        3.08000000        2.41320251
    20.57364043       29.79678705        0.29671864        0.56820302        3.08000000        2.40947076
    20.64879073       29.86784115        0.29861053        0.56755453        3.08000000        2.40574393
    20.72382827       29.93889524        0.30050487        0.56690470        3.08000000        2.40202200
    20.79875403       30.00994934        0.30240167        0.56625352        3.08000000        2.39830493
    20.87356899       30.08100343        0.30430091        0.56560098        3.08000000        2.39459270
    20.94827410       30.15205753        0.30620258        0.56494708        3.08000000        2.39088527
    21.02287031       30.22311162        0.30810668        0.56429180        3.08000000        2.38718262
    21.09735855       30.29416571        0.31001319        0.56363514        3.08000000        2.38348471
    21.17173972       30.36521981        0.31192212        0.56297709        3.08000000        2.37979153
    21.24601470       30.43627390        0.31383345        0.56231765        3.08000000        2.37610303
    21.32018438       30.50732800        0.31574718        0.56165681        3.08000000        2.37241921
    21.39424962       30.57838209        0.31766329        0.56099455        3.08000000        2.36874002
    21.46821126       30.64943619        0.31958178        0.56033088        3.08000000        2.36506544
    21.54207013       30.72049028        0.32150265        0.55966578        3.08000000        2.36139545
    21.61582704       30.79154437        0.32342588        0.55899926        3.08000000        2.35773003
    21.68948279       30.86259847        0.32535146        0.55833129        3.08000000        2.35406914
    21.76303817       30.93365256        0.32727939        0.55766188        3.08000000        2.35041276
    21.83649395       31.00470666        0.32920965        0.55699102        3.08000000        2.34676087
    21.90985090       31.07576075        0.33114225        0.55631870        3.08000000        2.34311345
    21.98310975       31.14681484        0.33307717        0.55564491        3.08000000        2.33947047
    22.05627124       31.21786894        0.33501439        0.55496965        3.08000000        2.33583190
    22.12933610       31.28892303        0.33695392        0.55429291        3.08000000        2.33219774
    22.20230502       31.35997713        0.33889575        0.55361468        3.08000000        2.32856794
    22.27517870       31.43103122        0.34083986        0.55293496        3.08000000        2.32494250
    22.34795784       31.50208532        0.34278624        0.55225374        3.08000000        2.32132140
    22.42064310       31.57313941        0.34473490        0.55157101        3.08000000        2.31770460
    22.49323513       31.64419350        0.34668581        0.55088677        3.08000000        2.31409209
    22.56573461       31.71524760        0.34863897        0.55020101        3.08000000        2.31048385
    22.63814215       31.78630169        0.35059436        0.54951372        3.08000000        2.30687985
    22.71045839       31.85735579        0.35255199        0.54882489        3.08000000        2.30328009
    22.78268396       31.92840988        0.35451184        0.54813453        3.08000000        2.29968454
    22.85481944       31.99946397        0.35647389        0.54744262        3.08000000        2.29609318
    22.92686545       32.07051807        0.35843815        0.54674915        3.08000000        2.29250599
    22.99882257       32.14157216        0.36040460        0.54605413        3.08000000        2.28892295
    23.07069137       32.21262626        0.36237323        0.54535754        3.08000000        2.28534405
    23.14247243       32.28368035        0.36434404        0.54465937        3.08000000        2.28176926
    23.21416630       32.35473445        0.36631700        0.54395962        3.08000000        2.27819857
    23.28577353       32.42578854        0.36829212        0.54325829        3.08000000        2.27463197
    23.35729467       32.49684263        0.37026938        0.54255536        3.08000000        2.27106943
    23.42873024       32.56789673        0.37224877        0.54185084        3.08000000        2.26751094
    23.50008076       32.63895082        0.37423028        0.54114470        3.08000000        2.26395648
    23.57134676       32.71000492        0.37621391        0.54043695        3.08000000        2.26040604
    23.64252873       32.78105901        0.37819964        0.53972759        3.08000000        2.25685959
    23.71362718       32.85211311        0.38018746        0.53901660        3.08000000        2.25331713
    23.78464258       32.92316720        0.38217736        0.53830397        3.08000000        2.24977864
    23.85557543       32.99422129        0.38416933        0.53758971        3.08000000        2.24624409
    23.92642620       33.06527539        0.38616336        0.53687379        3.08000000        2.24271349
    23.99719534       33.13632948        0.38815944        0.53615623        3.08000000        2.23918681
    24.06788333       33.20738358        0.39015756        0.53543701        3.08000000        2.23566404
    24.13849060       33.27843767        0.39215771        0.53471612        3.08000000        2.23214516
    24.20901761       33.34949176        0.39415988        0.53399356        3.08000000        2.22863015
    24.27946479       33.42054586        0.39616406        0.53326933        3.08000000        2.22511902
    24.34983256       33.49159995        0.39817023        0.53254340        3.08000000        2.22161173
    24.42012136       33.56265405        0.40017840        0.53181579        3.08000000        2.21810829
    24.49033158       33.63370814        0.40218853        0.53108648        3.08000000        2.21460867
    24.56046365       33.70476224        0.40420064        0.53035546        3.08000000        2.21111286
    24.63051796       33.77581633        0.40621469        0.52962273        3.08000000        2.20762084
    24.70049490       33.84687042        0.40823069        0.52888829        3.08000000        2.20413262
    24.77039488       33.91792452        0.41024863        0.52815212        3.08000000        2.20064817
    24.84021826       33.98897861        0.41226848        0.52741422        3.08000000        2.19716747
    24.90996542       34.06003271        0.41429025        0.52667458        3.08000000        2.19369053
    24.97963674       34.13108680        0.41631392        0.52593320        3.08000000        2.19021732
    25.04923257       34.20214090        0.41833947        0.52519007        3.08000000        2.18674784
    25.11875328       34.27319499        0.42036690        0.52444518        3.08000000        2.18328207
    25.18819921       34.34424908        0.42239620        0.52369853        3.08000000        2.17982000
    25.25757071       34.41530318        0.42442736        0.52295011        3.08000000        2.17636162
    25.32686813       34.48635727        0.42646036        0.52219992        3.08000000        2.17290693
    25.39609179       34.55741137        0.42849519        0.52144794        3.08000000        2.16945589
    25.46524202       34.62846546        0.43053184        0.52069417        3.08000000        2.16600852
    25.53431916       34.69951955        0.43257031        0.51993860        3.08000000        2.16256479
    25.60332351       34.77057365        0.43461057        0.51918123        3.08000000        2.15912470
    25.67225539       34.84162774        0.43665262        0.51842205        3.08000000        2.15568823
    25.74111511       34.91268184        0.43869645        0.51766106        3.08000000        2.15225538
    25.80990296       34.98373593        0.44074205        0.51689824        3.08000000        2.14882613
    25.87861926       35.05479003        0.44278939        0.51613359        3.08000000        2.14540048
    25.94726428       35.12584412        0.44483848        0.51536711        3.08000000        2.14197841
    26.01583832       35.19689821        0.44688930        0.51459878        3.08000000        2.13855992
    26.08434166       35.26795231        0.44894184        0.51382861        3.08000000        2.13514500
    26.15277457       35.33900640        0.45099609        0.51305658        3.08000000        2.13173363
    26.22113734       35.41006050        0.45305204        0.51228268        3.08000000        2.12832580
    26.28943022       35.48111459        0.45510966        0.51150692        3.08000000        2.12492152
    26.35765349       35.55216869        0.45716897        0.51072928        3.08000000        2.12152076
    26.42580739       35.62322278        0.45922993        0.50994975        3.08000000        2.11812353
    26.49389219       35.69427687        0.46129254        0.50916834        3.08000000        2.11472980
    26.56190814       35.76533097        0.46335679        0.50838503        3.08000000        2.11133958
    26.62985548       35.83638506        0.46542267        0.50759981        3.08000000        2.10795285
    26.69773445       35.90743916        0.46749016        0.50681269        3.08000000        2.10456961
    26.76554529       35.97849325        0.46955925        0.50602365        3.08000000        2.10118984
    26.83328823       36.04954734        0.47162994        0.50523268        3.08000000        2.09781354
    26.90096351       36.12060144        0.47370220        0.50443978        3.08000000        2.09444070
    26.96857134       36.19165553        0.47577603        0.50364494        3.08000000        2.09107132
    27.03611196       36.26270963        0.47785141        0.50284816        3.08000000        2.08770538
    27.10358556       36.33376372        0.47992834        0.50204943        3.08000000        2.08434287
    27.17099237       36.40481782        0.48200680        0.50124874        3.08000000        2.08098380
    27.23833260       36.47587191        0.48408678        0.50044608        3.08000000        2.07762814
    27.30560645       36.54692600        0.48616827        0.49964145        3.08000000        2.07427590
    27.37281411       36.61798010        0.48825125        0.49883484        3.08000000        2.07092707
    27.43995580       36.68903419        0.49033571        0.49802624        3.08000000        2.06758163
    27.50703170       36.76008829        0.49242165        0.49721564        3.08000000        2.06423959
    27.57404200       36.83114238        0.49450905        0.49640305        3.08000000        2.06090093
    27.64098689       36.90219647        0.49659789        0.49558845        3.08000000        2.05756565
    27.70786656       36.97325057        0.49868817        0.49477183        3.08000000        2.05423373
    27.77468117       37.04430466        0.50077987        0.49395319        3.08000000        2.05090518
    27.84143090       37.11535876        0.50287298        0.49313252        3.08000000        2.04757999
    27.90811594       37.18641285        0.50496749        0.49230981        3.08000000        2.04425815
    27.97473644       37.25746695        0.50706339        0.49148506        3.08000000        2.04093965
    28.04129257       37.32852104        0.50916066        0.49065826        3.08000000        2.03762449
    28.10778449       37.39957513        0.51125929        0.48982939        3.08000000        2.03431265
    28.17421237       37.47062923        0.51335928        0.48899846        3.08000000        2.03100414
    28.24057635       37.54168332        0.51546060        0.48816546        3.08000000        2.02769895
    28.30687659       37.61273742        0.51756324        0.48733038        3.08000000        2.02439707
    28.37311324       37.68379151        0.51966720        0.48649320        3.08000000        2.02109849
    28.43928644       37.75484561        0.52177246        0.48565394        3.08000000        2.01780321
    28.50539633       37.82589970        0.52387901        0.48481256        3.08000000        2.01451122
    28.57144305       37.89695379        0.52598683        0.48396908        3.08000000        2.01122252
    28.63742675       37.96800789        0.52809592        0.48312348        3.08000000        2.00793710
    28.70334754       38.03906198        0.53020626        0.48227575        3.08000000        2.00465496
    28.76920557       38.11011608        0.53231784        0.48142589        3.08000000        2.00137608
    28.83500095       38.18117017        0.53443064        0.48057389        3.08000000        1.99810046
    28.90073382       38.25222426        0.53654466        0.47971974        3.08000000        1.99482811
    28.96640429       38.32327836        0.53865988        0.47886343        3.08000000        1.99155900
    29.03201248       38.39433245        0.54077629        0.47800496        3.08000000        1.98829314
    29.09755851       38.46538655        0.54289387        0.47714432        3.08000000        1.98503052
    29.16304248       38.53644064        0.54501262        0.47628150        3.08000000        1.98177113
    29.22846451       38.60749474        0.54713252        0.47541649        3.08000000        1.97851498
    29.29382470       38.67854883        0.54925356        0.47454928        3.08000000        1.97526205
    29.35912316       38.74960292        0.55137572        0.47367987        3.08000000        1.97201233
    29.42435998       38.82065702        0.55349900        0.47280826        3.08000000        1.96876583
    29.48953527       38.89171111        0.55562339        0.47193442        3.08000000        1.96552254
    29.55464912       38.96276521        0.55774886        0.47105835        3.08000000        1.96228245
    29.61970162       39.03381930        0.55987540        0.47018005        3.08000000        1.95904556
    29.68469286       39.10487340        0.56200301        0.46929951        3.08000000        1.95581186
    29.74962293       39.17592749        0.56413167        0.46841672        3.08000000        1.95258135
    29.81449192       39.24698158        0.56626137        0.46753166        3.08000000        1.94935402
    29.87929990       39.31803568        0.56839209        0.46664434        3.08000000        1.94612987
    29.94404695       39.38908977        0.57052383        0.46575475        3.08000000        1.94290890
    30.00873316       39.46014387        0.57265657        0.46486287        3.08000000        1.93969109
    30.07335859       39.53119796        0.57479030        0.46396870        3.08000000        1.93647645
    30.13792331       39.60225205        0.57692500        0.46307223        3.08000000        1.93326496
    30.20242740       39.67330615        0.57906066        0.46217345        3.08000000        1.93005663
    30.26687092       39.74436024        0.58119727        0.46127235        3.08000000        1.92685145
    30.33125394       39.81541434        0.58333482        0.46036893        3.08000000        1.92364941
    30.39557651       39.88646843        0.58547329        0.45946318        3.08000000        1.92045051
    30.45983869       39.95752253        0.58761268        0.45855508        3.08000000        1.91725475
    30.52404055       40.02857662        0.58975296        0.45764463        3.08000000        1.91406212
    30.58818214       40.09963071        0.59189413        0.45673183        3.08000000        1.91087262
    30.65226350       40.17068481        0.59403617        0.45581665        3.08000000        1.90768624
    30.71628468       40.24173890        0.59617907        0.45489910        3.08000000        1.90450297
    30.78024574       40.31279300        0.59832282        0.45397917        3.08000000        1.90132282
    30.84414672       40.38384709        0.60046740        0.45305684        3.08000000        1.89814578
    30.90798765       40.45490118        0.60261280        0.45213211        3.08000000        1.89497185
    30.97176859       40.52595528        0.60475902        0.45120497        3.08000000        1.89180101
    31.03548956       40.59700937        0.60690603        0.45027541        3.08000000        1.88863328
    31.09915060       40.66806347        0.60905382        0.44934342        3.08000000        1.88546863
    31.16275175       40.73911756        0.61120238        0.44840899        3.08000000        1.88230707
    31.22629302       40.81017166        0.61335170        0.44747211        3.08000000        1.87914860
    31.28977447       40.88122575        0.61550176        0.44653278        3.08000000        1.87599321
    31.35319610       40.95227984        0.61765256        0.44559099        3.08000000        1.87284089
    31.41655794       41.02333394        0.61980407        0.44464672        3.08000000        1.86969165
    31.47986002       41.09438803        0.62195629        0.44369997        3.08000000        1.86654547
    31.54310235       41.16544213        0.62410920        0.44275072        3.08000000        1.86340236
    31.60628494       41.23649622        0.62626279        0.44179898        3.08000000        1.86026230
    31.66940782       41.30755032        0.62841705        0.44084472        3.08000000        1.85712531
    31.73247100       41.37860441        0.63057196        0.43988795        3.08000000        1.85399136
    31.79547449       41.44965850        0.63272752        0.43892864        3.08000000        1.85086047
    31.85841829       41.52071260        0.63488370        0.43796680        3.08000000        1.84773262
    31.92130241       41.59176669        0.63704049        0.43700241        3.08000000        1.84460781
    31.98412686       41.66282079        0.63919789        0.43603546        3.08000000        1.84148604
    32.04689163       41.73387488        0.64135588        0.43506594        3.08000000        1.83836730
    32.10959673       41.80492897        0.64351444        0.43409385        3.08000000        1.83525159
    32.17224216       41.87598307        0.64567357        0.43311917        3.08000000        1.83213890
    32.23482790       41.94703716        0.64783324        0.43214190        3.08000000        1.82902924
    32.29735395       42.01809126        0.64999345        0.43116202        3.08000000        1.82592260
    32.35982031       42.08914535        0.65215419        0.43017952        3.08000000        1.82281897
    32.42222696       42.16019945        0.65431543        0.42919440        3.08000000        1.81971836
    32.48457389       42.23125354        0.65647718        0.42820665        3.08000000        1.81662075
    32.54686108       42.30230763        0.65863941        0.42721625        3.08000000        1.81352614
    32.60908852       42.37336173        0.66080211        0.42622319        3.08000000        1.81043454
    32.67125619       42.44441582        0.66296527        0.42522747        3.08000000        1.80734593
    32.73336406       42.51546992        0.66512887        0.42422908        3.08000000        1.80426032
    32.79541211       42.58652401        0.66729291        0.42322799        3.08000000        1.80117770
    32.85740032       42.65757811        0.66945736        0.42222422        3.08000000        1.79809806
    32.91932866       42.72863220        0.67162222        0.42121774        3.08000000        1.79502141
    32.98119710       42.79968629        0.67378748        0.42020854        3.08000000        1.79194774
    33.04300561       42.87074039        0.67595311        0.41919661        3.08000000        1.78887704
    33.10475415       42.94179448        0.67811911        0.41818195        3.08000000        1.78580932
    33.16644269       43.01284858        0.68028547        0.41716454        3.08000000        1.78274457
    33.22807119       43.08390267        0.68245216        0.41614438        3.08000000        1.77968278
    33.28963962       43.15495676        0.68461919        0.41512145        3.08000000        1.77662396
    33.35114792       43.22601086        0.68678652        0.41409573        3.08000000        1.77356810
    33.41259606       43.29706495        0.68895416        0.41306723        3.08000000        1.77051519
    33.47398398       43.36811905        0.69112209        0.41203593        3.08000000        1.76746524
    33.53531165       43.43917314        0.69329029        0.41100181        3.08000000        1.76441824
    33.59657902       43.51022724        0.69545875        0.40996488        3.08000000        1.76137418
    33.65778602       43.58128133        0.69762746        0.40892511        3.08000000        1.75833307
    33.71893261       43.65233542        0.69979641        0.40788250        3.08000000        1.75529490
    33.78001873       43.72338952        0.70196558        0.40683703        3.08000000        1.75225966
    33.84104433       43.79444361        0.70413496        0.40578870        3.08000000        1.74922736
    33.90200934       43.86549771        0.70630453        0.40473749        3.08000000        1.74619799
    33.96291370       43.93655180        0.70847429        0.40368340        3.08000000        1.74317155
    34.02375735       44.00760590        0.71064421        0.40262640        3.08000000        1.74014803
    34.08454023       44.07865999        0.71281430        0.40156649        3.08000000        1.73712744
    34.14526226       44.14971408        0.71498452        0.40050367        3.08000000        1.73410976
    34.20592338       44.22076818        0.71715488        0.39943790        3.08000000        1.73109500
    34.26652351       44.29182227        0.71932535        0.39836920        3.08000000        1.72808315
    34.32706259       44.36287637        0.72149592        0.39729753        3.08000000        1.72507422
    34.38754053       44.43393046        0.72366659        0.39622290        3.08000000        1.72206818
    34.44795726       44.50498455        0.72583733        0.39514529        3.08000000        1.71906505
    34.50831270       44.57603865        0.72800814        0.39406469        3.08000000        1.71606482
    34.56860677       44.64709274        0.73017900        0.39298108        3.08000000        1.71306749
    34.62883938       44.71814684        0.73234989        0.39189446        3.08000000        1.71007306
    34.68901046       44.78920093        0.73452081        0.39080481        3.08000000        1.70708151
    34.74911990       44.86025503        0.73669174        0.38971213        3.08000000        1.70409285
    34.80916763       44.93130912        0.73886267        0.38861639        3.08000000        1.70110708
    34.86915356       45.00236321        0.74103358        0.38751759        3.08000000        1.69812419
    34.92907758       45.07341731        0.74320446        0.38641571        3.08000000        1.69514418
    34.98893961       45.14447140        0.74537530        0.38531074        3.08000000        1.69216705
    35.04873955       45.21552550        0.74754609        0.38420268        3.08000000        1.68919279
    35.10847729       45.28657959        0.74971681        0.38309150        3.08000000        1.68622140
    35.16815275       45.35763368        0.75188744        0.38197720        3.08000000        1.68325288
    35.22776580       45.42868778        0.75405798        0.38085976        3.08000000        1.68028723
    35.28731636       45.49974187        0.75622842        0.37973917        3.08000000        1.67732444
    35.34680431       45.57079597        0.75839873        0.37861541        3.08000000        1.67436451
    35.40622956       45.64185006        0.76056890        0.37748849        3.08000000        1.67140743
    35.46559197       45.71290416        0.76273893        0.37635837        3.08000000        1.66845321
    35.52489144       45.78395825        0.76490880        0.37522505        3.08000000        1.66550184
    35.58412786       45.85501234        0.76707849        0.37408852        3.08000000        1.66255332
    35.64330112       45.92606644        0.76924800        0.37294876        3.08000000        1.65960765
    35.70241108       45.99712053        0.77141731        0.37180576        3.08000000        1.65666482
    35.76145764       46.06817463        0.77358640        0.37065951        3.08000000        1.65372483
    35.82044066       46.13922872        0.77575526        0.36950999        3.08000000        1.65078767
    35.87936003       46.21028282        0.77792388        0.36835719        3.08000000        1.64785335
    35.93821562       46.28133691        0.78009225        0.36720109        3.08000000        1.64492187
    35.99700729       46.35239100        0.78226035        0.36604169        3.08000000        1.64199321
    36.05573493       46.42344510        0.78442817        0.36487897        3.08000000        1.63906738
    36.11439839       46.49449919        0.78659570        0.36371291        3.08000000        1.63614438
    36.17299754       46.56555329        0.78876292        0.36254351        3.08000000        1.63322419
    36.23153224       46.63660738        0.79092982        0.36137075        3.08000000        1.63030683
    36.29000237       46.70766147        0.79309639        0.36019460        3.08000000        1.62739228
    36.34840777       46.77871557        0.79526261        0.35901507        3.08000000        1.62448054
    36.40674830       46.84976966        0.79742846        0.35783214        3.08000000        1.62157162
    36.46502382       46.92082376        0.79959395        0.35664579        3.08000000        1.61866550
    36.52323419       46.99187785        0.80175905        0.35545601        3.08000000        1.61576219
    36.58137924       47.06293195        0.80392375        0.35426278        3.08000000        1.61286169
    36.63945884       47.13398604        0.80608804        0.35306609        3.08000000        1.60996398
    36.69747283       47.20504013        0.80825190        0.35186592        3.08000000        1.60706907
    36.75542105       47.27609423        0.81041532        0.35066227        3.08000000        1.60417696
    36.81330335       47.34714832        0.81257829        0.34945511        3.08000000        1.60128764
    36.87111957       47.41820242        0.81474079        0.34824444        3.08000000        1.59840112
    36.92886955       47.48925651        0.81690281        0.34703023        3.08000000        1.59551738
    36.98655312       47.56031061        0.81906434        0.34581247        3.08000000        1.59263642
    37.04417013       47.63136470        0.82122537        0.34459115        3.08000000        1.58975825
    37.10172039       47.70241879        0.82338587        0.34336625        3.08000000        1.58688286
    37.15920375       47.77347289        0.82554585        0.34213776        3.08000000        1.58401025
    37.21662003       47.84452698        0.82770528        0.34090566        3.08000000        1.58114041
    37.27396905       47.91558108        0.82986414        0.33966994        3.08000000        1.57827335
    37.33125065       47.98663517        0.83202244        0.33843058        3.08000000        1.57540905
    37.38846465       48.05768926        0.83418015        0.33718756        3.08000000        1.57254753
    37.44561085       48.12874336        0.83633727        0.33594087        3.08000000        1.56968877
    37.50268909       48.19979745        0.83849377        0.33469050        3.08000000        1.56683278
    37.55969918       48.27085155        0.84064964        0.33343642        3.08000000        1.56397954
    37.61664093       48.34190564        0.84280488        0.33217863        3.08000000        1.56112907
    37.67351415       48.41295974        0.84495947        0.33091711        3.08000000        1.55828135
    37.73031865       48.48401383        0.84711339        0.32965184        3.08000000        1.55543638
    37.78705424       48.55506792        0.84926663        0.32838280        3.08000000        1.55259417
    37.84372073       48.62612202        0.85141918        0.32710998        3.08000000        1.54975471
    37.90031791       48.69717611        0.85357103        0.32583336        3.08000000        1.54691799
    37.95684559       48.76823021        0.85572216        0.32455293        3.08000000        1.54408402
    38.01330356       48.83928430        0.85787256        0.32326867        3.08000000        1.54125279
    38.06969163       48.91033839        0.86002222        0.32198056        3.08000000        1.53842430
    38.12600959       48.98139249        0.86217112        0.32068858        3.08000000        1.53559855
    38.18225721       49.05244658        0.86431924        0.31939273        3.08000000        1.53277554
    38.23843431       49.12350068        0.86646659        0.31809298        3.08000000        1.52995525
    38.29454065       49.19455477        0.86861313        0.31678932        3.08000000        1.52713770
    38.35057604       49.26560887        0.87075887        0.31548172        3.08000000        1.52432288
    38.40654024       49.33666296        0.87290379        0.31417017        3.08000000        1.52151078
    38.46243305       49.40771705        0.87504786        0.31285466        3.08000000        1.51870141
    38.51825424       49.47877115        0.87719109        0.31153517        3.08000000        1.51589477
    38.57400357       49.54982524        0.87933346        0.31021168        3.08000000        1.51309084
    38.62968084       49.62087934        0.88147494        0.30888416        3.08000000        1.51028963
    38.68528580       49.69193343        0.88361554        0.30755262        3.08000000        1.50749113
    38.74081823       49.76298753        0.88575524        0.30621701        3.08000000        1.50469535
    38.79627789       49.83404162        0.88789402        0.30487734        3.08000000        1.50190228
    38.85166455       49.90509571        0.89003187        0.30353358        3.08000000        1.49911192
    38.90697797       49.97614981        0.89216879        0.30218571        3.08000000        1.49632427
    38.96221790       50.04720390        0.89430474        0.30083371        3.08000000        1.49353932
    39.01738411       50.11825800        0.89643973        0.29947757        3.08000000        1.49075707
    39.07247634       50.18931209        0.89857373        0.29811727        3.08000000        1.48797753
    39.12749436       50.26036618        0.90070675        0.29675279        3.08000000        1.48520068
    39.18243790       50.33142028        0.90283875        0.29538410        3.08000000        1.48242653
    39.23730672       50.40247437        0.90496973        0.29401120        3.08000000        1.47965508
    39.29210056       50.47352847        0.90709968        0.29263406        3.08000000        1.47688632
    39.34681916       50.54458256        0.90922858        0.29125267        3.08000000        1.47412025
    39.40146226       50.61563666        0.91135643        0.28986700        3.08000000        1.47135686
    39.45602960       50.68669075        0.91348319        0.28847703        3.08000000        1.46859617
    39.51052091       50.75774484        0.91560888        0.28708276        3.08000000        1.46583816
    39.56493593       50.82879894        0.91773346        0.28568414        3.08000000        1.46308283
    39.61927438       50.89985303        0.91985693        0.28428118        3.08000000        1.46033018
    39.67353599       50.97090713        0.92197927        0.28287384        3.08000000        1.45758021
    39.72772048       51.04196122        0.92410048        0.28146211        3.08000000        1.45483292
    39.78182758       51.11301532        0.92622053        0.28004597        3.08000000        1.45208831
    39.83585701       51.18406941        0.92833942        0.27862539        3.08000000        1.44934636
    39.88980848       51.25512350        0.93045713        0.27720037        3.08000000        1.44660709
    39.94368170       51.32617760        0.93257365        0.27577087        3.08000000        1.44387049
    39.99747638       51.39723169        0.93468896        0.27433688        3.08000000        1.44113655
    40.05119224       51.46828579        0.93680306        0.27289837        3.08000000        1.43840528
    40.10482898       51.53933988        0.93891593        0.27145533        3.08000000        1.43567668
    40.15838630       51.61039397        0.94102755        0.27000773        3.08000000        1.43295073
    40.21186391       51.68144807        0.94313792        0.26855556        3.08000000        1.43022745
    40.26526149       51.75250216        0.94524701        0.26709879        3.08000000        1.42750682
    40.31857874       51.82355626        0.94735483        0.26563741        3.08000000        1.42478886
    40.37181537       51.89461035        0.94946135        0.26417138        3.08000000        1.42207354
    40.42497104       51.96566445        0.95156656        0.26270070        3.08000000        1.41936088
    40.47804546       52.03671854        0.95367045        0.26122533        3.08000000        1.41665087
    40.53103831       52.10777263        0.95577300        0.25974525        3.08000000        1.41394351
    40.58394925       52.17882673        0.95787421        0.25826046        3.08000000        1.41123880
    40.63677798       52.24988082        0.95997405        0.25677091        3.08000000        1.40853674
    40.68952417       52.32093492        0.96207253        0.25527659        3.08000000        1.40583732
    40.74218749       52.39198901        0.96416961        0.25377749        3.08000000        1.40314054
    40.79476760       52.46304310        0.96626530        0.25227356        3.08000000        1.40044640
    40.84726418       52.53409720        0.96835957        0.25076480        3.08000000        1.39775490
    40.89967689       52.60515129        0.97045242        0.24925119        3.08000000        1.39506605
    40.95200538       52.67620539        0.97254383        0.24773269        3.08000000        1.39237982
    41.00424932       52.74725948        0.97463379        0.24620928        3.08000000        1.38969624
    41.05640835       52.81831358        0.97672228        0.24468095        3.08000000        1.38701528
    41.10848214       52.88936767        0.97880930        0.24314766        3.08000000        1.38433696
    41.16047032       52.96042176        0.98089482        0.24160940        3.08000000        1.38166127
    41.21237254       53.03147586        0.98297885        0.24006614        3.08000000        1.37898821
    41.26418845       53.10252995        0.98506136        0.23851786        3.08000000        1.37631777
    41.31591768       53.17358405        0.98714233        0.23696454        3.08000000        1.37364996
    41.36755986       53.24463814        0.98922177        0.23540614        3.08000000        1.37098477
    41.41911463       53.31569224        0.99129965        0.23384266        3.08000000        1.36832221
    41.47058163       53.38674633        0.99337597        0.23227405        3.08000000        1.36566227
    41.52196046       53.45780042        0.99545070        0.23070030        3.08000000        1.36300495
    41.57325077       53.52885452        0.99752384        0.22912139        3.08000000        1.36035025
    41.62445215       53.59990861        0.99959537        0.22753728        3.08000000        1.35769816
    41.67556425       53.67096271        1.00166529        0.22594796        3.08000000        1.35504869
    41.72658665       53.74201680        1.00373357        0.22435340        3.08000000        1.35240184
    41.77751898       53.81307089        1.00580021        0.22275357        3.08000000        1.34975760
    41.82836084       53.88412499        1.00786519        0.22114845        3.08000000        1.34711597
    41.87911183       53.95517908        1.00992850        0.21953802        3.08000000        1.34447695
    41.92977155       54.02623318        1.01199013        0.21792224        3.08000000        1.34184054
    41.98033960       54.09728727        1.01405006        0.21630109        3.08000000        1.33920674
    42.03081557       54.16834137        1.01610828        0.21467455        3.08000000        1.33657554
    42.08119904       54.23939546        1.01816478        0.21304259        3.08000000        1.33394696
    42.13148961       54.31044955        1.02021955        0.21140519        3.08000000        1.33132097
    42.18168685       54.38150365        1.02227256        0.20976231        3.08000000        1.32869759
    42.23179035       54.45255774        1.02432382        0.20811393        3.08000000        1.32607681
    42.28179967       54.52361184        1.02637331        0.20646003        3.08000000        1.32345864
    42.33171439       54.59466593        1.02842101        0.20480057        3.08000000        1.32084306
    42.38153408       54.66572003        1.03046691        0.20313554        3.08000000        1.31823008
    42.43125830       54.73677412        1.03251100        0.20146489        3.08000000        1.31561970
    42.48088660       54.80782821        1.03455327        0.19978861        3.08000000        1.31301192
    42.53041855       54.87888231        1.03659370        0.19810667        3.08000000        1.31040673
    42.57985370       54.94993640        1.03863229        0.19641904        3.08000000        1.30780414
    42.62919159       55.02099050        1.04066901        0.19472570        3.08000000        1.30520414
    42.67843177       55.09204459        1.04270386        0.19302660        3.08000000        1.30260673
    42.72757379       55.16309868        1.04473682        0.19132173        3.08000000        1.30001192
    42.77661717       55.23415278        1.04676788        0.18961106        3.08000000        1.29741969
    42.82556145       55.30520687        1.04879702        0.18789456        3.08000000        1.29483006
    42.87440616       55.37626097        1.05082425        0.18617220        3.08000000        1.29224301
    42.92315083       55.44731506        1.05284953        0.18444395        3.08000000        1.28965856
    42.97179498       55.51836916        1.05487287        0.18270978        3.08000000        1.28707669
    43.02033811       55.58942325        1.05689424        0.18096967        3.08000000        1.28449741
    43.06877976       55.66047734        1.05891363        0.17922357        3.08000000        1.28192071
    43.11711942       55.73153144        1.06093104        0.17747147        3.08000000        1.27934660
    43.16535659       55.80258553        1.06294645        0.17571334        3.08000000        1.27677507
    43.21349079       55.87363963        1.06495985        0.17394913        3.08000000        1.27420613
    43.26152151       55.94469372        1.06697121        0.17217883        3.08000000        1.27163977
    43.30944823       56.01574782        1.06898054        0.17040240        3.08000000        1.26907599
    43.35727045       56.08680191        1.07098782        0.16861981        3.08000000        1.26651480
    43.40498765       56.15785600        1.07299304        0.16683104        3.08000000        1.26395618
    43.45259931       56.22891010        1.07499618        0.16503604        3.08000000        1.26140015
    43.50010490       56.29996419        1.07699723        0.16323479        3.08000000        1.25884669
    43.54750390       56.37101829        1.07899618        0.16142726        3.08000000        1.25629582
    43.59479576       56.44207238        1.08099302        0.15961341        3.08000000        1.25374752
    43.64197996       56.51312647        1.08298773        0.15779322        3.08000000        1.25120180
    43.68905594       56.58418057        1.08498030        0.15596665        3.08000000        1.24865866
    43.73602316       56.65523466        1.08697073        0.15413367        3.08000000        1.24611810
    43.78288108       56.72628876        1.08895898        0.15229424        3.08000000        1.24358011
    43.82962912       56.79734285        1.09094507        0.15044834        3.08000000        1.24104470
    43.87626673       56.86839695        1.09292896        0.14859593        3.08000000        1.23851187
    43.92279334       56.93945104        1.09491066        0.14673697        3.08000000        1.23598161
    43.96920838       57.01050513        1.09689014        0.14487144        3.08000000        1.23345393
    44.01551128       57.08155923        1.09886739        0.14299930        3.08000000        1.23092882
    44.06170145       57.15261332        1.10084241        0.14112052        3.08000000        1.22840629
    44.10777831       57.22366742        1.10281518        0.13923506        3.08000000        1.22588633
    44.15374127       57.29472151        1.10478568        0.13734289        3.08000000        1.22336895
    44.19958972       57.36577560        1.10675391        0.13544398        3.08000000        1.22085414
    44.24532308       57.43682970        1.10871985        0.13353828        3.08000000        1.21834191
    44.29094074       57.50788379        1.11068350        0.13162577        3.08000000        1.21583224
    44.33644207       57.57893789        1.11264483        0.12970641        3.08000000        1.21332516
    44.38182648       57.64999198        1.11460383        0.12778017        3.08000000        1.21082065
    44.42709333       57.72104608        1.11656050        0.12584700        3.08000000        1.20831871
    44.47224200       57.79210017        1.11851482        0.12390688        3.08000000        1.20581934
    44.51727186       57.86315426        1.12046678        0.12195977        3.08000000        1.20332255
    44.56218226       57.93420836        1.12241637        0.12000562        3.08000000        1.20082834
    44.60697258       58.00526245        1.12436357        0.11804441        3.08000000        1.19833669
    44.65164216       58.07631655        1.12630838        0.11607610        3.08000000        1.19584762
    44.69619034       58.14737064        1.12825077        0.11410065        3.08000000        1.19336113
    44.74061647       58.21842474        1.13019074        0.11211803        3.08000000        1.19087721
    44.78491988       58.28947883        1.13212828        0.11012819        3.08000000        1.18839587
    44.82909990       58.36053292        1.13406336        0.10813110        3.08000000        1.18591710
    44.87315586       58.43158702        1.13599599        0.10612672        3.08000000        1.18344090
    44.91708707       58.50264111        1.13792615        0.10411501        3.08000000        1.18096728
    44.96089285       58.57369521        1.13985383        0.10209594        3.08000000        1.17849624
    45.00457251       58.64474930        1.14177901        0.10006947        3.08000000        1.17602777
    45.04812533       58.71580339        1.14370168        0.09803555        3.08000000        1.17356188
    45.09155063       58.78685749        1.14562184        0.09599415        3.08000000        1.17109857
    45.13484768       58.85791158        1.14753946        0.09394523        3.08000000        1.16863783
    45.17801577       58.92896568        1.14945453        0.09188875        3.08000000        1.16617968
    45.22105418       59.00001977        1.15136705        0.08982467        3.08000000        1.16372410
    45.26396218       59.07107387        1.15327701        0.08775295        3.08000000        1.16127110
    45.30673903       59.14212796        1.15518438        0.08567354        3.08000000        1.15882068
    45.34938399       59.21318205        1.15708916        0.08358642        3.08000000        1.15637284
    45.39189631       59.28423615        1.15899134        0.08149153        3.08000000        1.15392758
    45.43427523       59.35529024        1.16089090        0.07938884        3.08000000        1.15148490
    45.47652000       59.42634434        1.16278783        0.07727830        3.08000000        1.14904481
    45.51862984       59.49739843        1.16468212        0.07515988        3.08000000        1.14660730
    45.56060399       59.56845253        1.16657376        0.07303353        3.08000000        1.14417237
    45.60244166       59.63950662        1.16846273        0.07089921        3.08000000        1.14174003
    45.64414206       59.71056071        1.17034903        0.06875687        3.08000000        1.13931028
    45.68570440       59.78161481        1.17223264        0.06660648        3.08000000        1.13688311
    45.72712788       59.85266890        1.17411355        0.06444798        3.08000000        1.13445853
    45.76841168       59.92372300        1.17599175        0.06228135        3.08000000        1.13203654
    45.80955500       59.99477709        1.17786722        0.06010653        3.08000000        1.12961713
    45.85055701       60.06583118        1.17973996        0.05792348        3.08000000        1.12720032
    45.89141689       60.13688528        1.18160995        0.05573215        3.08000000        1.12478611
    45.93213378       60.20793937        1.18347718        0.05353251        3.08000000        1.12237448
    45.97270686       60.27899347        1.18534163        0.05132450        3.08000000        1.11996545
    46.01313527       60.35004756        1.18720331        0.04910809        3.08000000        1.11755902
    46.05341816       60.42110166        1.18906219        0.04688322        3.08000000        1.11515518
    46.09355464       60.49215575        1.19091826        0.04464985        3.08000000        1.11275394
    46.13354386       60.56320984        1.19277151        0.04240794        3.08000000        1.11035530
    46.17338494       60.63426394        1.19462193        0.04015744        3.08000000        1.10795926
    46.21307697       60.70531803        1.19646951        0.03789830        3.08000000        1.10556583
    46.25261907       60.77637213        1.19831424        0.03563047        3.08000000        1.10317500
    46.29201033       60.84742622        1.20015609        0.03335391        3.08000000        1.10078677
    46.33124985       60.91848031        1.20199507        0.03106858        3.08000000        1.09840116
    46.37033669       60.98953441        1.20383116        0.02877442        3.08000000        1.09601815
    46.40926993       61.06058850        1.20566435        0.02647138        3.08000000        1.09363775
    46.44804864       61.13164260        1.20749463        0.02415942        3.08000000        1.09125996
    46.48667187       61.20269669        1.20932198        0.02183849        3.08000000        1.08888479
    46.52513867       61.27375079        1.21114639        0.01950854        3.08000000        1.08651224
    46.56344807       61.34480488        1.21296786        0.01716952        3.08000000        1.08414230
    46.60159911       61.41585897        1.21478636        0.01482138        3.08000000        1.08177498
    46.63959081       61.48691307        1.21660190        0.01246407        3.08000000        1.07941029
    46.67742219       61.55796716        1.21841445        0.01009755        3.08000000        1.07704821
    46.71509223       61.62902126        1.22022400        0.00772175        3.08000000        1.07468877
    46.75259996       61.70007535        1.22203055        0.00533664        3.08000000        1.07233195
    46.78994434       61.77112945        1.22383408        0.00294215        3.08000000        1.06997776
    46.82712436       61.84218354        1.22563458        0.00053824        3.08000000        1.06762620
    46.86413898       61.91323763        1.22743204       -0.00187514        3.08000000        1.06527728
    46.90098718       61.98429173        1.22922645       -0.00429805        3.08000000        1.06293099
    46.93766789       62.05534582        1.23101779       -0.00673054        3.08000000        1.06058735
    46.97418005       62.12639992        1.23280605       -0.00917265        3.08000000        1.05824634
    47.01052261       62.19745401        1.23459123       -0.01162446        3.08000000        1.05590798
    47.04669447       62.26850810        1.23637331       -0.01408600        3.08000000        1.05357226
    47.08269457       62.33956220        1.23815227       -0.01655733        3.08000000        1.05123920
    47.11852179       62.41061629        1.23992812       -0.01903851        3.08000000        1.04890878
    47.15417503       62.48167039        1.24170083       -0.02152958        3.08000000        1.04658102
    47.18965317       62.55272448        1.24347040       -0.02403061        3.08000000        1.04425592
    47.22495509       62.62377858        1.24523681       -0.02654166        3.08000000        1.04193347
    47.26007965       62.69483267        1.24700005       -0.02906276        3.08000000        1.03961369
    47.29502571       62.76588676        1.24876011       -0.03159399        3.08000000        1.03729657
    47.32979210       62.83694086        1.25051698       -0.03413539        3.08000000        1.03498213
    47.36437765       62.90799495        1.25227065       -0.03668703        3.08000000        1.03267035
    47.39878120       62.97904905        1.25402110       -0.03924896        3.08000000        1.03036124
    47.43300155       63.05010314        1.25576833       -0.04182123        3.08000000        1.02805482
    47.46703749       63.12115724        1.25751232       -0.04440391        3.08000000        1.02575107
    47.50088783       63.19221133        1.25925307       -0.04699705        3.08000000        1.02345001
    47.53455133       63.26326542        1.26099055       -0.04960071        3.08000000        1.02115163
    47.56802677       63.33431952        1.26272476       -0.05221495        3.08000000        1.01885594
    47.60131290       63.40537361        1.26445570       -0.05483983        3.08000000        1.01656295
    47.63440847       63.47642771        1.26618333       -0.05747541        3.08000000        1.01427266
    47.66731221       63.54748180        1.26790767       -0.06012174        3.08000000        1.01198506
    47.70002284       63.61853589        1.26962869       -0.06277889        3.08000000        1.00970017
    47.73253907       63.68958999        1.27134638       -0.06544692        3.08000000        1.00741798
    47.76485960       63.76064408        1.27306073       -0.06812588        3.08000000        1.00513851
    47.79698312       63.83169818        1.27477173       -0.07081585        3.08000000        1.00286175
    47.82890830       63.90275227        1.27647937       -0.07351687        3.08000000        1.00058771
    47.86063380       63.97380637        1.27818364       -0.07622902        3.08000000        0.99831640
    47.89215827       64.04486046        1.27988452       -0.07895235        3.08000000        0.99604781
    47.92348036       64.11591455        1.28158201       -0.08168693        3.08000000        0.99378195
    47.95459868       64.18696865        1.28327609       -0.08443282        3.08000000        0.99151882
    47.98551185       64.25802274        1.28496676       -0.08719008        3.08000000        0.98925843
    48.01621846       64.32907684        1.28665400       -0.08995878        3.08000000        0.98700079
    48.04671711       64.40013093        1.28833780       -0.09273898        3.08000000        0.98474589
    48.07700636       64.47118503        1.29001814       -0.09553075        3.08000000        0.98249374
    48.10708478       64.54223912        1.29169503       -0.09833414        3.08000000        0.98024435
    48.13695092       64.61329321        1.29336844       -0.10114924        3.08000000        0.97799772
    48.16660330       64.68434731        1.29503837       -0.10397609        3.08000000        0.97575386
    48.19604045       64.75540140        1.29670480       -0.10681477        3.08000000        0.97351276
    48.22526087       64.82645550        1.29836773       -0.10966534        3.08000000        0.97127444
    48.25426305       64.89750959        1.30002713       -0.11252787        3.08000000        0.96903889
    48.28304548       64.96856368        1.30168301       -0.11540243        3.08000000        0.96680613
    48.31160661       65.03961778        1.30333535       -0.11828908        3.08000000        0.96457616
    48.33994490       65.11067187        1.30498414       -0.12118790        3.08000000        0.96234898
    48.36805877       65.18172597        1.30662937       -0.12409894        3.08000000        0.96012460
    48.39594665       65.25278006        1.30827102       -0.12702228        3.08000000        0.95790302
    48.42360694       65.32383416        1.30990909       -0.12995800        3.08000000        0.95568425
    48.45103804       65.39488825        1.31154357       -0.13290614        3.08000000        0.95346830
    48.47823832       65.46594234        1.31317443       -0.13586680        3.08000000        0.95125516
    48.50520613       65.53699644        1.31480169       -0.13884003        3.08000000        0.94904485
    48.53193982       65.60805053        1.31642531       -0.14182591        3.08000000        0.94683736
    48.55843772       65.67910463        1.31804529       -0.14482451        3.08000000        0.94463271
    48.58469814       65.75015872        1.31966163       -0.14783590        3.08000000        0.94243091
    48.61071937       65.82121281        1.32127430       -0.15086015        3.08000000        0.94023195
    48.63649970       65.89226691        1.32288330       -0.15389733        3.08000000        0.93803584
    48.66203739       65.96332100        1.32448862       -0.15694752        3.08000000        0.93584259
    48.68733069       66.03437510        1.32609024       -0.16001079        3.08000000        0.93365220
    48.71237782       66.10542919        1.32768816       -0.16308721        3.08000000        0.93146469
    48.73717700       66.17648329        1.32928236       -0.16617685        3.08000000        0.92928005
    48.76172643       66.24753738        1.33087284       -0.16927979        3.08000000        0.92709829
    48.78602428       66.31859147        1.33245957       -0.17239611        3.08000000        0.92491942
    48.81006871       66.38964557        1.33404256       -0.17552587        3.08000000        0.92274345
    48.83385787       66.46069966        1.33562179       -0.17866916        3.08000000        0.92057038
    48.85738989       66.53175376        1.33719725       -0.18182605        3.08000000        0.91840021
    48.88066286       66.60280785        1.33876893       -0.18499661        3.08000000        0.91623297
    48.90367489       66.67386195        1.34033681       -0.18818092        3.08000000        0.91406864
    48.92642404       66.74491604        1.34190090       -0.19137906        3.08000000        0.91190724
    48.94890836       66.81597013        1.34346116       -0.19459110        3.08000000        0.90974877
    48.97112588       66.88702423        1.34501761       -0.19781713        3.08000000        0.90759325
    48.99307462       66.95807832        1.34657021       -0.20105721        3.08000000        0.90544067
    49.01475258       67.02913242        1.34811897       -0.20431143        3.08000000        0.90329105
    49.03615773       67.10018651        1.34966388       -0.20757987        3.08000000        0.90114440
    49.05728801       67.17124060        1.35120491       -0.21086260        3.08000000        0.89900071
    49.07814138       67.24229470        1.35274207       -0.21415970        3.08000000        0.89686001
    49.09871574       67.31334879        1.35427533       -0.21747126        3.08000000        0.89472229
    49.11900899       67.38440289        1.35580469       -0.22079735        3.08000000        0.89258756
    49.13901900       67.45545698        1.35733015       -0.22413805        3.08000000        0.89045583
    49.15874362       67.52651108        1.35885168       -0.22749345        3.08000000        0.88832711
    49.17818069       67.59756517        1.36036927       -0.23086362        3.08000000        0.88620141
    49.19732801       67.66861926        1.36188292       -0.23424865        3.08000000        0.88407873
    49.21618338       67.73967336        1.36339262       -0.23764861        3.08000000        0.88195908
    49.23474456       67.81072745        1.36489835       -0.24106359        3.08000000        0.87984248
    49.25300930       67.88178155        1.36640011       -0.24449367        3.08000000        0.87772892
    49.27097532       67.95283564        1.36789787       -0.24793894        3.08000000        0.87561842
    49.28864031       68.02388974        1.36939164       -0.25139947        3.08000000        0.87351098
    49.30600196       68.09494383        1.37088140       -0.25487535        3.08000000        0.87140663
    49.32305792       68.16599792        1.37236714       -0.25836666        3.08000000        0.86930535
    49.33980581       68.23705202        1.37384885       -0.26187349        3.08000000        0.86720716
    49.35624325       68.30810611        1.37532651       -0.26539592        3.08000000        0.86511208
    49.37236783       68.37916021        1.37680013       -0.26893404        3.08000000        0.86302011
    49.38817708       68.45021430        1.37826968       -0.27248793        3.08000000        0.86093125
    49.40366856       68.52126839        1.37973516       -0.27605767        3.08000000        0.85884552
    49.41883977       68.59232249        1.38119655       -0.27964334        3.08000000        0.85676293
    49.43368819       68.66337658        1.38265385       -0.28324505        3.08000000        0.85468349
    49.44821129       68.73443068        1.38410704       -0.28686287        3.08000000        0.85260720
    49.46240649       68.80548477        1.38555611       -0.29049688        3.08000000        0.85053408
    49.47627121       68.87653887        1.38700105       -0.29414717        3.08000000        0.84846414
    49.48980282       68.94759296        1.38844186       -0.29781384        3.08000000        0.84639738
    49.50299868       69.01864705        1.38987852       -0.30149696        3.08000000        0.84433381
    49.51585611       69.08970115        1.39131101       -0.30519662        3.08000000        0.84227346
    49.52837243       69.16075524        1.39273934       -0.30891292        3.08000000        0.84021631
    49.54054490       69.23180934        1.39416348       -0.31264593        3.08000000        0.83816240
    49.55237077       69.30286343        1.39558343       -0.31639574        3.08000000        0.83611172
    49.56384725       69.37391752        1.39699918       -0.32016245        3.08000000        0.83406429
    49.57497153       69.44497162        1.39841071       -0.32394614        3.08000000        0.83202012
    49.58574078       69.51602571        1.39981801       -0.32774690        3.08000000        0.82997921
    49.59615212       69.58707981        1.40122108       -0.33156481        3.08000000        0.82794159
    49.60620267       69.65813390        1.40261991       -0.33539997        3.08000000        0.82590726
    49.61588948       69.72918800        1.40401447       -0.33925246        3.08000000        0.82387623
    49.62520961       69.80024209        1.40540476       -0.34312237        3.08000000        0.82184851
    49.63416006       69.87129618        1.40679078       -0.34700980        3.08000000        0.81982412
    49.64273782       69.94235028        1.40817250       -0.35091482        3.08000000        0.81780306
    49.65093983       70.01340437        1.40954993       -0.35483753        3.08000000        0.81578536
    49.65876302       70.08445847        1.41092303       -0.35877802        3.08000000        0.81377101
    49.66620427       70.15551256        1.41229182       -0.36273637        3.08000000        0.81176003
    49.67326043       70.22656666        1.41365627       -0.36671268        3.08000000        0.80975244
    49.67992834       70.29762075        1.41501638       -0.37070703        3.08000000        0.80774825
    49.68620477       70.36867484        1.41637213       -0.37471951        3.08000000        0.80574747
    49.69208648       70.43972894        1.41772351       -0.37875022        3.08000000        0.80375010
    49.69757020       70.51078303        1.41907051       -0.38279923        3.08000000        0.80175617
    49.70265261       70.58183713        1.42041313       -0.38686664        3.08000000        0.79976569
    49.70733038       70.65289122        1.42175134       -0.39095255        3.08000000        0.79777867
    49.71160010       70.72394531        1.42308514       -0.39505703        3.08000000        0.79579512
    49.71545838       70.79499941        1.42441452       -0.39918017        3.08000000        0.79381505
    49.71890175       70.86605350        1.42573946       -0.40332207        3.08000000        0.79183849
    49.72192673       70.93710760        1.42705996       -0.40748280        3.08000000        0.78986544
    49.72452980       71.00816169        1.42837601       -0.41166247        3.08000000        0.78789591
    49.72670739       71.07921579        1.42968759       -0.41586116        3.08000000        0.78592992
    49.72845590       71.15026988        1.43099468       -0.42007895        3.08000000        0.78396749
    49.72977170       71.22132397        1.43229729       -0.42431594        3.08000000        0.78200863
    49.73065111       71.29237807        1.43359540       -0.42857220        3.08000000        0.78005335
    49.73109041       71.36343216        1.43488900       -0.43284783        3.08000000        0.77810166
