#  Theta paroi en deg Angle Choc en deg       Kp           Inverse Mach       Mach amont       Mach aval
     0.00000000       23.18497011        0.00000000        0.60629921        2.54000000
     1.76925572       23.18697456        0.00548241        0.60384329        2.54000000        2.53987725
     2.13200135       23.18977914        0.00749338        0.60295022        2.54000000        2.53970553
     2.52343749       23.19498411        0.00991723        0.60187918        2.54000000        2.53938692
     2.94622314       23.20418974        0.01280832        0.60060926        2.54000000        2.53882368
     3.38305837       23.21899628        0.01607282        0.59918498        2.54000000        2.53791846
     3.82370184       23.24100399        0.01963412        0.59764260        2.54000000        2.53657457
     4.26422161       23.27181315        0.02345001        0.59600281        2.54000000        2.53469643
     4.70399968       23.31302400        0.02750344        0.59427508        2.54000000        2.53218998
     5.14395421       23.36623681        0.03179366        0.59246177        2.54000000        2.52896326
     5.58567136       23.43305184        0.03633065        0.59056079        2.54000000        2.52492704
     5.95435264       23.49986687        0.04028949        0.58891556        2.54000000        2.52090763
     6.27564634       23.56668190        0.04386484        0.58744016        2.54000000        2.51690481
     6.56339968       23.63349693        0.04716476        0.58608697        2.54000000        2.51291834
     6.82600935       23.70031196        0.05025620        0.58482651        2.54000000        2.50894798
     7.06898242       23.76712699        0.05318381        0.58363913        2.54000000        2.50499352
     7.29614195       23.83394202        0.05597905        0.58251100        2.54000000        2.50105474
     7.51025889       23.90075705        0.05866497        0.58143196        2.54000000        2.49713142
     7.71341088       23.96757208        0.06125906        0.58039433        2.54000000        2.49322334
     7.90719908       24.03438711        0.06377491        0.57939213        2.54000000        2.48933030
     8.09288554       24.10120214        0.06622330        0.57842061        2.54000000        2.48545209
     8.27148413       24.16801717        0.06861296        0.57747592        2.54000000        2.48158852
     8.44382257       24.23483220        0.07095108        0.57655490        2.54000000        2.47773938
     8.61058617       24.30164723        0.07324360        0.57565492        2.54000000        2.47390447
     8.77234910       24.36846226        0.07549557        0.57477377        2.54000000        2.47008362
     8.92959769       24.43527729        0.07771124        0.57390955        2.54000000        2.46627662
     9.08274772       24.50209231        0.07989428        0.57306064        2.54000000        2.46248330
     9.23215767       24.56890734        0.08204787        0.57222563        2.54000000        2.45870348
     9.37813898       24.63572237        0.08417477        0.57140331        2.54000000        2.45493697
     9.52096403       24.70253740        0.08627739        0.57059258        2.54000000        2.45118360
     9.66087256       24.76935243        0.08835787        0.56979251        2.54000000        2.44744319
     9.79807676       24.83616746        0.09041811        0.56900224        2.54000000        2.44371559
     9.93276541       24.90298249        0.09245979        0.56822102        2.54000000        2.44000062
    10.06510725       24.96979752        0.09448442        0.56744818        2.54000000        2.43629812
    10.19525377       25.03661255        0.09649335        0.56668310        2.54000000        2.43260792
    10.32334152       25.10342758        0.09848781        0.56592523        2.54000000        2.42892988
    10.44949409       25.17024261        0.10046892        0.56517407        2.54000000        2.42526383
    10.57382366       25.23705764        0.10243766        0.56442916        2.54000000        2.42160962
    10.69643245       25.30387267        0.10439496        0.56369010        2.54000000        2.41796710
    10.81741381       25.37068770        0.10634165        0.56295649        2.54000000        2.41433612
    10.93685334       25.43750273        0.10827850        0.56222799        2.54000000        2.41071655
    11.05482964       25.50431776        0.11020622        0.56150427        2.54000000        2.40710822
    11.17141511       25.57113279        0.11212545        0.56078503        2.54000000        2.40351101
    11.28667662       25.63794782        0.11403678        0.56007000        2.54000000        2.39992478
    11.40067602       25.70476285        0.11594077        0.55935893        2.54000000        2.39634939
    11.51347067       25.77157788        0.11783793        0.55865156        2.54000000        2.39278470
    11.62511389       25.83839291        0.11972873        0.55794769        2.54000000        2.38923059
    11.73565526       25.90520794        0.12161362        0.55724710        2.54000000        2.38568692
    11.84514106       25.97202297        0.12349299        0.55654960        2.54000000        2.38215357
    11.95361451       26.03883800        0.12536725        0.55585501        2.54000000        2.37863041
    12.06111607       26.10565303        0.12723673        0.55516315        2.54000000        2.37511732
    12.16768361       26.17246806        0.12910177        0.55447387        2.54000000        2.37161418
    12.27335272       26.23928309        0.13096269        0.55378702        2.54000000        2.36812087
    12.37815683       26.30609812        0.13281978        0.55310245        2.54000000        2.36463727
    12.48212741       26.37291315        0.13467331        0.55242003        2.54000000        2.36116327
    12.58529411       26.43972818        0.13652353        0.55173964        2.54000000        2.35769875
    12.68768489       26.50654321        0.13837070        0.55106115        2.54000000        2.35424360
    12.78932619       26.57335824        0.14021504        0.55038444        2.54000000        2.35079771
    12.89024302       26.64017327        0.14205676        0.54970942        2.54000000        2.34736098
    12.99045903       26.70698830        0.14389607        0.54903598        2.54000000        2.34393328
    13.08999665       26.77380333        0.14573315        0.54836402        2.54000000        2.34051454
    13.18887716       26.84061836        0.14756820        0.54769346        2.54000000        2.33710463
    13.28712077       26.90743339        0.14940137        0.54702419        2.54000000        2.33370345
    13.38474670       26.97424842        0.15123283        0.54635614        2.54000000        2.33031091
    13.48177321       27.04106345        0.15306274        0.54568922        2.54000000        2.32692691
    13.57821771       27.10787848        0.15489124        0.54502337        2.54000000        2.32355136
    13.67409680       27.17469351        0.15671846        0.54435850        2.54000000        2.32018415
    13.76942629       27.24150854        0.15854454        0.54369456        2.54000000        2.31682519
    13.86422129       27.30832357        0.16036959        0.54303146        2.54000000        2.31347439
    13.95849623       27.37513860        0.16219375        0.54236914        2.54000000        2.31013166
    14.05226491       27.44195363        0.16401712        0.54170755        2.54000000        2.30679691
    14.14554052       27.50876866        0.16583980        0.54104663        2.54000000        2.30347005
    14.23833570       27.57558369        0.16766190        0.54038631        2.54000000        2.30015100
    14.33066257       27.64239872        0.16948351        0.53972654        2.54000000        2.29683967
    14.42253271       27.70921375        0.17130473        0.53906727        2.54000000        2.29353597
    14.51395727       27.77602878        0.17312564        0.53840845        2.54000000        2.29023983
    14.60494694       27.84284381        0.17494633        0.53775003        2.54000000        2.28695116
    14.69551197       27.90965884        0.17676687        0.53709197        2.54000000        2.28366987
    14.78566224       27.97647387        0.17858735        0.53643421        2.54000000        2.28039590
    14.87540721       28.04328890        0.18040782        0.53577671        2.54000000        2.27712917
    14.96475603       28.11010393        0.18222837        0.53511944        2.54000000        2.27386959
    15.05371747       28.17691896        0.18404906        0.53446234        2.54000000        2.27061710
    15.14229999       28.24373399        0.18586995        0.53380539        2.54000000        2.26737161
    15.23051172       28.31054902        0.18769109        0.53314853        2.54000000        2.26413306
    15.31836055       28.37736405        0.18951256        0.53249175        2.54000000        2.26090137
    15.40585404       28.44417908        0.19133440        0.53183498        2.54000000        2.25767647
    15.49299949       28.51099411        0.19315666        0.53117822        2.54000000        2.25445830
    15.57980398       28.57780914        0.19497940        0.53052141        2.54000000        2.25124677
    15.66627432       28.64462417        0.19680266        0.52986453        2.54000000        2.24804184
    15.75241707       28.71143920        0.19862649        0.52920754        2.54000000        2.24484342
    15.83823864       28.77825423        0.20045093        0.52855042        2.54000000        2.24165145
    15.92374516       28.84506926        0.20227603        0.52789314        2.54000000        2.23846587
    16.00894257       28.91188429        0.20410182        0.52723565        2.54000000        2.23528662
    16.09383667       28.97869932        0.20592834        0.52657795        2.54000000        2.23211363
    16.17843301       29.04551435        0.20775564        0.52591999        2.54000000        2.22894683
    16.26273701       29.11232938        0.20958374        0.52526175        2.54000000        2.22578618
    16.34675389       29.17914441        0.21141267        0.52460321        2.54000000        2.22263160
    16.43048874       29.24595944        0.21324248        0.52394434        2.54000000        2.21948304
    16.51394646       29.31277447        0.21507318        0.52328512        2.54000000        2.21634044
    16.59713184       29.37958950        0.21690482        0.52262551        2.54000000        2.21320375
    16.68004949       29.44640453        0.21873741        0.52196551        2.54000000        2.21007290
    16.76270391       29.51321956        0.22057099        0.52130507        2.54000000        2.20694784
    16.84509946       29.58003459        0.22240557        0.52064419        2.54000000        2.20382852
    16.92724038       29.64684962        0.22424120        0.51998284        2.54000000        2.20071487
    17.00913077       29.71366465        0.22607788        0.51932099        2.54000000        2.19760686
    17.09077462       29.78047968        0.22791564        0.51865864        2.54000000        2.19450442
    17.17217583       29.84729471        0.22975450        0.51799574        2.54000000        2.19140751
    17.25333817       29.91410974        0.23159449        0.51733230        2.54000000        2.18831607
    17.33426532       29.98092477        0.23343561        0.51666828        2.54000000        2.18523005
    17.41496083       30.04773980        0.23527790        0.51600366        2.54000000        2.18214940
    17.49542819       30.11455483        0.23712137        0.51533844        2.54000000        2.17907407
    17.57567079       30.18136986        0.23896603        0.51467259        2.54000000        2.17600403
    17.65569190       30.24818489        0.24081190        0.51400608        2.54000000        2.17293921
    17.73549474       30.31499992        0.24265900        0.51333891        2.54000000        2.16987957
    17.81508243       30.38181495        0.24450733        0.51267106        2.54000000        2.16682506
    17.89445801       30.44862998        0.24635693        0.51200250        2.54000000        2.16377565
    17.97362444       30.51544501        0.24820779        0.51133323        2.54000000        2.16073128
    18.05258462       30.58226004        0.25005993        0.51066322        2.54000000        2.15769191
    18.13134136       30.64907507        0.25191336        0.50999247        2.54000000        2.15465750
    18.20989739       30.71589010        0.25376810        0.50932095        2.54000000        2.15162801
    18.28825542       30.78270513        0.25562415        0.50864864        2.54000000        2.14860338
    18.36641804       30.84952015        0.25748153        0.50797554        2.54000000        2.14558359
    18.44438780       30.91633518        0.25934024        0.50730163        2.54000000        2.14256858
    18.52216719       30.98315021        0.26120029        0.50662689        2.54000000        2.13955833
    18.59975865       31.04996524        0.26306170        0.50595130        2.54000000        2.13655278
    18.67716453       31.11678027        0.26492446        0.50527487        2.54000000        2.13355190
    18.75438715       31.18359530        0.26678859        0.50459756        2.54000000        2.13055565
    18.83142877       31.25041033        0.26865410        0.50391937        2.54000000        2.12756400
    18.90829160       31.31722536        0.27052098        0.50324028        2.54000000        2.12457690
    18.98497780       31.38404039        0.27238925        0.50256028        2.54000000        2.12159432
    19.06148948       31.45085542        0.27425892        0.50187935        2.54000000        2.11861622
    19.13782869       31.51767045        0.27612998        0.50119749        2.54000000        2.11564257
    19.21399746       31.58448548        0.27800245        0.50051468        2.54000000        2.11267332
    19.28999773       31.65130051        0.27987632        0.49983091        2.54000000        2.10970845
    19.36583145       31.71811554        0.28175160        0.49914616        2.54000000        2.10674792
    19.44150049       31.78493057        0.28362830        0.49846042        2.54000000        2.10379169
    19.51700670       31.85174560        0.28550642        0.49777368        2.54000000        2.10083974
    19.59235187       31.91856063        0.28738595        0.49708593        2.54000000        2.09789202
    19.66753777       31.98537566        0.28926692        0.49639716        2.54000000        2.09494851
    19.74256612       32.05219069        0.29114931        0.49570735        2.54000000        2.09200918
    19.81743862       32.11900572        0.29303313        0.49501649        2.54000000        2.08907398
    19.89215691       32.18582075        0.29491837        0.49432458        2.54000000        2.08614290
    19.96672260       32.25263578        0.29680506        0.49363159        2.54000000        2.08321590
    20.04113729       32.31945081        0.29869317        0.49293753        2.54000000        2.08029294
    20.11540253       32.38626584        0.30058272        0.49224237        2.54000000        2.07737401
    20.18951983       32.45308087        0.30247370        0.49154611        2.54000000        2.07445906
    20.26349068       32.51989590        0.30436612        0.49084873        2.54000000        2.07154808
    20.33731654       32.58671093        0.30625998        0.49015023        2.54000000        2.06864102
    20.41099883       32.65352596        0.30815527        0.48945059        2.54000000        2.06573787
    20.48453895       32.72034099        0.31005199        0.48874981        2.54000000        2.06283860
    20.55793828       32.78715602        0.31195015        0.48804787        2.54000000        2.05994317
    20.63119816       32.85397105        0.31384975        0.48734477        2.54000000        2.05705156
    20.70431991       32.92078608        0.31575078        0.48664049        2.54000000        2.05416374
    20.77730481       32.98760111        0.31765324        0.48593502        2.54000000        2.05127969
    20.85015414       33.05441614        0.31955713        0.48522835        2.54000000        2.04839939
    20.92286913       33.12123117        0.32146244        0.48452048        2.54000000        2.04552279
    20.99545100       33.18804620        0.32336919        0.48381139        2.54000000        2.04264989
    21.06790094       33.25486123        0.32527736        0.48310108        2.54000000        2.03978065
    21.14022013       33.32167626        0.32718695        0.48238953        2.54000000        2.03691505
    21.21240971       33.38849129        0.32909796        0.48167673        2.54000000        2.03405306
    21.28447081       33.45530632        0.33101039        0.48096268        2.54000000        2.03119466
    21.35640454       33.52212135        0.33292424        0.48024737        2.54000000        2.02833984
    21.42821198       33.58893638        0.33483949        0.47953078        2.54000000        2.02548855
    21.49989418       33.65575141        0.33675616        0.47881291        2.54000000        2.02264079
    21.57145221       33.72256644        0.33867423        0.47809375        2.54000000        2.01979652
    21.64288708       33.78938147        0.34059370        0.47737328        2.54000000        2.01695573
    21.71419979       33.85619650        0.34251458        0.47665151        2.54000000        2.01411839
    21.78539135       33.92301153        0.34443684        0.47592842        2.54000000        2.01128448
    21.85646271       33.98982656        0.34636050        0.47520399        2.54000000        2.00845399
    21.92741482       34.05664159        0.34828554        0.47447824        2.54000000        2.00562688
    21.99824863       34.12345662        0.35021197        0.47375113        2.54000000        2.00280313
    22.06896504       34.19027165        0.35213978        0.47302267        2.54000000        1.99998274
    22.13956497       34.25708668        0.35406896        0.47229285        2.54000000        1.99716567
    22.21004929       34.32390171        0.35599951        0.47156165        2.54000000        1.99435190
    22.28041887       34.39071674        0.35793142        0.47082908        2.54000000        1.99154143
    22.35067457       34.45753177        0.35986470        0.47009511        2.54000000        1.98873421
    22.42081722       34.52434680        0.36179933        0.46935975        2.54000000        1.98593025
    22.49084766       34.59116183        0.36373531        0.46862298        2.54000000        1.98312951
    22.56076668       34.65797686        0.36567264        0.46788480        2.54000000        1.98033198
    22.63057508       34.72479189        0.36761130        0.46714519        2.54000000        1.97753765
    22.70027364       34.79160692        0.36955130        0.46640415        2.54000000        1.97474648
    22.76986314       34.85842195        0.37149263        0.46566167        2.54000000        1.97195847
    22.83934431       34.92523698        0.37343529        0.46491775        2.54000000        1.96917359
    22.90871792       34.99205201        0.37537926        0.46417236        2.54000000        1.96639184
    22.97798467       35.05886704        0.37732454        0.46342551        2.54000000        1.96361318
    23.04714529       35.12568207        0.37927113        0.46267719        2.54000000        1.96083761
    23.11620049       35.19249710        0.38121902        0.46192739        2.54000000        1.95806510
    23.18515094       35.25931213        0.38316820        0.46117610        2.54000000        1.95529565
    23.25399733       35.32612716        0.38511867        0.46042331        2.54000000        1.95252923
    23.32274033       35.39294219        0.38707043        0.45966902        2.54000000        1.94976582
    23.39138060       35.45975722        0.38902346        0.45891322        2.54000000        1.94700542
    23.45991877       35.52657225        0.39097775        0.45815589        2.54000000        1.94424800
    23.52835548       35.59338728        0.39293331        0.45739703        2.54000000        1.94149356
    23.59669136       35.66020231        0.39489013        0.45663664        2.54000000        1.93874206
    23.66492702       35.72701734        0.39684819        0.45587470        2.54000000        1.93599351
    23.73306306       35.79383237        0.39880750        0.45511121        2.54000000        1.93324788
    23.80110007       35.86064740        0.40076804        0.45434615        2.54000000        1.93050516
    23.86903863       35.92746243        0.40272982        0.45357953        2.54000000        1.92776534
    23.93687932       35.99427746        0.40469281        0.45281134        2.54000000        1.92502839
    24.00462270       36.06109249        0.40665702        0.45204155        2.54000000        1.92229432
    24.07226932       36.12790752        0.40862243        0.45127018        2.54000000        1.91956309
    24.13981972       36.19472255        0.41058905        0.45049720        2.54000000        1.91683470
    24.20727445       36.26153758        0.41255686        0.44972262        2.54000000        1.91410914
    24.27463403       36.32835261        0.41452585        0.44894642        2.54000000        1.91138639
    24.34189897       36.39516764        0.41649603        0.44816860        2.54000000        1.90866643
    24.40906977       36.46198267        0.41846737        0.44738915        2.54000000        1.90594926
    24.47614696       36.52879770        0.42043988        0.44660806        2.54000000        1.90323486
    24.54313101       36.59561273        0.42241354        0.44582532        2.54000000        1.90052322
    24.61002240       36.66242776        0.42438835        0.44504093        2.54000000        1.89781433
    24.67682162       36.72924279        0.42636431        0.44425487        2.54000000        1.89510817
    24.74352912       36.79605782        0.42834139        0.44346715        2.54000000        1.89240473
    24.81014538       36.86287285        0.43031960        0.44267775        2.54000000        1.88970400
    24.87667083       36.92968788        0.43229893        0.44188666        2.54000000        1.88700596
    24.94310594       36.99650291        0.43427936        0.44109388        2.54000000        1.88431061
    25.00945112       37.06331794        0.43626090        0.44029940        2.54000000        1.88161794
    25.07570682       37.13013297        0.43824353        0.43950322        2.54000000        1.87892793
    25.14187345       37.19694799        0.44022724        0.43870532        2.54000000        1.87624056
    25.20795143       37.26376302        0.44221204        0.43790569        2.54000000        1.87355584
    25.27394117       37.33057805        0.44419790        0.43710433        2.54000000        1.87087374
    25.33984308       37.39739308        0.44618482        0.43630124        2.54000000        1.86819427
    25.40565753       37.46420811        0.44817279        0.43549640        2.54000000        1.86551739
    25.47138493       37.53102314        0.45016181        0.43468980        2.54000000        1.86284312
    25.53702566       37.59783817        0.45215186        0.43388145        2.54000000        1.86017143
    25.60258008       37.66465320        0.45414294        0.43307132        2.54000000        1.85750231
    25.66804858       37.73146823        0.45613504        0.43225942        2.54000000        1.85483576
    25.73343150       37.79828326        0.45812815        0.43144573        2.54000000        1.85217176
    25.79872922       37.86509829        0.46012226        0.43063026        2.54000000        1.84951031
    25.86394207       37.93191332        0.46211736        0.42981298        2.54000000        1.84685139
    25.92907041       37.99872835        0.46411345        0.42899389        2.54000000        1.84419500
    25.99411457       38.06554338        0.46611051        0.42817299        2.54000000        1.84154112
    26.05907489       38.13235841        0.46810854        0.42735027        2.54000000        1.83888974
    26.12395168       38.19917344        0.47010752        0.42652572        2.54000000        1.83624086
    26.18874528       38.26598847        0.47210746        0.42569933        2.54000000        1.83359447
    26.25345600       38.33280350        0.47410834        0.42487110        2.54000000        1.83095056
    26.31808415       38.39961853        0.47611015        0.42404101        2.54000000        1.82830912
    26.38263004       38.46643356        0.47811288        0.42320906        2.54000000        1.82567013
    26.44709395       38.53324859        0.48011652        0.42237524        2.54000000        1.82303360
    26.51147620       38.60006362        0.48212107        0.42153955        2.54000000        1.82039950
    26.57577707       38.66687865        0.48412652        0.42070197        2.54000000        1.81776785
    26.63999683       38.73369368        0.48613285        0.41986250        2.54000000        1.81513861
    26.70413578       38.80050871        0.48814006        0.41902114        2.54000000        1.81251180
    26.76819419       38.86732374        0.49014814        0.41817786        2.54000000        1.80988739
    26.83217232       38.93413877        0.49215707        0.41733267        2.54000000        1.80726538
    26.89607044       39.00095380        0.49416686        0.41648556        2.54000000        1.80464577
    26.95988880       39.06776883        0.49617749        0.41563652        2.54000000        1.80202854
    27.02362767       39.13458386        0.49818895        0.41478554        2.54000000        1.79941368
    27.08728730       39.20139889        0.50020123        0.41393261        2.54000000        1.79680120
    27.15086793       39.26821392        0.50221433        0.41307773        2.54000000        1.79419107
    27.21436979       39.33502895        0.50422822        0.41222089        2.54000000        1.79158330
    27.27779313       39.40184398        0.50624292        0.41136209        2.54000000        1.78897788
    27.34113819       39.46865901        0.50825840        0.41050130        2.54000000        1.78637479
    27.40440518       39.53547404        0.51027465        0.40963853        2.54000000        1.78377404
    27.46759433       39.60228907        0.51229167        0.40877377        2.54000000        1.78117561
    27.53070586       39.66910410        0.51430944        0.40790700        2.54000000        1.77857949
    27.59373998       39.73591913        0.51632797        0.40703823        2.54000000        1.77598569
    27.65669691       39.80273416        0.51834723        0.40616744        2.54000000        1.77339419
    27.71957685       39.86954919        0.52036722        0.40529463        2.54000000        1.77080499
    27.78238001       39.93636422        0.52238793        0.40441979        2.54000000        1.76821807
    27.84510658       40.00317925        0.52440934        0.40354290        2.54000000        1.76563344
    27.90775676       40.06999428        0.52643146        0.40266397        2.54000000        1.76305109
    27.97033074       40.13680931        0.52845426        0.40178298        2.54000000        1.76047100
    28.03282870       40.20362434        0.53047775        0.40089993        2.54000000        1.75789318
    28.09525082       40.27043937        0.53250190        0.40001481        2.54000000        1.75531762
    28.15759730       40.33725440        0.53452672        0.39912760        2.54000000        1.75274431
    28.21986830       40.40406943        0.53655218        0.39823831        2.54000000        1.75017324
    28.28206399       40.47088446        0.53857829        0.39734693        2.54000000        1.74760441
    28.34418454       40.53769949        0.54060503        0.39645343        2.54000000        1.74503781
    28.40623012       40.60451452        0.54263239        0.39555783        2.54000000        1.74247344
    28.46820088       40.67132955        0.54466036        0.39466011        2.54000000        1.73991130
    28.53009698       40.73814458        0.54668893        0.39376025        2.54000000        1.73735136
    28.59191858       40.80495961        0.54871810        0.39285826        2.54000000        1.73479364
    28.65366583       40.87177464        0.55074785        0.39195413        2.54000000        1.73223812
    28.71533888       40.93858967        0.55277817        0.39104784        2.54000000        1.72968479
    28.77693786       41.00540470        0.55480905        0.39013939        2.54000000        1.72713366
    28.83846291       41.07221973        0.55684048        0.38922877        2.54000000        1.72458472
    28.89991417       41.13903476        0.55887245        0.38831597        2.54000000        1.72203796
    28.96129178       41.20584979        0.56090496        0.38740099        2.54000000        1.71949338
    29.02259586       41.27266482        0.56293799        0.38648381        2.54000000        1.71695096
    29.08382655       41.33947985        0.56497153        0.38556443        2.54000000        1.71441071
    29.14498395       41.40629488        0.56700558        0.38464284        2.54000000        1.71187263
    29.20606820       41.47310991        0.56904011        0.38371903        2.54000000        1.70933670
    29.26707941       41.53992494        0.57107513        0.38279299        2.54000000        1.70680292
    29.32801770       41.60673997        0.57311062        0.38186471        2.54000000        1.70427128
    29.38888316       41.67355500        0.57514657        0.38093419        2.54000000        1.70174179
    29.44967592       41.74037003        0.57718297        0.38000141        2.54000000        1.69921443
    29.51039607       41.80718506        0.57921982        0.37906638        2.54000000        1.69668921
    29.57104372       41.87400009        0.58125709        0.37812907        2.54000000        1.69416611
    29.63161897       41.94081512        0.58329479        0.37718948        2.54000000        1.69164514
    29.69212190       42.00763015        0.58533290        0.37624760        2.54000000        1.68912628
    29.75255261       42.07444518        0.58737141        0.37530343        2.54000000        1.68660953
    29.81291120       42.14126021        0.58941031        0.37435695        2.54000000        1.68409490
    29.87319774       42.20807524        0.59144959        0.37340816        2.54000000        1.68158236
    29.93341232       42.27489027        0.59348924        0.37245705        2.54000000        1.67907193
    29.99355502       42.34170530        0.59552925        0.37150360        2.54000000        1.67656360
    30.05362592       42.40852033        0.59756961        0.37054782        2.54000000        1.67405735
    30.11362509       42.47533536        0.59961030        0.36958968        2.54000000        1.67155319
    30.17355261       42.54215039        0.60165133        0.36862919        2.54000000        1.66905112
    30.23340854       42.60896542        0.60369268        0.36766633        2.54000000        1.66655112
    30.29319296       42.67578045        0.60573433        0.36670109        2.54000000        1.66405320
    30.35290591       42.74259548        0.60777628        0.36573347        2.54000000        1.66155735
    30.41254747       42.80941051        0.60981852        0.36476345        2.54000000        1.65906357
    30.47211769       42.87622554        0.61186104        0.36379104        2.54000000        1.65657185
    30.53161663       42.94304057        0.61390383        0.36281621        2.54000000        1.65408219
    30.59104434       43.00985560        0.61594687        0.36183895        2.54000000        1.65159458
    30.65040087       43.07667063        0.61799015        0.36085927        2.54000000        1.64910903
    30.70968627       43.14348566        0.62003368        0.35987715        2.54000000        1.64662553
    30.76890058       43.21030069        0.62207743        0.35889259        2.54000000        1.64414407
    30.82804384       43.27711572        0.62412139        0.35790556        2.54000000        1.64166465
    30.88711611       43.34393075        0.62616556        0.35691607        2.54000000        1.63918727
    30.94611740       43.41074578        0.62820992        0.35592410        2.54000000        1.63671192
    31.00504776       43.47756081        0.63025446        0.35492965        2.54000000        1.63423860
    31.06390721       43.54437583        0.63229918        0.35393270        2.54000000        1.63176731
    31.12269579       43.61119086        0.63434406        0.35293324        2.54000000        1.62929804
    31.18141353       43.67800589        0.63638909        0.35193128        2.54000000        1.62683079
    31.24006044       43.74482092        0.63843427        0.35092679        2.54000000        1.62436556
    31.29863655       43.81163595        0.64047957        0.34991976        2.54000000        1.62190235
    31.35714188       43.87845098        0.64252500        0.34891020        2.54000000        1.61944114
    31.41557645       43.94526601        0.64457054        0.34789808        2.54000000        1.61698194
    31.47394026       44.01208104        0.64661617        0.34688341        2.54000000        1.61452474
    31.53223334       44.07889607        0.64866190        0.34586616        2.54000000        1.61206955
    31.59045569       44.14571110        0.65070770        0.34484633        2.54000000        1.60961635
    31.64860732       44.21252613        0.65275357        0.34382391        2.54000000        1.60716515
    31.70668823       44.27934116        0.65479950        0.34279889        2.54000000        1.60471594
    31.76469842       44.34615619        0.65684547        0.34177126        2.54000000        1.60226872
    31.82263790       44.41297122        0.65889148        0.34074101        2.54000000        1.59982349
    31.88050666       44.47978625        0.66093752        0.33970813        2.54000000        1.59738024
    31.93830470       44.54660128        0.66298357        0.33867261        2.54000000        1.59493897
    31.99603201       44.61341631        0.66502963        0.33763444        2.54000000        1.59249968
    32.05368857       44.68023134        0.66707568        0.33659361        2.54000000        1.59006236
    32.11127439       44.74704637        0.66912171        0.33555012        2.54000000        1.58762701
    32.16878944       44.81386140        0.67116771        0.33450394        2.54000000        1.58519364
    32.22623371       44.88067643        0.67321368        0.33345507        2.54000000        1.58276223
    32.28360717       44.94749146        0.67525960        0.33240350        2.54000000        1.58033278
    32.34090981       45.01430649        0.67730545        0.33134922        2.54000000        1.57790530
    32.39814160       45.08112152        0.67935124        0.33029223        2.54000000        1.57547977
    32.45530253       45.14793655        0.68139695        0.32923250        2.54000000        1.57305621
    32.51239255       45.21475158        0.68344256        0.32817003        2.54000000        1.57063459
    32.56941164       45.28156661        0.68548808        0.32710480        2.54000000        1.56821493
    32.62635976       45.34838164        0.68753348        0.32603682        2.54000000        1.56579722
    32.68323689       45.41519667        0.68957875        0.32496606        2.54000000        1.56338145
    32.74004298       45.48201170        0.69162390        0.32389252        2.54000000        1.56096763
    32.79677800       45.54882673        0.69366889        0.32281619        2.54000000        1.55855575
    32.85344190       45.61564176        0.69571374        0.32173705        2.54000000        1.55614581
    32.91003464       45.68245679        0.69775841        0.32065509        2.54000000        1.55373781
    32.96655617       45.74927182        0.69980291        0.31957031        2.54000000        1.55133174
    33.02300644       45.81608685        0.70184722        0.31848270        2.54000000        1.54892761
    33.07938542       45.88290188        0.70389133        0.31739224        2.54000000        1.54652541
    33.13569302       45.94971691        0.70593523        0.31629891        2.54000000        1.54412513
    33.19192922       46.01653194        0.70797892        0.31520272        2.54000000        1.54172679
    33.24809394       46.08334697        0.71002237        0.31410365        2.54000000        1.53933036
    33.30418714       46.15016200        0.71206558        0.31300169        2.54000000        1.53693586
    33.36020874       46.21697703        0.71410853        0.31189683        2.54000000        1.53454329
    33.41615868       46.28379206        0.71615123        0.31078905        2.54000000        1.53215262
    33.47203691       46.35060709        0.71819365        0.30967835        2.54000000        1.52976388
    33.52784334       46.41742212        0.72023579        0.30856471        2.54000000        1.52737705
    33.58357791       46.48423715        0.72227763        0.30744813        2.54000000        1.52499213
    33.63924055       46.55105218        0.72431916        0.30632859        2.54000000        1.52260913
    33.69483117       46.61786721        0.72636038        0.30520608        2.54000000        1.52022803
    33.75034972       46.68468224        0.72840127        0.30408059        2.54000000        1.51784884
    33.80579610       46.75149727        0.73044182        0.30295210        2.54000000        1.51547156
    33.86117023       46.81831230        0.73248203        0.30182062        2.54000000        1.51309618
    33.91647204       46.88512733        0.73452187        0.30068611        2.54000000        1.51072270
    33.97170143       46.95194236        0.73656134        0.29954858        2.54000000        1.50835112
    34.02685832       47.01875739        0.73860043        0.29840801        2.54000000        1.50598144
    34.08194262       47.08557242        0.74063913        0.29726439        2.54000000        1.50361366
    34.13695423       47.15238745        0.74267742        0.29611771        2.54000000        1.50124777
    34.19189306       47.21920248        0.74471530        0.29496796        2.54000000        1.49888377
    34.24675902       47.28601751        0.74675276        0.29381511        2.54000000        1.49652167
    34.30155200       47.35283254        0.74878978        0.29265917        2.54000000        1.49416146
    34.35627192       47.41964757        0.75082636        0.29150012        2.54000000        1.49180313
    34.41091865       47.48646260        0.75286247        0.29033795        2.54000000        1.48944670
    34.46549210       47.55327763        0.75489812        0.28917265        2.54000000        1.48709214
    34.51999216       47.62009266        0.75693329        0.28800420        2.54000000        1.48473948
    34.57441872       47.68690769        0.75896797        0.28683259        2.54000000        1.48238869
    34.62877167       47.75372272        0.76100215        0.28565781        2.54000000        1.48003979
    34.68305090       47.82053775        0.76303582        0.28447984        2.54000000        1.47769276
    34.73725629       47.88735278        0.76506897        0.28329868        2.54000000        1.47534762
    34.79138772       47.95416781        0.76710158        0.28211432        2.54000000        1.47300435
    34.84544507       48.02098284        0.76913365        0.28092673        2.54000000        1.47066296
    34.89942823       48.08779787        0.77116517        0.27973591        2.54000000        1.46832344
    34.95333705       48.15461290        0.77319612        0.27854184        2.54000000        1.46598580
    35.00717143       48.22142793        0.77522649        0.27734452        2.54000000        1.46365002
    35.06093122       48.28824296        0.77725628        0.27614392        2.54000000        1.46131612
    35.11461631       48.35505799        0.77928547        0.27494004        2.54000000        1.45898409
    35.16822655       48.42187302        0.78131405        0.27373287        2.54000000        1.45665392
    35.22176180       48.48868805        0.78334201        0.27252238        2.54000000        1.45432562
    35.27522194       48.55550308        0.78536934        0.27130857        2.54000000        1.45199919
    35.32860683       48.62231811        0.78739603        0.27009143        2.54000000        1.44967462
    35.38191631       48.68913314        0.78942207        0.26887094        2.54000000        1.44735192
    35.43515026       48.75594817        0.79144744        0.26764708        2.54000000        1.44503108
    35.48830851       48.82276320        0.79347214        0.26641985        2.54000000        1.44271210
    35.54139092       48.88957823        0.79549616        0.26518923        2.54000000        1.44039497
    35.59439735       48.95639326        0.79751948        0.26395521        2.54000000        1.43807971
    35.64732763       49.02320829        0.79954209        0.26271778        2.54000000        1.43576631
    35.70018162       49.09002332        0.80156399        0.26147691        2.54000000        1.43345476
    35.75295915       49.15683835        0.80358516        0.26023260        2.54000000        1.43114507
    35.80566007       49.22365338        0.80560559        0.25898484        2.54000000        1.42883724
    35.85828422       49.29046841        0.80762527        0.25773360        2.54000000        1.42653126
    35.91083143       49.35728344        0.80964419        0.25647889        2.54000000        1.42422713
    35.96330153       49.42409847        0.81166234        0.25522067        2.54000000        1.42192486
    36.01569436       49.49091350        0.81367971        0.25395894        2.54000000        1.41962443
    36.06800975       49.55772853        0.81569629        0.25269369        2.54000000        1.41732586
    36.12024751       49.62454356        0.81771206        0.25142490        2.54000000        1.41502914
    36.17240749       49.69135859        0.81972701        0.25015256        2.54000000        1.41273426
    36.22448950       49.75817362        0.82174114        0.24887664        2.54000000        1.41044124
    36.27649336       49.82498865        0.82375444        0.24759715        2.54000000        1.40815006
    36.32841888       49.89180367        0.82576689        0.24631406        2.54000000        1.40586073
    36.38026590       49.95861870        0.82777848        0.24502736        2.54000000        1.40357324
    36.43203421       50.02543373        0.82978920        0.24373703        2.54000000        1.40128760
    36.48372363       50.09224876        0.83179904        0.24244306        2.54000000        1.39900381
    36.53533397       50.15906379        0.83380799        0.24114544        2.54000000        1.39672185
    36.58686503       50.22587882        0.83581604        0.23984415        2.54000000        1.39444175
    36.63831663       50.29269385        0.83782318        0.23853918        2.54000000        1.39216348
    36.68968856       50.35950888        0.83982940        0.23723050        2.54000000        1.38988705
    36.74098062       50.42632391        0.84183468        0.23591812        2.54000000        1.38761247
    36.79219260       50.49313894        0.84383902        0.23460200        2.54000000        1.38533973
    36.84332432       50.55995397        0.84584240        0.23328214        2.54000000        1.38306883
    36.89437555       50.62676900        0.84784482        0.23195853        2.54000000        1.38079976
    36.94534609       50.69358403        0.84984626        0.23063114        2.54000000        1.37853254
    36.99623573       50.76039906        0.85184671        0.22929996        2.54000000        1.37626715
    37.04704424       50.82721409        0.85384617        0.22796497        2.54000000        1.37400361
    37.09777143       50.89402912        0.85584461        0.22662617        2.54000000        1.37174190
    37.14841706       50.96084415        0.85784204        0.22528353        2.54000000        1.36948202
    37.19898091       51.02765918        0.85983843        0.22393704        2.54000000        1.36722399
    37.24946276       51.09447421        0.86183378        0.22258668        2.54000000        1.36496779
    37.29986239       51.16128924        0.86382808        0.22123244        2.54000000        1.36271342
    37.35017956       51.22810427        0.86582132        0.21987430        2.54000000        1.36046089
    37.40041406       51.29491930        0.86781348        0.21851225        2.54000000        1.35821020
    37.45056563       51.36173433        0.86980456        0.21714627        2.54000000        1.35596134
    37.50063404       51.42854936        0.87179454        0.21577634        2.54000000        1.35371431
    37.55061907       51.49536439        0.87378342        0.21440245        2.54000000        1.35146912
    37.60052046       51.56217942        0.87577118        0.21302458        2.54000000        1.34922576
    37.65033797       51.62899445        0.87775781        0.21164271        2.54000000        1.34698424
    37.70007136       51.69580948        0.87974330        0.21025684        2.54000000        1.34474455
    37.74972038       51.76262451        0.88172764        0.20886694        2.54000000        1.34250669
    37.79928478       51.82943954        0.88371082        0.20747299        2.54000000        1.34027066
    37.84876431       51.89625457        0.88569284        0.20607498        2.54000000        1.33803647
    37.89815870       51.96306960        0.88767366        0.20467289        2.54000000        1.33580411
    37.94746770       52.02988463        0.88965330        0.20326671        2.54000000        1.33357358
    37.99669105       52.09669966        0.89163174        0.20185642        2.54000000        1.33134488
    38.04582850       52.16351469        0.89360896        0.20044200        2.54000000        1.32911802
    38.09487976       52.23032972        0.89558495        0.19902343        2.54000000        1.32689299
    38.14384457       52.29714475        0.89755971        0.19760070        2.54000000        1.32466979
    38.19272266       52.36395978        0.89953323        0.19617380        2.54000000        1.32244842
    38.24151376       52.43077481        0.90150548        0.19474269        2.54000000        1.32022888
    38.29021759       52.49758984        0.90347647        0.19330737        2.54000000        1.31801117
    38.33883387       52.56440487        0.90544618        0.19186782        2.54000000        1.31579529
    38.38736231       52.63121990        0.90741460        0.19042402        2.54000000        1.31358125
    38.43580265       52.69803493        0.90938172        0.18897595        2.54000000        1.31136904
    38.48415458       52.76484996        0.91134754        0.18752359        2.54000000        1.30915866
    38.53241782       52.83166499        0.91331203        0.18606694        2.54000000        1.30695011
    38.58059207       52.89848002        0.91527518        0.18460596        2.54000000        1.30474339
    38.62867704       52.96529505        0.91723700        0.18314064        2.54000000        1.30253850
    38.67667244       53.03211008        0.91919746        0.18167097        2.54000000        1.30033545
    38.72457796       53.09892511        0.92115656        0.18019692        2.54000000        1.29813422
    38.77239330       53.16574014        0.92311428        0.17871847        2.54000000        1.29593483
    38.82011814       53.23255517        0.92507062        0.17723562        2.54000000        1.29373727
    38.86775220       53.29937020        0.92702556        0.17574833        2.54000000        1.29154155
    38.91529514       53.36618523        0.92897909        0.17425660        2.54000000        1.28934765
    38.96274666       53.43300026        0.93093121        0.17276040        2.54000000        1.28715559
    39.01010643       53.49981529        0.93288190        0.17125971        2.54000000        1.28496536
    39.05737415       53.56663032        0.93483115        0.16975451        2.54000000        1.28277697
    39.10454948       53.63344535        0.93677895        0.16824479        2.54000000        1.28059041
    39.15163211       53.70026038        0.93872529        0.16673053        2.54000000        1.27840568
    39.19862169       53.76707541        0.94067016        0.16521170        2.54000000        1.27622279
    39.24551790       53.83389044        0.94261355        0.16368829        2.54000000        1.27404173
    39.29232041       53.90070547        0.94455545        0.16216028        2.54000000        1.27186250
    39.33902887       53.96752050        0.94649584        0.16062765        2.54000000        1.26968511
    39.38564295       54.03433553        0.94843472        0.15909038        2.54000000        1.26750956
    39.43216230       54.10115056        0.95037208        0.15754845        2.54000000        1.26533584
    39.47858658       54.16796559        0.95230790        0.15600183        2.54000000        1.26316396
    39.52491543       54.23478062        0.95424217        0.15445052        2.54000000        1.26099392
    39.57114850       54.30159565        0.95617489        0.15289449        2.54000000        1.25882571
    39.61728544       54.36841068        0.95810605        0.15133372        2.54000000        1.25665934
    39.66332589       54.43522571        0.96003563        0.14976818        2.54000000        1.25449481
    39.70926949       54.50204074        0.96196362        0.14819787        2.54000000        1.25233211
    39.75511587       54.56885577        0.96389001        0.14662276        2.54000000        1.25017126
    39.80086466       54.63567080        0.96581479        0.14504282        2.54000000        1.24801225
    39.84651549       54.70248583        0.96773795        0.14345804        2.54000000        1.24585507
    39.89206800       54.76930086        0.96965949        0.14186840        2.54000000        1.24369974
    39.93752179       54.83611589        0.97157938        0.14027388        2.54000000        1.24154625
    39.98287649       54.90293092        0.97349762        0.13867445        2.54000000        1.23939460
    40.02813172       54.96974595        0.97541421        0.13707009        2.54000000        1.23724479
    40.07328708       55.03656098        0.97732911        0.13546079        2.54000000        1.23509683
    40.11834219       55.10337601        0.97924234        0.13384652        2.54000000        1.23295071
    40.16329666       55.17019104        0.98115387        0.13222726        2.54000000        1.23080644
    40.20815008       55.23700607        0.98306370        0.13060299        2.54000000        1.22866401
    40.25290206       55.30382110        0.98497182        0.12897369        2.54000000        1.22652343
    40.29755218       55.37063613        0.98687821        0.12733933        2.54000000        1.22438470
    40.34210006       55.43745116        0.98878286        0.12569990        2.54000000        1.22224781
    40.38654527       55.50426619        0.99068577        0.12405537        2.54000000        1.22011277
    40.43088740       55.57108122        0.99258692        0.12240572        2.54000000        1.21797959
    40.47512603       55.63789625        0.99448631        0.12075093        2.54000000        1.21584825
    40.51926074       55.70471128        0.99638392        0.11909097        2.54000000        1.21371876
    40.56329111       55.77152631        0.99827974        0.11742583        2.54000000        1.21159113
    40.60721671       55.83834134        1.00017376        0.11575547        2.54000000        1.20946535
    40.65103711       55.90515637        1.00206598        0.11407989        2.54000000        1.20734142
    40.69475187       55.97197140        1.00395637        0.11239905        2.54000000        1.20521935
    40.73836055       56.03878643        1.00584494        0.11071293        2.54000000        1.20309913
    40.78186272       56.10560146        1.00773166        0.10902151        2.54000000        1.20098078
    40.82525792       56.17241649        1.00961654        0.10732477        2.54000000        1.19886427
    40.86854572       56.23923151        1.01149955        0.10562268        2.54000000        1.19674963
    40.91172564       56.30604654        1.01338069        0.10391522        2.54000000        1.19463685
    40.95479724       56.37286157        1.01525995        0.10220237        2.54000000        1.19252593
    40.99776006       56.43967660        1.01713732        0.10048410        2.54000000        1.19041687
    41.04061364       56.50649163        1.01901279        0.09876039        2.54000000        1.18830968
    41.08335749       56.57330666        1.02088634        0.09703122        2.54000000        1.18620435
    41.12599116       56.64012169        1.02275797        0.09529655        2.54000000        1.18410089
    41.16851417       56.70693672        1.02462767        0.09355638        2.54000000        1.18199929
    41.21092603       56.77375175        1.02649542        0.09181067        2.54000000        1.17989956
    41.25322627       56.84056678        1.02836122        0.09005939        2.54000000        1.17780170
    41.29541439       56.90738181        1.03022505        0.08830254        2.54000000        1.17570571
    41.33748991       56.97419684        1.03208691        0.08654007        2.54000000        1.17361159
    41.37945233       57.04101187        1.03394678        0.08477196        2.54000000        1.17151935
    41.42130115       57.10782690        1.03580465        0.08299820        2.54000000        1.16942898
    41.46303586       57.17464193        1.03766052        0.08121876        2.54000000        1.16734049
    41.50465597       57.24145696        1.03951437        0.07943360        2.54000000        1.16525387
    41.54616095       57.30827199        1.04136620        0.07764271        2.54000000        1.16316913
    41.58755030       57.37508702        1.04321599        0.07584606        2.54000000        1.16108628
    41.62882349       57.44190205        1.04506373        0.07404363        2.54000000        1.15900530
    41.66998000       57.50871708        1.04690941        0.07223538        2.54000000        1.15692621
    41.71101930       57.57553211        1.04875303        0.07042130        2.54000000        1.15484900
    41.75194086       57.64234714        1.05059456        0.06860135        2.54000000        1.15277368
    41.79274415       57.70916217        1.05243401        0.06677552        2.54000000        1.15070024
    41.83342861       57.77597720        1.05427136        0.06494377        2.54000000        1.14862870
    41.87399371       57.84279223        1.05610660        0.06310608        2.54000000        1.14655904
    41.91443890       57.90960726        1.05793971        0.06126243        2.54000000        1.14449128
    41.95476362       57.97642229        1.05977070        0.05941278        2.54000000        1.14242541
    41.99496731       58.04323732        1.06159955        0.05755712        2.54000000        1.14036144
    42.03504941       58.11005235        1.06342625        0.05569540        2.54000000        1.13829937
    42.07500936       58.17686738        1.06525079        0.05382761        2.54000000        1.13623919
    42.11484658       58.24368241        1.06707316        0.05195372        2.54000000        1.13418091
    42.15456050       58.31049744        1.06889334        0.05007371        2.54000000        1.13212454
    42.19415053       58.37731247        1.07071134        0.04818754        2.54000000        1.13007007
    42.23361609       58.44412750        1.07252713        0.04629518        2.54000000        1.12801751
    42.27295658       58.51094253        1.07434072        0.04439662        2.54000000        1.12596686
    42.31217142       58.57775756        1.07615208        0.04249182        2.54000000        1.12391811
    42.35126001       58.64457259        1.07796120        0.04058075        2.54000000        1.12187128
    42.39022173       58.71138762        1.07976809        0.03866340        2.54000000        1.11982636
    42.42905598       58.77820265        1.08157272        0.03673971        2.54000000        1.11778336
    42.46776214       58.84501768        1.08337510        0.03480968        2.54000000        1.11574227
    42.50633961       58.91183271        1.08517519        0.03287328        2.54000000        1.11370310
    42.54478774       58.97864774        1.08697301        0.03093046        2.54000000        1.11166586
    42.58310592       59.04546277        1.08876853        0.02898121        2.54000000        1.10963054
    42.62129350       59.11227780        1.09056175        0.02702549        2.54000000        1.10759714
    42.65934985       59.17909283        1.09235266        0.02506329        2.54000000        1.10556567
    42.69727433       59.24590786        1.09414124        0.02309456        2.54000000        1.10353613
    42.73506629       59.31272289        1.09592749        0.02111928        2.54000000        1.10150853
    42.77272506       59.37953792        1.09771140        0.01913741        2.54000000        1.09948286
    42.81025000       59.44635295        1.09949295        0.01714894        2.54000000        1.09745912
    42.84764043       59.51316798        1.10127214        0.01515383        2.54000000        1.09543732
    42.88489569       59.57998301        1.10304896        0.01315205        2.54000000        1.09341747
    42.92201510       59.64679804        1.10482339        0.01114357        2.54000000        1.09139956
    42.95899797       59.71361307        1.10659543        0.00912835        2.54000000        1.08938359
    42.99584364       59.78042810        1.10836506        0.00710638        2.54000000        1.08736957
    43.03255139       59.84724313        1.11013228        0.00507762        2.54000000        1.08535750
    43.06912053       59.91405816        1.11189708        0.00304204        2.54000000        1.08334739
    43.10555037       59.98087319        1.11365944        0.00099960        2.54000000        1.08133923
    43.14184019       60.04768822        1.11541936       -0.00104971        2.54000000        1.07933303
    43.17798927       60.11450325        1.11717683       -0.00310594        2.54000000        1.07732879
    43.21399691       60.18131828        1.11893183       -0.00516912        2.54000000        1.07532651
    43.24986236       60.24813331        1.12068435       -0.00723927        2.54000000        1.07332619
    43.28558491       60.31494834        1.12243439       -0.00931642        2.54000000        1.07132785
    43.32116381       60.38176337        1.12418194       -0.01140062        2.54000000        1.06933147
    43.35659832       60.44857840        1.12592699       -0.01349189        2.54000000        1.06733707
    43.39188770       60.51539343        1.12766952       -0.01559025        2.54000000        1.06534465
    43.42703118       60.58220846        1.12940952       -0.01769576        2.54000000        1.06335420
    43.46202800       60.64902349        1.13114700       -0.01980843        2.54000000        1.06136573
    43.49687741       60.71583852        1.13288192       -0.02192829        2.54000000        1.05937925
    43.53157862       60.78265355        1.13461430       -0.02405539        2.54000000        1.05739476
    43.56613085       60.84946858        1.13634411       -0.02618976        2.54000000        1.05541225
    43.60053333       60.91628361        1.13807135       -0.02833142        2.54000000        1.05343174
    43.63478525       60.98309864        1.13979600       -0.03048040        2.54000000        1.05145322
    43.66888582       61.04991367        1.14151806       -0.03263676        2.54000000        1.04947671
    43.70283424       61.11672870        1.14323752       -0.03480050        2.54000000        1.04750219
    43.73662969       61.18354373        1.14495437       -0.03697168        2.54000000        1.04552968
    43.77027136       61.25035876        1.14666859       -0.03915032        2.54000000        1.04355918
    43.80375842       61.31717379        1.14838018       -0.04133645        2.54000000        1.04159069
    43.83709004       61.38398882        1.15008912       -0.04353012        2.54000000        1.03962421
    43.87026539       61.45080385        1.15179541       -0.04573135        2.54000000        1.03765975
    43.90328362       61.51761888        1.15349904       -0.04794017        2.54000000        1.03569730
    43.93614387       61.58443391        1.15520000       -0.05015663        2.54000000        1.03373689
    43.96884530       61.65124894        1.15689828       -0.05238076        2.54000000        1.03177850
    44.00138704       61.71806397        1.15859386       -0.05461259        2.54000000        1.02982213
    44.03376821       61.78487900        1.16028674       -0.05685215        2.54000000        1.02786781
    44.06598794       61.85169403        1.16197691       -0.05909949        2.54000000        1.02591552
    44.09804534       61.91850906        1.16366436       -0.06135463        2.54000000        1.02396527
    44.12993952       61.98532409        1.16534908       -0.06361761        2.54000000        1.02201706
    44.16166958       62.05213912        1.16703106       -0.06588847        2.54000000        1.02007090
    44.19323461       62.11895415        1.16871028       -0.06816724        2.54000000        1.01812679
    44.22463369       62.18576918        1.17038675       -0.07045396        2.54000000        1.01618473
    44.25586592       62.25258421        1.17206044       -0.07274866        2.54000000        1.01424474
    44.28693035       62.31939924        1.17373135       -0.07505138        2.54000000        1.01230680
    44.31782604       62.38621427        1.17539948       -0.07736215        2.54000000        1.01037093
    44.34855207       62.45302930        1.17706480       -0.07968102        2.54000000        1.00843713
    44.37910747       62.51984433        1.17872732       -0.08200801        2.54000000        1.00650540
    44.40949128       62.58665935        1.18038701       -0.08434317        2.54000000        1.00457574
    44.43970254       62.65347438        1.18204388       -0.08668653        2.54000000        1.00264817
    44.46974027       62.72028941        1.18369791       -0.08903813        2.54000000        1.00072268
    44.49960348       62.78710444        1.18534909       -0.09139801        2.54000000        0.99879928
    44.52929120       62.85391947        1.18699741       -0.09376619        2.54000000        0.99687796
    44.55880241       62.92073450        1.18864287       -0.09614272        2.54000000        0.99495875
    44.58813611       62.98754953        1.19028544       -0.09852765        2.54000000        0.99304163
    44.61729129       63.05436456        1.19192513       -0.10092099        2.54000000        0.99112662
    44.64626692       63.12117959        1.19356193       -0.10332280        2.54000000        0.98921372
    44.67506197       63.18799462        1.19519581       -0.10573310        2.54000000        0.98730293
    44.70367540       63.25480965        1.19682678       -0.10815195        2.54000000        0.98539425
    44.73210616       63.32162468        1.19845483       -0.11057937        2.54000000        0.98348770
    44.76035319       63.38843971        1.20007994       -0.11301540        2.54000000        0.98158327
    44.78841543       63.45525474        1.20170210       -0.11546009        2.54000000        0.97968096
    44.81629180       63.52206977        1.20332131       -0.11791347        2.54000000        0.97778080
    44.84398122       63.58888480        1.20493755       -0.12037558        2.54000000        0.97588277
    44.87148260       63.65569983        1.20655082       -0.12284645        2.54000000        0.97398688
    44.89879483       63.72251486        1.20816111       -0.12532614        2.54000000        0.97209314
    44.92591681       63.78932989        1.20976840       -0.12781467        2.54000000        0.97020155
    44.95284742       63.85614492        1.21137269       -0.13031208        2.54000000        0.96831211
    44.97958552       63.92295995        1.21297397       -0.13281843        2.54000000        0.96642484
    45.00612998       63.98977498        1.21457223       -0.13533373        2.54000000        0.96453973
    45.03247966       64.05659001        1.21616745       -0.13785804        2.54000000        0.96265679
    45.05863339       64.12340504        1.21775963       -0.14039140        2.54000000        0.96077602
    45.08459001       64.19022007        1.21934877       -0.14293384        2.54000000        0.95889743
    45.11034835       64.25703510        1.22093484       -0.14548540        2.54000000        0.95702103
    45.13590721       64.32385013        1.22251784       -0.14804613        2.54000000        0.95514682
    45.16126542       64.39066516        1.22409776       -0.15061606        2.54000000        0.95327480
    45.18642174       64.45748019        1.22567459       -0.15319524        2.54000000        0.95140498
    45.21137499       64.52429522        1.22724833       -0.15578370        2.54000000        0.94953736
    45.23612393       64.59111025        1.22881895       -0.15838149        2.54000000        0.94767195
    45.26066732       64.65792528        1.23038646       -0.16098865        2.54000000        0.94580876
    45.28500392       64.72474031        1.23195084       -0.16360521        2.54000000        0.94394778
    45.30913248       64.79155534        1.23351208       -0.16623123        2.54000000        0.94208903
    45.33305172       64.85837037        1.23507018       -0.16886673        2.54000000        0.94023251
    45.35676038       64.92518540        1.23662512       -0.17151177        2.54000000        0.93837822
    45.38025717       64.99200043        1.23817689       -0.17416637        2.54000000        0.93652618
    45.40354078       65.05881546        1.23972549       -0.17683060        2.54000000        0.93467638
    45.42660991       65.12563049        1.24127090       -0.17950447        2.54000000        0.93282883
    45.44946325       65.19244552        1.24281312       -0.18218805        2.54000000        0.93098354
    45.47209946       65.25926055        1.24435214       -0.18488136        2.54000000        0.92914051
    45.49451719       65.32607558        1.24588794       -0.18758446        2.54000000        0.92729975
    45.51671511       65.39289061        1.24742052       -0.19029738        2.54000000        0.92546126
    45.53869184       65.45970564        1.24894987       -0.19302016        2.54000000        0.92362505
    45.56044601       65.52652067        1.25047598       -0.19575285        2.54000000        0.92179113
    45.58197623       65.59333570        1.25199883       -0.19849549        2.54000000        0.91995949
    45.60328110       65.66015073        1.25351843       -0.20124813        2.54000000        0.91813016
    45.62435923       65.72696576        1.25503475       -0.20401079        2.54000000        0.91630312
    45.64520917       65.79378079        1.25654780       -0.20678354        2.54000000        0.91447840
    45.66582951       65.86059582        1.25805755       -0.20956640        2.54000000        0.91265599
    45.68621879       65.92741085        1.25956401       -0.21235943        2.54000000        0.91083590
    45.70637555       65.99422588        1.26106716       -0.21516266        2.54000000        0.90901814
    45.72629834       66.06104091        1.26256699       -0.21797614        2.54000000        0.90720271
    45.74598566       66.12785594        1.26406349       -0.22079991        2.54000000        0.90538962
    45.76543603       66.19467097        1.26555665       -0.22363401        2.54000000        0.90357888
    45.78464792       66.26148600        1.26704648       -0.22647849        2.54000000        0.90177049
    45.80361984       66.32830103        1.26853294       -0.22933339        2.54000000        0.89996445
    45.82235023       66.39511606        1.27001604       -0.23219875        2.54000000        0.89816079
    45.84083756       66.46193109        1.27149576       -0.23507462        2.54000000        0.89635949
    45.85908027       66.52874612        1.27297210       -0.23796103        2.54000000        0.89456057
    45.87707678       66.59556115        1.27444505       -0.24085804        2.54000000        0.89276404
    45.89482552       66.66237618        1.27591460       -0.24376569        2.54000000        0.89096990
    45.91232488       66.72919121        1.27738073       -0.24668401        2.54000000        0.88917816
    45.92957325       66.79600624        1.27884344       -0.24961306        2.54000000        0.88738882
    45.94656901       66.86282127        1.28030271       -0.25255287        2.54000000        0.88560189
    45.96331051       66.92963630        1.28175855       -0.25550349        2.54000000        0.88381739
    45.97979611       66.99645133        1.28321094       -0.25846496        2.54000000        0.88203531
    45.99602413       67.06326636        1.28465986       -0.26143733        2.54000000        0.88025566
    46.01199290       67.13008139        1.28610532       -0.26442064        2.54000000        0.87847846
    46.02770072       67.19689642        1.28754730       -0.26741493        2.54000000        0.87670370
    46.04314588       67.26371145        1.28898579       -0.27042024        2.54000000        0.87493139
    46.05832665       67.33052648        1.29042078       -0.27343663        2.54000000        0.87316155
    46.07324130       67.39734151        1.29185226       -0.27646413        2.54000000        0.87139418
    46.08788807       67.46415654        1.29328023       -0.27950278        2.54000000        0.86962929
    46.10226519       67.53097157        1.29470467       -0.28255263        2.54000000        0.86786688
    46.11637088       67.59778660        1.29612558       -0.28561373        2.54000000        0.86610696
    46.13020334       67.66460163        1.29754294       -0.28868611        2.54000000        0.86434954
    46.14376075       67.73141666        1.29895674       -0.29176982        2.54000000        0.86259463
    46.15704128       67.79823169        1.30036698       -0.29486490        2.54000000        0.86084223
    46.17004310       67.86504672        1.30177364       -0.29797139        2.54000000        0.85909236
    46.18276433       67.93186175        1.30317673       -0.30108935        2.54000000        0.85734502
    46.19520310       67.99867678        1.30457622       -0.30421880        2.54000000        0.85560022
    46.20735751       68.06549181        1.30597210       -0.30735980        2.54000000        0.85385796
    46.21922565       68.13230684        1.30736438       -0.31051238        2.54000000        0.85211826
    46.23080561       68.19912187        1.30875303       -0.31367659        2.54000000        0.85038113
    46.24209543       68.26593690        1.31013805       -0.31685248        2.54000000        0.84864656
    46.25309316       68.33275193        1.31151943       -0.32004007        2.54000000        0.84691458
    46.26379681       68.39956696        1.31289716       -0.32323943        2.54000000        0.84518518
    46.27420440       68.46638199        1.31427123       -0.32645058        2.54000000        0.84345838
    46.28431391       68.53319702        1.31564163       -0.32967357        2.54000000        0.84173419
    46.29412332       68.60001205        1.31700835       -0.33290844        2.54000000        0.84001261
    46.30363058       68.66682708        1.31837138       -0.33615523        2.54000000        0.83829365
    46.31283362       68.73364211        1.31973072       -0.33941399        2.54000000        0.83657733
    46.32173038       68.80045714        1.32108634       -0.34268476        2.54000000        0.83486365
    46.33031874       68.86727217        1.32243825       -0.34596757        2.54000000        0.83315261
    46.33859659       68.93408719        1.32378643       -0.34926247        2.54000000        0.83144423
    46.34656179       69.00090222        1.32513088       -0.35256950        2.54000000        0.82973852
    46.35421220       69.06771725        1.32647158       -0.35588870        2.54000000        0.82803549
    46.36154562       69.13453228        1.32780852       -0.35922010        2.54000000        0.82633514
    46.36855989       69.20134731        1.32914169       -0.36256376        2.54000000        0.82463749
    46.37525279       69.26816234        1.33047109       -0.36591970        2.54000000        0.82294254
    46.38162208       69.33497737        1.33179670       -0.36928798        2.54000000        0.82125030
    46.38766551       69.40179240        1.33311852       -0.37266862        2.54000000        0.81956079
    46.39338082       69.46860743        1.33443654       -0.37606166        2.54000000        0.81787401
    46.39876573       69.53542246        1.33575074       -0.37946715        2.54000000        0.81618997
    46.40381791       69.60223749        1.33706111       -0.38288513        2.54000000        0.81450869
    46.40853505       69.66905252        1.33836765       -0.38631562        2.54000000        0.81283016
    46.41291479       69.73586755        1.33967035       -0.38975867        2.54000000        0.81115441
    46.41695478       69.80268258        1.34096919       -0.39321432        2.54000000        0.80948144
    46.42065260       69.86949761        1.34226417       -0.39668260        2.54000000        0.80781127
    46.42400586       69.93631264        1.34355527       -0.40016355        2.54000000        0.80614389
    46.42701213       70.00312767        1.34484250       -0.40365720        2.54000000        0.80447932
    46.42966895       70.06994270        1.34612582       -0.40716359        2.54000000        0.80281758
    46.43197385       70.13675773        1.34740525       -0.41068276        2.54000000        0.80115867
    46.43392432       70.20357276        1.34868076       -0.41421474        2.54000000        0.79950261
    46.43551787       70.27038779        1.34995235       -0.41775956        2.54000000        0.79784940
    46.43675194       70.33720282        1.35122001       -0.42131726        2.54000000        0.79619905
    46.43762397       70.40401785        1.35248372       -0.42488787        2.54000000        0.79455158
    46.43813138       70.47083288        1.35374348       -0.42847143        2.54000000        0.79290699
    46.43827157       70.53764791        1.35499928       -0.43206796        2.54000000        0.79126530
