#  Theta paroi en deg Angle Choc en deg       Kp           Inverse Mach       Mach amont       Mach aval
     0.00000000       38.39782371        0.00000000        0.37888199        1.61000000
     2.15646460       38.39937177        0.00925200        0.37452009        1.61000000        1.60994641
     2.55640737       38.40153779        0.01236531        0.37305266        1.61000000        1.60987144
     3.00537132       38.40555766        0.01626149        0.37121639        1.61000000        1.60973232
     3.49941002       38.41266730        0.02100418        0.36898132        1.61000000        1.60948631
     4.01392648       38.42410259        0.02641620        0.36643090        1.61000000        1.60909076
     4.53373542       38.44109946        0.03234323        0.36363770        1.61000000        1.60850314
     5.05198721       38.46489379        0.03868664        0.36064792        1.61000000        1.60768112
     5.56630649       38.49672151        0.04538960        0.35748803        1.61000000        1.60658268
     6.07646321       38.53781850        0.05242235        0.35417160        1.61000000        1.60516621
     6.58321480       38.58942068        0.05977264        0.35070391        1.61000000        1.60339062
     7.00139739       38.64102285        0.06610327        0.34771572        1.61000000        1.60161830
     7.36197602       38.69262503        0.07174941        0.34504920        1.61000000        1.59984925
     7.68171124       38.74422720        0.07689845        0.34261612        1.61000000        1.59808344
     7.97078545       38.79582938        0.08166716        0.34036151        1.61000000        1.59632086
     8.23588676       38.84743156        0.08613384        0.33824851        1.61000000        1.59456147
     8.48166352       38.89903373        0.09035388        0.33625103        1.61000000        1.59280528
     8.71148826       38.95063591        0.09436810        0.33434988        1.61000000        1.59105225
     8.92789192       39.00223809        0.09820752        0.33253045        1.61000000        1.58930237
     9.13282632       39.05384026        0.10189637        0.33078134        1.61000000        1.58755562
     9.32783110       39.10544244        0.10545395        0.32909346        1.61000000        1.58581199
     9.51414374       39.15704462        0.10889594        0.32745943        1.61000000        1.58407144
     9.69277521       39.20864679        0.11223523        0.32587317        1.61000000        1.58233398
     9.86456282       39.26024897        0.11548262        0.32432961        1.61000000        1.58059958
    10.03020854       39.31185114        0.11864722        0.32282446        1.61000000        1.57886822
    10.19030718       39.36345332        0.12173677        0.32135406        1.61000000        1.57713988
    10.34536749       39.41505550        0.12475799        0.31991527        1.61000000        1.57541456
    10.49582828       39.46665767        0.12771665        0.31850535        1.61000000        1.57369222
    10.64207091       39.51825985        0.13061784        0.31712190        1.61000000        1.57197286
    10.78442909       39.56986203        0.13346600        0.31576283        1.61000000        1.57025646
    10.92319658       39.62146420        0.13626509        0.31442629        1.61000000        1.56854300
    11.05863352       39.67306638        0.13901861        0.31311060        1.61000000        1.56683247
    11.19097139       39.72466855        0.14172968        0.31181431        1.61000000        1.56512484
    11.32041719       39.77627073        0.14440114        0.31053607        1.61000000        1.56342011
    11.44715683       39.82787291        0.14703550        0.30927468        1.61000000        1.56171826
    11.57135793       39.87947508        0.14963507        0.30802907        1.61000000        1.56001926
    11.69317222       39.93107726        0.15220194        0.30679825        1.61000000        1.55832311
    11.81273749       39.98267944        0.15473799        0.30558132        1.61000000        1.55662980
    11.93017931       40.03428161        0.15724496        0.30437746        1.61000000        1.55493929
    12.04561242       40.08588379        0.15972444        0.30318592        1.61000000        1.55325159
    12.15914202       40.13748596        0.16217790        0.30200599        1.61000000        1.55156667
    12.27086475       40.18908814        0.16460668        0.30083705        1.61000000        1.54988452
    12.38086967       40.24069032        0.16701202        0.29967850        1.61000000        1.54820512
    12.48923903       40.29229249        0.16939508        0.29852980        1.61000000        1.54652846
    12.59604894       40.34389467        0.17175691        0.29739044        1.61000000        1.54485453
    12.70136998       40.39549685        0.17409852        0.29625995        1.61000000        1.54318331
    12.80526778       40.44709902        0.17642081        0.29513788        1.61000000        1.54151478
    12.90780340       40.49870120        0.17872466        0.29402383        1.61000000        1.53984894
    13.00903385       40.55030338        0.18101087        0.29291742        1.61000000        1.53818576
    13.10901233       40.60190555        0.18328019        0.29181827        1.61000000        1.53652524
    13.20778869       40.65350773        0.18553333        0.29072606        1.61000000        1.53486735
    13.30540962       40.70510990        0.18777094        0.28964047        1.61000000        1.53321209
    13.40191895       40.75671208        0.18999365        0.28856120        1.61000000        1.53155945
    13.49735789       40.80831426        0.19220205        0.28748796        1.61000000        1.52990940
    13.59176524       40.85991643        0.19439668        0.28642050        1.61000000        1.52826193
    13.68517755       40.91151861        0.19657807        0.28535856        1.61000000        1.52661704
    13.77762931       40.96312079        0.19874671        0.28430190        1.61000000        1.52497470
    13.86915313       41.01472296        0.20090306        0.28325030        1.61000000        1.52333491
    13.95977981       41.06632514        0.20304756        0.28220355        1.61000000        1.52169765
    14.04953857       41.11792731        0.20518063        0.28116145        1.61000000        1.52006291
    14.13845705       41.16952949        0.20730266        0.28012379        1.61000000        1.51843068
    14.22656152       41.22113167        0.20941403        0.27909041        1.61000000        1.51680094
    14.31387691       41.27273384        0.21151510        0.27806112        1.61000000        1.51517368
    14.40042692       41.32433602        0.21360620        0.27703577        1.61000000        1.51354889
    14.48623411       41.37593820        0.21568766        0.27601418        1.61000000        1.51192655
    14.57131994       41.42754037        0.21775979        0.27499622        1.61000000        1.51030666
    14.65570488       41.47914255        0.21982287        0.27398174        1.61000000        1.50868919
    14.73940847       41.53074472        0.22187718        0.27297059        1.61000000        1.50707415
    14.82244933       41.58234690        0.22392300        0.27196266        1.61000000        1.50546151
    14.90484529       41.63394908        0.22596058        0.27095781        1.61000000        1.50385127
    14.98661335       41.68555125        0.22799016        0.26995592        1.61000000        1.50224341
    15.06776981       41.73715343        0.23001198        0.26895687        1.61000000        1.50063793
    15.14833025       41.78875561        0.23202625        0.26796056        1.61000000        1.49903480
    15.22830961       41.84035778        0.23403319        0.26696688        1.61000000        1.49743402
    15.30772223       41.89195996        0.23603301        0.26597572        1.61000000        1.49583558
    15.38658181       41.94356214        0.23802590        0.26498699        1.61000000        1.49423946
    15.46490156       41.99516431        0.24001205        0.26400059        1.61000000        1.49264566
    15.54269412       42.04676649        0.24199165        0.26301643        1.61000000        1.49105416
    15.61997167       42.09836866        0.24396485        0.26203442        1.61000000        1.48946496
    15.69674588       42.14997084        0.24593184        0.26105448        1.61000000        1.48787803
    15.77302803       42.20157302        0.24789278        0.26007653        1.61000000        1.48629337
    15.84882892       42.25317519        0.24984780        0.25910049        1.61000000        1.48471098
    15.92415900       42.30477737        0.25179707        0.25812627        1.61000000        1.48313083
    15.99902829       42.35637955        0.25374073        0.25715381        1.61000000        1.48155292
    16.07344648       42.40798172        0.25567892        0.25618304        1.61000000        1.47997723
    16.14742291       42.45958390        0.25761176        0.25521389        1.61000000        1.47840377
    16.22096658       42.51118607        0.25953938        0.25424629        1.61000000        1.47683251
    16.29408619       42.56278825        0.26146192        0.25328017        1.61000000        1.47526344
    16.36679012       42.61439043        0.26337948        0.25231549        1.61000000        1.47369657
    16.43908648       42.66599260        0.26529218        0.25135216        1.61000000        1.47213186
    16.51098312       42.71759478        0.26720014        0.25039014        1.61000000        1.47056933
    16.58248759       42.76919696        0.26910345        0.24942937        1.61000000        1.46900895
    16.65360723       42.82079913        0.27100222        0.24846980        1.61000000        1.46745071
    16.72434912       42.87240131        0.27289656        0.24751137        1.61000000        1.46589461
    16.79472013       42.92400348        0.27478656        0.24655402        1.61000000        1.46434064
    16.86472688       42.97560566        0.27667230        0.24559772        1.61000000        1.46278879
    16.93437583       43.02720784        0.27855389        0.24464241        1.61000000        1.46123904
    17.00367319       43.07881001        0.28043141        0.24368804        1.61000000        1.45969139
    17.07262501       43.13041219        0.28230494        0.24273457        1.61000000        1.45814583
    17.14123714       43.18201437        0.28417456        0.24178195        1.61000000        1.45660234
    17.20951526       43.23361654        0.28604036        0.24083014        1.61000000        1.45506093
    17.27746488       43.28521872        0.28790241        0.23987910        1.61000000        1.45352158
    17.34509136       43.33682090        0.28976078        0.23892878        1.61000000        1.45198428
    17.41239986       43.38842307        0.29161554        0.23797915        1.61000000        1.45044902
    17.47939545       43.44002525        0.29346678        0.23703017        1.61000000        1.44891579
    17.54608301       43.49162742        0.29531454        0.23608179        1.61000000        1.44738459
    17.61246729       43.54322960        0.29715891        0.23513399        1.61000000        1.44585540
    17.67855292       43.59483178        0.29899993        0.23418671        1.61000000        1.44432823
    17.74434439       43.64643395        0.30083768        0.23323994        1.61000000        1.44280305
    17.80984607       43.69803613        0.30267222        0.23229364        1.61000000        1.44127986
    17.87506220       43.74963831        0.30450359        0.23134776        1.61000000        1.43975865
    17.93999691       43.80124048        0.30633186        0.23040229        1.61000000        1.43823941
    18.00465424       43.85284266        0.30815709        0.22945718        1.61000000        1.43672214
    18.06903809       43.90444483        0.30997931        0.22851240        1.61000000        1.43520682
    18.13315226       43.95604701        0.31179860        0.22756793        1.61000000        1.43369345
    18.19700048       44.00764919        0.31361499        0.22662373        1.61000000        1.43218202
    18.26058635       44.05925136        0.31542854        0.22567978        1.61000000        1.43067253
    18.32391338       44.11085354        0.31723929        0.22473605        1.61000000        1.42916495
    18.38698503       44.16245572        0.31904729        0.22379250        1.61000000        1.42765929
    18.44980462       44.21405789        0.32085258        0.22284912        1.61000000        1.42615554
    18.51237540       44.26566007        0.32265521        0.22190587        1.61000000        1.42465369
    18.57470057       44.31726224        0.32445521        0.22096273        1.61000000        1.42315373
    18.63678321       44.36886442        0.32625264        0.22001967        1.61000000        1.42165565
    18.69862635       44.42046660        0.32804752        0.21907667        1.61000000        1.42015945
    18.76023293       44.47206877        0.32983990        0.21813370        1.61000000        1.41866512
    18.82160582       44.52367095        0.33162982        0.21719074        1.61000000        1.41717265
    18.88274785       44.57527313        0.33341731        0.21624777        1.61000000        1.41568203
    18.94366174       44.62687530        0.33520241        0.21530475        1.61000000        1.41419326
    19.00435016       44.67847748        0.33698515        0.21436168        1.61000000        1.41270633
    19.06481574       44.73007965        0.33876557        0.21341852        1.61000000        1.41122123
    19.12506101       44.78168183        0.34054370        0.21247526        1.61000000        1.40973795
    19.18508847       44.83328401        0.34231957        0.21153187        1.61000000        1.40825649
    19.24490055       44.88488618        0.34409321        0.21058834        1.61000000        1.40677684
    19.30449963       44.93648836        0.34586466        0.20964463        1.61000000        1.40529900
    19.36388803       44.98809054        0.34763394        0.20870074        1.61000000        1.40382295
    19.42306803       45.03969271        0.34940108        0.20775664        1.61000000        1.40234868
    19.48204183       45.09129489        0.35116611        0.20681231        1.61000000        1.40087620
    19.54081161       45.14289707        0.35292905        0.20586774        1.61000000        1.39940550
    19.59937949       45.19449924        0.35468994        0.20492289        1.61000000        1.39793656
    19.65774755       45.24610142        0.35644880        0.20397777        1.61000000        1.39646939
    19.71591781       45.29770359        0.35820565        0.20303234        1.61000000        1.39500397
    19.77389226       45.34930577        0.35996052        0.20208659        1.61000000        1.39354030
    19.83167284       45.40090795        0.36171344        0.20114050        1.61000000        1.39207837
    19.88926145       45.45251012        0.36346442        0.20019405        1.61000000        1.39061817
    19.94665994       45.50411230        0.36521349        0.19924723        1.61000000        1.38915971
    20.00387014       45.55571448        0.36696067        0.19830003        1.61000000        1.38770297
    20.06089383       45.60731665        0.36870598        0.19735241        1.61000000        1.38624794
    20.11773275       45.65891883        0.37044945        0.19640437        1.61000000        1.38479462
    20.17438860       45.71052100        0.37219109        0.19545590        1.61000000        1.38334301
    20.23086306       45.76212318        0.37393092        0.19450697        1.61000000        1.38189309
    20.28715777       45.81372536        0.37566897        0.19355756        1.61000000        1.38044487
    20.34327431       45.86532753        0.37740525        0.19260768        1.61000000        1.37899833
    20.39921428       45.91692971        0.37913979        0.19165729        1.61000000        1.37755346
    20.45497920       45.96853189        0.38087259        0.19070639        1.61000000        1.37611028
    20.51057058       46.02013406        0.38260368        0.18975496        1.61000000        1.37466875
    20.56598988       46.07173624        0.38433307        0.18880298        1.61000000        1.37322889
    20.62123857       46.12333841        0.38606078        0.18785044        1.61000000        1.37179069
    20.67631806       46.17494059        0.38778683        0.18689734        1.61000000        1.37035413
    20.73122972       46.22654277        0.38951123        0.18594364        1.61000000        1.36891922
    20.78597493       46.27814494        0.39123399        0.18498935        1.61000000        1.36748595
    20.84055503       46.32974712        0.39295514        0.18403444        1.61000000        1.36605431
    20.89497131       46.38134930        0.39467469        0.18307890        1.61000000        1.36462429
    20.94922505       46.43295147        0.39639265        0.18212272        1.61000000        1.36319590
    21.00331753       46.48455365        0.39810904        0.18116589        1.61000000        1.36176912
    21.05724995       46.53615583        0.39982386        0.18020840        1.61000000        1.36034395
    21.11102355       46.58775800        0.40153713        0.17925022        1.61000000        1.35892039
    21.16463950       46.63936018        0.40324888        0.17829136        1.61000000        1.35749843
    21.21809896       46.69096235        0.40495909        0.17733179        1.61000000        1.35607806
    21.27140308       46.74256453        0.40666780        0.17637151        1.61000000        1.35465928
    21.32455297       46.79416671        0.40837501        0.17541049        1.61000000        1.35324208
    21.37754972       46.84576888        0.41008074        0.17444874        1.61000000        1.35182646
    21.43039442       46.89737106        0.41178498        0.17348624        1.61000000        1.35041241
    21.48308812       46.94897324        0.41348777        0.17252298        1.61000000        1.34899994
    21.53563186       47.00057541        0.41518910        0.17155894        1.61000000        1.34758902
    21.58802666       47.05217759        0.41688898        0.17059411        1.61000000        1.34617967
    21.64027350       47.10377976        0.41858744        0.16962849        1.61000000        1.34477186
    21.69237337       47.15538194        0.42028447        0.16866206        1.61000000        1.34336561
    21.74432724       47.20698412        0.42198008        0.16769482        1.61000000        1.34196089
    21.79613603       47.25858629        0.42367430        0.16672674        1.61000000        1.34055772
    21.84780069       47.31018847        0.42536711        0.16575782        1.61000000        1.33915608
    21.89932211       47.36179065        0.42705854        0.16478806        1.61000000        1.33775597
    21.95070118       47.41339282        0.42874859        0.16381743        1.61000000        1.33635738
    22.00193879       47.46499500        0.43043728        0.16284593        1.61000000        1.33496031
    22.05303580       47.51659717        0.43212460        0.16187355        1.61000000        1.33356476
    22.10399303       47.56819935        0.43381057        0.16090027        1.61000000        1.33217071
    22.15481133       47.61980153        0.43549519        0.15992610        1.61000000        1.33077818
    22.20549151       47.67140370        0.43717847        0.15895101        1.61000000        1.32938714
    22.25603435       47.72300588        0.43886043        0.15797500        1.61000000        1.32799760
    22.30644066       47.77460806        0.44054106        0.15699806        1.61000000        1.32660955
    22.35671120       47.82621023        0.44222037        0.15602017        1.61000000        1.32522299
    22.40684671       47.87781241        0.44389837        0.15504134        1.61000000        1.32383791
    22.45684795       47.92941459        0.44557507        0.15406154        1.61000000        1.32245431
    22.50671564       47.98101676        0.44725047        0.15308078        1.61000000        1.32107218
    22.55645050       48.03261894        0.44892458        0.15209904        1.61000000        1.31969153
    22.60605323       48.08422111        0.45059741        0.15111631        1.61000000        1.31831234
    22.65552452       48.13582329        0.45226895        0.15013258        1.61000000        1.31693461
    22.70486505       48.18742547        0.45393923        0.14914784        1.61000000        1.31555834
    22.75407547       48.23902764        0.45560823        0.14816209        1.61000000        1.31418353
    22.80315646       48.29062982        0.45727597        0.14717532        1.61000000        1.31281016
    22.85210864       48.34223200        0.45894245        0.14618751        1.61000000        1.31143824
    22.90093264       48.39383417        0.46060768        0.14519866        1.61000000        1.31006776
    22.94962910       48.44543635        0.46227166        0.14420876        1.61000000        1.30869872
    22.99819861       48.49703852        0.46393439        0.14321780        1.61000000        1.30733111
    23.04664177       48.54864070        0.46559589        0.14222577        1.61000000        1.30596494
    23.09495917       48.60024288        0.46725615        0.14123267        1.61000000        1.30460018
    23.14315139       48.65184505        0.46891518        0.14023848        1.61000000        1.30323685
    23.19121898       48.70344723        0.47057298        0.13924320        1.61000000        1.30187494
    23.23916250       48.75504941        0.47222956        0.13824682        1.61000000        1.30051444
    23.28698251       48.80665158        0.47388492        0.13724933        1.61000000        1.29915536
    23.33467953       48.85825376        0.47553906        0.13625072        1.61000000        1.29779768
    23.38225409       48.90985593        0.47719199        0.13525099        1.61000000        1.29644140
    23.42970672       48.96145811        0.47884372        0.13425012        1.61000000        1.29508652
    23.47703790       49.01306029        0.48049423        0.13324811        1.61000000        1.29373304
    23.52424816       49.06466246        0.48214355        0.13224495        1.61000000        1.29238095
    23.57133796       49.11626464        0.48379166        0.13124064        1.61000000        1.29103025
    23.61830780       49.16786682        0.48543858        0.13023516        1.61000000        1.28968094
    23.66515815       49.21946899        0.48708431        0.12922850        1.61000000        1.28833301
    23.71188947       49.27107117        0.48872884        0.12822067        1.61000000        1.28698645
    23.75850221       49.32267335        0.49037218        0.12721165        1.61000000        1.28564128
    23.80499682       49.37427552        0.49201434        0.12620143        1.61000000        1.28429747
    23.85137375       49.42587770        0.49365531        0.12519001        1.61000000        1.28295503
    23.89763341       49.47747987        0.49529510        0.12417738        1.61000000        1.28161396
    23.94377624       49.52908205        0.49693372        0.12316353        1.61000000        1.28027425
    23.98980265       49.58068423        0.49857115        0.12214845        1.61000000        1.27893590
    24.03571304       49.63228640        0.50020741        0.12113214        1.61000000        1.27759890
    24.08150782       49.68388858        0.50184249        0.12011460        1.61000000        1.27626326
    24.12718739       49.73549076        0.50347640        0.11909580        1.61000000        1.27492896
    24.17275211       49.78709293        0.50510914        0.11807575        1.61000000        1.27359601
    24.21820238       49.83869511        0.50674071        0.11705444        1.61000000        1.27226441
    24.26353857       49.89029728        0.50837111        0.11603186        1.61000000        1.27093414
    24.30876103       49.94189946        0.51000035        0.11500801        1.61000000        1.26960522
    24.35387013       49.99350164        0.51162842        0.11398287        1.61000000        1.26827762
    24.39886622       50.04510381        0.51325532        0.11295644        1.61000000        1.26695136
    24.44374964       50.09670599        0.51488106        0.11192872        1.61000000        1.26562642
    24.48852073       50.14830817        0.51650564        0.11089969        1.61000000        1.26430281
    24.53317983       50.19991034        0.51812906        0.10986936        1.61000000        1.26298052
    24.57772724       50.25151252        0.51975132        0.10883770        1.61000000        1.26165955
    24.62216331       50.30311469        0.52137241        0.10780472        1.61000000        1.26033990
    24.66648833       50.35471687        0.52299235        0.10677041        1.61000000        1.25902156
    24.71070261       50.40631905        0.52461113        0.10573477        1.61000000        1.25770453
    24.75480646       50.45792122        0.52622875        0.10469778        1.61000000        1.25638881
    24.79880017       50.50952340        0.52784521        0.10365943        1.61000000        1.25507440
    24.84268403       50.56112558        0.52946052        0.10261974        1.61000000        1.25376129
    24.88645832       50.61272775        0.53107467        0.10157867        1.61000000        1.25244948
    24.93012331       50.66432993        0.53268766        0.10053624        1.61000000        1.25113896
    24.97367929       50.71593210        0.53429949        0.09949243        1.61000000        1.24982974
    25.01712652       50.76753428        0.53591017        0.09844724        1.61000000        1.24852182
    25.06046525       50.81913646        0.53751969        0.09740066        1.61000000        1.24721518
    25.10369574       50.87073863        0.53912805        0.09635268        1.61000000        1.24590983
    25.14681826       50.92234081        0.54073526        0.09530330        1.61000000        1.24460576
    25.18983303       50.97394299        0.54234131        0.09425251        1.61000000        1.24330298
    25.23274030       51.02554516        0.54394620        0.09320030        1.61000000        1.24200148
    25.27554031       51.07714734        0.54554993        0.09214667        1.61000000        1.24070125
    25.31823327       51.12874952        0.54715250        0.09109162        1.61000000        1.23940230
    25.36081943       51.18035169        0.54875392        0.09003513        1.61000000        1.23810462
    25.40329900       51.23195387        0.55035417        0.08897721        1.61000000        1.23680822
    25.44567219       51.28355604        0.55195327        0.08791783        1.61000000        1.23551308
    25.48793922       51.33515822        0.55355121        0.08685701        1.61000000        1.23421920
    25.53010029       51.38676040        0.55514798        0.08579472        1.61000000        1.23292659
    25.57215560       51.43836257        0.55674359        0.08473097        1.61000000        1.23163524
    25.61410535       51.48996475        0.55833804        0.08366575        1.61000000        1.23034515
    25.65594973       51.54156693        0.55993133        0.08259906        1.61000000        1.22905632
    25.69768894       51.59316910        0.56152345        0.08153088        1.61000000        1.22776874
    25.73932314       51.64477128        0.56311441        0.08046121        1.61000000        1.22648241
    25.78085252       51.69637345        0.56470420        0.07939005        1.61000000        1.22519734
    25.82227725       51.74797563        0.56629282        0.07831739        1.61000000        1.22391351
    25.86359751       51.79957781        0.56788027        0.07724323        1.61000000        1.22263093
    25.90481347       51.85117998        0.56946655        0.07616755        1.61000000        1.22134959
    25.94592527       51.90278216        0.57105167        0.07509035        1.61000000        1.22006949
    25.98693309       51.95438434        0.57263561        0.07401163        1.61000000        1.21879064
    26.02783707       52.00598651        0.57421837        0.07293138        1.61000000        1.21751302
    26.06863736       52.05758869        0.57579996        0.07184959        1.61000000        1.21623664
    26.10933412       52.10919086        0.57738038        0.07076627        1.61000000        1.21496149
    26.14992747       52.16079304        0.57895962        0.06968139        1.61000000        1.21368758
    26.19041756       52.21239522        0.58053767        0.06859497        1.61000000        1.21241489
    26.23080453       52.26399739        0.58211455        0.06750699        1.61000000        1.21114344
    26.27108849       52.31559957        0.58369025        0.06641744        1.61000000        1.20987321
    26.31126958       52.36720175        0.58526476        0.06532632        1.61000000        1.20860421
    26.35134793       52.41880392        0.58683808        0.06423363        1.61000000        1.20733642
    26.39132365       52.47040610        0.58841022        0.06313936        1.61000000        1.20606986
    26.43119685       52.52200828        0.58998117        0.06204350        1.61000000        1.20480453
    26.47096765       52.57361045        0.59155093        0.06094605        1.61000000        1.20354040
    26.51063615       52.62521263        0.59311949        0.05984701        1.61000000        1.20227750
    26.55020246       52.67681480        0.59468687        0.05874636        1.61000000        1.20101581
    26.58966667       52.72841698        0.59625304        0.05764410        1.61000000        1.19975533
    26.62902890       52.78001916        0.59781802        0.05654023        1.61000000        1.19849606
    26.66828922       52.83162133        0.59938179        0.05543474        1.61000000        1.19723800
    26.70744774       52.88322351        0.60094437        0.05432763        1.61000000        1.19598115
    26.74650454       52.93482569        0.60250574        0.05321888        1.61000000        1.19472551
    26.78545969       52.98642786        0.60406590        0.05210850        1.61000000        1.19347107
    26.82431329       53.03803004        0.60562486        0.05099648        1.61000000        1.19221784
    26.86306541       53.08963221        0.60718260        0.04988282        1.61000000        1.19096581
    26.90171613       53.14123439        0.60873913        0.04876750        1.61000000        1.18971497
    26.94026550       53.19283657        0.61029445        0.04765053        1.61000000        1.18846534
    26.97871361       53.24443874        0.61184855        0.04653189        1.61000000        1.18721690
    27.01706051       53.29604092        0.61340143        0.04541159        1.61000000        1.18596966
    27.05530627       53.34764310        0.61495309        0.04428962        1.61000000        1.18472362
    27.09345095       53.39924527        0.61650353        0.04316597        1.61000000        1.18347876
    27.13149459       53.45084745        0.61805274        0.04204063        1.61000000        1.18223510
    27.16943725       53.50244962        0.61960072        0.04091361        1.61000000        1.18099263
    27.20727899       53.55405180        0.62114746        0.03978489        1.61000000        1.17975135
    27.24501985       53.60565398        0.62269298        0.03865448        1.61000000        1.17851126
    27.28265986       53.65725615        0.62423726        0.03752236        1.61000000        1.17727235
    27.32019907       53.70885833        0.62578030        0.03638854        1.61000000        1.17603463
    27.35763752       53.76046051        0.62732210        0.03525300        1.61000000        1.17479810
    27.39497523       53.81206268        0.62886265        0.03411574        1.61000000        1.17356274
    27.43221225       53.86366486        0.63040196        0.03297676        1.61000000        1.17232857
    27.46934859       53.91526704        0.63194002        0.03183605        1.61000000        1.17109558
    27.50638430       53.96686921        0.63347683        0.03069361        1.61000000        1.16986377
    27.54331937       54.01847139        0.63501239        0.02954943        1.61000000        1.16863313
    27.58015385       54.07007356        0.63654668        0.02840350        1.61000000        1.16740367
    27.61688774       54.12167574        0.63807972        0.02725582        1.61000000        1.16617539
    27.65352105       54.17327792        0.63961150        0.02610640        1.61000000        1.16494829
    27.69005381       54.22488009        0.64114201        0.02495521        1.61000000        1.16372235
    27.72648601       54.27648227        0.64267125        0.02380226        1.61000000        1.16249759
    27.76281767       54.32808445        0.64419922        0.02264754        1.61000000        1.16127400
    27.79904879       54.37968662        0.64572592        0.02149105        1.61000000        1.16005159
    27.83517936       54.43128880        0.64725134        0.02033278        1.61000000        1.15883034
    27.87120939       54.48289097        0.64877549        0.01917272        1.61000000        1.15761026
    27.90713888       54.53449315        0.65029835        0.01801088        1.61000000        1.15639135
    27.94296780       54.58609533        0.65181992        0.01684725        1.61000000        1.15517360
    27.97869616       54.63769750        0.65334021        0.01568182        1.61000000        1.15395702
    28.01432395       54.68929968        0.65485920        0.01451459        1.61000000        1.15274161
    28.04985114       54.74090186        0.65637690        0.01334555        1.61000000        1.15152736
    28.08527773       54.79250403        0.65789331        0.01217469        1.61000000        1.15031427
    28.12060369       54.84410621        0.65940841        0.01100203        1.61000000        1.14910235
    28.15582899       54.89570838        0.66092221        0.00982754        1.61000000        1.14789159
    28.19095361       54.94731056        0.66243471        0.00865122        1.61000000        1.14668199
    28.22597753       54.99891274        0.66394589        0.00747308        1.61000000        1.14547354
    28.26090072       55.05051491        0.66545576        0.00629309        1.61000000        1.14426626
    28.29572314       55.10211709        0.66696432        0.00511127        1.61000000        1.14306014
    28.33044476       55.15371927        0.66847156        0.00392761        1.61000000        1.14185517
    28.36506554       55.20532144        0.66997747        0.00274210        1.61000000        1.14065136
    28.39958544       55.25692362        0.67148206        0.00155473        1.61000000        1.13944871
    28.43400442       55.30852580        0.67298532        0.00036550        1.61000000        1.13824721
    28.46832243       55.36012797        0.67448725       -0.00082559        1.61000000        1.13704687
    28.50253944       55.41173015        0.67598784       -0.00201854        1.61000000        1.13584768
    28.53665538       55.46333232        0.67748710       -0.00321337        1.61000000        1.13464964
    28.57067022       55.51493450        0.67898501       -0.00441007        1.61000000        1.13345276
    28.60458388       55.56653668        0.68048158       -0.00560865        1.61000000        1.13225703
    28.63839633       55.61813885        0.68197680       -0.00680912        1.61000000        1.13106245
    28.67210749       55.66974103        0.68347067       -0.00801148        1.61000000        1.12986903
    28.70571731       55.72134321        0.68496319       -0.00921574        1.61000000        1.12867675
    28.73922573       55.77294538        0.68645434       -0.01042189        1.61000000        1.12748563
    28.77263268       55.82454756        0.68794414       -0.01162994        1.61000000        1.12629565
    28.80593809       55.87614973        0.68943257       -0.01283990        1.61000000        1.12510682
    28.83914190       55.92775191        0.69091963       -0.01405177        1.61000000        1.12391914
    28.87224402       55.97935409        0.69240532       -0.01526556        1.61000000        1.12273261
    28.90524440       56.03095626        0.69388963       -0.01648127        1.61000000        1.12154723
    28.93814294       56.08255844        0.69537256       -0.01769890        1.61000000        1.12036300
    28.97093958       56.13416062        0.69685411       -0.01891846        1.61000000        1.11917991
    29.00363422       56.18576279        0.69833428       -0.02013996        1.61000000        1.11799797
    29.03622680       56.23736497        0.69981305       -0.02136339        1.61000000        1.11681717
    29.06871721       56.28896714        0.70129043       -0.02258876        1.61000000        1.11563752
    29.10110539       56.34056932        0.70276642       -0.02381608        1.61000000        1.11445902
    29.13339122       56.39217150        0.70424101       -0.02504535        1.61000000        1.11328166
    29.16557464       56.44377367        0.70571419       -0.02627657        1.61000000        1.11210544
    29.19765553       56.49537585        0.70718596       -0.02750975        1.61000000        1.11093037
    29.22963380       56.54697803        0.70865632       -0.02874489        1.61000000        1.10975644
    29.26150936       56.59858020        0.71012527       -0.02998200        1.61000000        1.10858366
    29.29328211       56.65018238        0.71159280       -0.03122108        1.61000000        1.10741202
    29.32495194       56.70178456        0.71305891       -0.03246213        1.61000000        1.10624153
    29.35651874       56.75338673        0.71452359       -0.03370516        1.61000000        1.10507217
    29.38798242       56.80498891        0.71598685       -0.03495018        1.61000000        1.10390396
    29.41934286       56.85659108        0.71744867       -0.03619718        1.61000000        1.10273690
    29.45059995       56.90819326        0.71890905       -0.03744617        1.61000000        1.10157097
    29.48175358       56.95979544        0.72036799       -0.03869715        1.61000000        1.10040619
    29.51280364       57.01139761        0.72182549       -0.03995014        1.61000000        1.09924255
    29.54375000       57.06299979        0.72328154       -0.04120512        1.61000000        1.09808005
    29.57459255       57.11460197        0.72473614       -0.04246211        1.61000000        1.09691869
    29.60533117       57.16620414        0.72618929       -0.04372112        1.61000000        1.09575848
    29.63596573       57.21780632        0.72764097       -0.04498213        1.61000000        1.09459941
    29.66649610       57.26940849        0.72909119       -0.04624516        1.61000000        1.09344148
    29.69692217       57.32101067        0.73053995       -0.04751022        1.61000000        1.09228469
    29.72724380       57.37261285        0.73198723       -0.04877730        1.61000000        1.09112904
    29.75746086       57.42421502        0.73343304       -0.05004640        1.61000000        1.08997453
    29.78757321       57.47581720        0.73487737       -0.05131754        1.61000000        1.08882117
    29.81758073       57.52741938        0.73632022       -0.05259072        1.61000000        1.08766895
    29.84748327       57.57902155        0.73776159       -0.05386594        1.61000000        1.08651786
    29.87728069       57.63062373        0.73920146       -0.05514320        1.61000000        1.08536793
    29.90697286       57.68222590        0.74063984       -0.05642251        1.61000000        1.08421913
    29.93655962       57.73382808        0.74207672       -0.05770386        1.61000000        1.08307147
    29.96604084       57.78543026        0.74351210       -0.05898728        1.61000000        1.08192496
    29.99541636       57.83703243        0.74494598       -0.06027275        1.61000000        1.08077958
    30.02468604       57.88863461        0.74637834       -0.06156028        1.61000000        1.07963535
    30.05384972       57.94023679        0.74780920       -0.06284988        1.61000000        1.07849226
    30.08290726       57.99183896        0.74923853       -0.06414154        1.61000000        1.07735032
    30.11185849       58.04344114        0.75066635       -0.06543528        1.61000000        1.07620951
    30.14070326       58.09504331        0.75209263       -0.06673110        1.61000000        1.07506985
    30.16944141       58.14664549        0.75351739       -0.06802899        1.61000000        1.07393133
    30.19807278       58.19824767        0.75494062       -0.06932896        1.61000000        1.07279396
    30.22659720       58.24984984        0.75636231       -0.07063102        1.61000000        1.07165772
    30.25501451       58.30145202        0.75778246       -0.07193517        1.61000000        1.07052263
    30.28332454       58.35305420        0.75920106       -0.07324141        1.61000000        1.06938869
    30.31152713       58.40465637        0.76061812       -0.07454975        1.61000000        1.06825589
    30.33962210       58.45625855        0.76203362       -0.07586018        1.61000000        1.06712423
    30.36760927       58.50786073        0.76344756       -0.07717272        1.61000000        1.06599372
    30.39548848       58.55946290        0.76485994       -0.07848736        1.61000000        1.06486435
    30.42325955       58.61106508        0.76627076       -0.07980411        1.61000000        1.06373612
    30.45092230       58.66266725        0.76768001       -0.08112298        1.61000000        1.06260905
    30.47847654       58.71426943        0.76908768       -0.08244395        1.61000000        1.06148311
    30.50592209       58.76587161        0.77049378       -0.08376705        1.61000000        1.06035833
    30.53325878       58.81747378        0.77189829       -0.08509226        1.61000000        1.05923469
    30.56048641       58.86907596        0.77330122       -0.08641960        1.61000000        1.05811219
    30.58760479       58.92067814        0.77470256       -0.08774906        1.61000000        1.05699085
    30.61461374       58.97228031        0.77610230       -0.08908066        1.61000000        1.05587065
    30.64151305       59.02388249        0.77750045       -0.09041438        1.61000000        1.05475160
    30.66830255       59.07548466        0.77889699       -0.09175024        1.61000000        1.05363369
    30.69498202       59.12708684        0.78029193       -0.09308824        1.61000000        1.05251694
    30.72155128       59.17868902        0.78168526       -0.09442839        1.61000000        1.05140134
    30.74801012       59.23029119        0.78307697       -0.09577067        1.61000000        1.05028688
    30.77435834       59.28189337        0.78446706       -0.09711510        1.61000000        1.04917358
    30.80059573       59.33349555        0.78585553       -0.09846168        1.61000000        1.04806142
    30.82672210       59.38509772        0.78724238       -0.09981042        1.61000000        1.04695042
    30.85273722       59.43669990        0.78862759       -0.10116130        1.61000000        1.04584057
    30.87864090       59.48830207        0.79001116       -0.10251435        1.61000000        1.04473187
    30.90443292       59.53990425        0.79139310       -0.10386955        1.61000000        1.04362433
    30.93011307       59.59150643        0.79277339       -0.10522692        1.61000000        1.04251794
    30.95568113       59.64310860        0.79415203       -0.10658645        1.61000000        1.04141270
    30.98113689       59.69471078        0.79552902       -0.10794815        1.61000000        1.04030862
    31.00648011       59.74631296        0.79690436       -0.10931202        1.61000000        1.03920569
    31.03171060       59.79791513        0.79827803       -0.11067806        1.61000000        1.03810392
    31.05682811       59.84951731        0.79965004       -0.11204627        1.61000000        1.03700330
    31.08183243       59.90111949        0.80102038       -0.11341666        1.61000000        1.03590385
    31.10672333       59.95272166        0.80238904       -0.11478923        1.61000000        1.03480555
    31.13150057       60.00432384        0.80375602       -0.11616399        1.61000000        1.03370840
    31.15616394       60.05592601        0.80512133       -0.11754092        1.61000000        1.03261242
    31.18071319       60.10752819        0.80648494       -0.11892005        1.61000000        1.03151760
    31.20514810       60.15913037        0.80784687       -0.12030136        1.61000000        1.03042394
    31.22946842       60.21073254        0.80920710       -0.12168486        1.61000000        1.02933144
    31.25367391       60.26233472        0.81056563       -0.12307055        1.61000000        1.02824010
    31.27776434       60.31393690        0.81192245       -0.12445843        1.61000000        1.02714993
    31.30173947       60.36553907        0.81327757       -0.12584852        1.61000000        1.02606091
    31.32559904       60.41714125        0.81463098       -0.12724080        1.61000000        1.02497307
    31.34934282       60.46874342        0.81598266       -0.12863528        1.61000000        1.02388639
    31.37297055       60.52034560        0.81733263       -0.13003196        1.61000000        1.02280087
    31.39648199       60.57194778        0.81868087       -0.13143085        1.61000000        1.02171652
    31.41987688       60.62354995        0.82002738       -0.13283194        1.61000000        1.02063334
    31.44315497       60.67515213        0.82137216       -0.13423524        1.61000000        1.01955133
    31.46631601       60.72675431        0.82271519       -0.13564074        1.61000000        1.01847049
    31.48935972       60.77835648        0.82405649       -0.13704846        1.61000000        1.01739081
    31.51228587       60.82995866        0.82539603       -0.13845839        1.61000000        1.01631231
    31.53509419       60.88156083        0.82673383       -0.13987053        1.61000000        1.01523498
    31.55778440       60.93316301        0.82806986       -0.14128489        1.61000000        1.01415883
    31.58035625       60.98476519        0.82940414       -0.14270146        1.61000000        1.01308384
    31.60280947       61.03636736        0.83073665       -0.14412025        1.61000000        1.01201004
    31.62514378       61.08796954        0.83206739       -0.14554126        1.61000000        1.01093740
    31.64735893       61.13957172        0.83339636       -0.14696449        1.61000000        1.00986595
    31.66945463       61.19117389        0.83472355       -0.14838995        1.61000000        1.00879567
    31.69143061       61.24277607        0.83604896       -0.14981762        1.61000000        1.00772657
    31.71328660       61.29437825        0.83737257       -0.15124752        1.61000000        1.00665865
    31.73502231       61.34598042        0.83869440       -0.15267964        1.61000000        1.00559192
    31.75663746       61.39758260        0.84001443       -0.15411399        1.61000000        1.00452636
    31.77813177       61.44918477        0.84133266       -0.15555057        1.61000000        1.00346199
    31.79950497       61.50078695        0.84264908       -0.15698937        1.61000000        1.00239880
    31.82075675       61.55238913        0.84396370       -0.15843041        1.61000000        1.00133679
    31.84188683       61.60399130        0.84527649       -0.15987367        1.61000000        1.00027597
    31.86289492       61.65559348        0.84658748       -0.16131916        1.61000000        0.99921634
    31.88378073       61.70719566        0.84789663       -0.16276689        1.61000000        0.99815790
    31.90454396       61.75879783        0.84920396       -0.16421685        1.61000000        0.99710065
    31.92518431       61.81040001        0.85050946       -0.16566903        1.61000000        0.99604458
    31.94570150       61.86200218        0.85181312       -0.16712346        1.61000000        0.99498971
    31.96609521       61.91360436        0.85311494       -0.16858011        1.61000000        0.99393603
    31.98636515       61.96520654        0.85441491       -0.17003900        1.61000000        0.99288355
    32.00651101       62.01680871        0.85571303       -0.17150012        1.61000000        0.99183226
    32.02653249       62.06841089        0.85700930       -0.17296348        1.61000000        0.99078217
    32.04642927       62.12001307        0.85830370       -0.17442907        1.61000000        0.98973327
    32.06620105       62.17161524        0.85959625       -0.17589690        1.61000000        0.98868557
    32.08584752       62.22321742        0.86088692       -0.17736696        1.61000000        0.98763908
    32.10536835       62.27481959        0.86217572       -0.17883925        1.61000000        0.98659378
    32.12476324       62.32642177        0.86346264       -0.18031379        1.61000000        0.98554969
    32.14403186       62.37802395        0.86474768       -0.18179055        1.61000000        0.98450680
    32.16317390       62.42962612        0.86603084       -0.18326955        1.61000000        0.98346511
    32.18218904       62.48122830        0.86731210       -0.18475079        1.61000000        0.98242463
    32.20107694       62.53283048        0.86859146       -0.18623426        1.61000000        0.98138536
    32.21983729       62.58443265        0.86986893       -0.18771996        1.61000000        0.98034730
    32.23846976       62.63603483        0.87114449       -0.18920790        1.61000000        0.97931045
    32.25697400       62.68763701        0.87241813       -0.19069807        1.61000000        0.97827481
    32.27534971       62.73923918        0.87368987       -0.19219047        1.61000000        0.97724038
    32.29359653       62.79084136        0.87495968       -0.19368511        1.61000000        0.97620717
    32.31171414       62.84244353        0.87622757       -0.19518197        1.61000000        0.97517517
    32.32970219       62.89404571        0.87749353       -0.19668107        1.61000000        0.97414439
    32.34756034       62.94564789        0.87875756       -0.19818240        1.61000000        0.97311483
    32.36528826       62.99725006        0.88001965       -0.19968595        1.61000000        0.97208649
    32.38288560       63.04885224        0.88127980       -0.20119173        1.61000000        0.97105937
    32.40035201       63.10045442        0.88253799       -0.20269974        1.61000000        0.97003347
    32.41768715       63.15205659        0.88379424       -0.20420998        1.61000000        0.96900880
    32.43489066       63.20365877        0.88504853       -0.20572244        1.61000000        0.96798535
    32.45196219       63.25526094        0.88630086       -0.20723712        1.61000000        0.96696313
    32.46890139       63.30686312        0.88755122       -0.20875402        1.61000000        0.96594214
    32.48570790       63.35846530        0.88879961       -0.21027314        1.61000000        0.96492238
    32.50238137       63.41006747        0.89004603       -0.21179449        1.61000000        0.96390385
    32.51892143       63.46166965        0.89129046       -0.21331804        1.61000000        0.96288655
    32.53532771       63.51327183        0.89253291       -0.21484382        1.61000000        0.96187049
    32.55159987       63.56487400        0.89377337       -0.21637181        1.61000000        0.96085566
    32.56773752       63.61647618        0.89501184       -0.21790201        1.61000000        0.95984207
    32.58374030       63.66807835        0.89624830       -0.21943442        1.61000000        0.95882972
    32.59960784       63.71968053        0.89748277       -0.22096903        1.61000000        0.95781861
    32.61533977       63.77128271        0.89871522       -0.22250585        1.61000000        0.95680875
    32.63093571       63.82288488        0.89994566       -0.22404488        1.61000000        0.95580013
    32.64639529       63.87448706        0.90117408       -0.22558611        1.61000000        0.95479275
    32.66171813       63.92608924        0.90240047       -0.22712953        1.61000000        0.95378662
    32.67690383       63.97769141        0.90362484       -0.22867516        1.61000000        0.95278175
    32.69195203       64.02929359        0.90484718       -0.23022297        1.61000000        0.95177812
    32.70686234       64.08089576        0.90606748       -0.23177298        1.61000000        0.95077574
    32.72163436       64.13249794        0.90728573       -0.23332517        1.61000000        0.94977462
    32.73626772       64.18410012        0.90850194       -0.23487955        1.61000000        0.94877475
    32.75076201       64.23570229        0.90971610       -0.23643612        1.61000000        0.94777614
    32.76511685       64.28730447        0.91092820       -0.23799486        1.61000000        0.94677879
    32.77933184       64.33890665        0.91213823       -0.23955578        1.61000000        0.94578271
    32.79340657       64.39050882        0.91334620       -0.24111887        1.61000000        0.94478788
    32.80734066       64.44211100        0.91455210       -0.24268413        1.61000000        0.94379432
    32.82113370       64.49371318        0.91575593       -0.24425156        1.61000000        0.94280202
    32.83478528       64.54531535        0.91695767       -0.24582115        1.61000000        0.94181099
    32.84829500       64.59691753        0.91815732       -0.24739290        1.61000000        0.94082124
    32.86166244       64.64851970        0.91935488       -0.24896680        1.61000000        0.93983275
    32.87488721       64.70012188        0.92055035       -0.25054286        1.61000000        0.93884554
    32.88796888       64.75172406        0.92174372       -0.25212106        1.61000000        0.93785960
    32.90090705       64.80332623        0.92293498       -0.25370141        1.61000000        0.93687494
    32.91370129       64.85492841        0.92412413       -0.25528390        1.61000000        0.93589155
    32.92635118       64.90653059        0.92531116       -0.25686852        1.61000000        0.93490945
    32.93885631       64.95813276        0.92649607       -0.25845527        1.61000000        0.93392863
    32.95121624       65.00973494        0.92767886       -0.26004415        1.61000000        0.93294910
    32.96343056       65.06133711        0.92885952       -0.26163515        1.61000000        0.93197085
    32.97549884       65.11293929        0.93003804       -0.26322827        1.61000000        0.93099389
    32.98742064       65.16454147        0.93121442       -0.26482350        1.61000000        0.93001822
    32.99919554       65.21614364        0.93238866       -0.26642084        1.61000000        0.92904384
    33.01082309       65.26774582        0.93356074       -0.26802027        1.61000000        0.92807075
    33.02230287       65.31934800        0.93473067       -0.26962181        1.61000000        0.92709897
    33.03363444       65.37095017        0.93589844       -0.27122544        1.61000000        0.92612847
    33.04481734       65.42255235        0.93706404       -0.27283115        1.61000000        0.92515928
    33.05585115       65.47415452        0.93822747       -0.27443894        1.61000000        0.92419139
    33.06673541       65.52575670        0.93938873       -0.27604881        1.61000000        0.92322481
    33.07746968       65.57735888        0.94054780       -0.27766075        1.61000000        0.92225953
    33.08805350       65.62896105        0.94170469       -0.27927474        1.61000000        0.92129556
    33.09848643       65.68056323        0.94285939       -0.28089080        1.61000000        0.92033290
    33.10876801       65.73216541        0.94401190       -0.28250891        1.61000000        0.91937155
    33.11889779       65.78376758        0.94516220       -0.28412906        1.61000000        0.91841151
    33.12887530       65.83536976        0.94631030       -0.28575125        1.61000000        0.91745279
    33.13870008       65.88697194        0.94745618       -0.28737547        1.61000000        0.91649539
    33.14837168       65.93857411        0.94859985       -0.28900171        1.61000000        0.91553931
    33.15788962       65.99017629        0.94974130       -0.29062998        1.61000000        0.91458455
    33.16725345       66.04177846        0.95088052       -0.29226025        1.61000000        0.91363111
    33.17646268       66.09338064        0.95201751       -0.29389253        1.61000000        0.91267901
    33.18551685       66.14498282        0.95315226       -0.29552680        1.61000000        0.91172823
    33.19441548       66.19658499        0.95428477       -0.29716306        1.61000000        0.91077878
    33.20315809       66.24818717        0.95541503       -0.29880131        1.61000000        0.90983066
    33.21174421       66.29978935        0.95654304       -0.30044153        1.61000000        0.90888388
    33.22017336       66.35139152        0.95766879       -0.30208371        1.61000000        0.90793844
    33.22844505       66.40299370        0.95879229       -0.30372785        1.61000000        0.90699433
    33.23655880       66.45459587        0.95991351       -0.30537394        1.61000000        0.90605157
    33.24451412       66.50619805        0.96103246       -0.30702197        1.61000000        0.90511015
    33.25231051       66.55780023        0.96214913       -0.30867194        1.61000000        0.90417008
    33.25994749       66.60940240        0.96326351       -0.31032383        1.61000000        0.90323136
    33.26742456       66.66100458        0.96437561       -0.31197763        1.61000000        0.90229398
    33.27474123       66.71260676        0.96548542       -0.31363334        1.61000000        0.90135796
    33.28189699       66.76420893        0.96659292       -0.31529095        1.61000000        0.90042330
    33.28889133       66.81581111        0.96769812       -0.31695045        1.61000000        0.89948999
    33.29572378       66.86741328        0.96880101       -0.31861182        1.61000000        0.89855804
    33.30239380       66.91901546        0.96990159       -0.32027507        1.61000000        0.89762746
    33.30890089       66.97061764        0.97099984       -0.32194017        1.61000000        0.89669824
    33.31524455       67.02221981        0.97209577       -0.32360712        1.61000000        0.89577038
    33.32142426       67.07382199        0.97318936       -0.32527592        1.61000000        0.89484389
    33.32743950       67.12542417        0.97428062       -0.32694654        1.61000000        0.89391878
    33.33328975       67.17702634        0.97536954       -0.32861898        1.61000000        0.89299504
    33.33897450       67.22862852        0.97645611       -0.33029323        1.61000000        0.89207267
    33.34449323       67.28023070        0.97754033       -0.33196928        1.61000000        0.89115169
    33.34984540       67.33183287        0.97862219       -0.33364712        1.61000000        0.89023208
    33.35503049       67.38343505        0.97970168       -0.33532673        1.61000000        0.88931386
    33.36004797       67.43503722        0.98077881       -0.33700810        1.61000000        0.88839702
    33.36489731       67.48663940        0.98185356       -0.33869123        1.61000000        0.88748158
    33.36957798       67.53824158        0.98292593       -0.34037610        1.61000000        0.88656752
    33.37408943       67.58984375        0.98399591       -0.34206270        1.61000000        0.88565485
    33.37843113       67.64144593        0.98506351       -0.34375101        1.61000000        0.88474358
    33.38260254       67.69304811        0.98612871       -0.34544103        1.61000000        0.88383371
    33.38660310       67.74465028        0.98719150       -0.34713275        1.61000000        0.88292524
    33.39043229       67.79625246        0.98825189       -0.34882614        1.61000000        0.88201817
    33.39408955       67.84785463        0.98930987       -0.35052120        1.61000000        0.88111251
    33.39757432       67.89945681        0.99036542       -0.35221792        1.61000000        0.88020825
    33.40088605       67.95105899        0.99141856       -0.35391628        1.61000000        0.87930541
    33.40402419       68.00266116        0.99246926       -0.35561626        1.61000000        0.87840398
    33.40698819       68.05426334        0.99351753       -0.35731786        1.61000000        0.87750396
    33.40977747       68.10586552        0.99456335       -0.35902106        1.61000000        0.87660536
    33.41239147       68.15746769        0.99560673       -0.36072585        1.61000000        0.87570819
    33.41482964       68.20906987        0.99664766       -0.36243221        1.61000000        0.87481243
    33.41709140       68.26067204        0.99768613       -0.36414012        1.61000000        0.87391811
    33.41917619       68.31227422        0.99872213       -0.36584958        1.61000000        0.87302521
    33.42108342       68.36387640        0.99975567       -0.36756057        1.61000000        0.87213374
    33.42281253       68.41547857        1.00078673       -0.36927308        1.61000000        0.87124370
    33.42436294       68.46708075        1.00181531       -0.37098708        1.61000000        0.87035510
    33.42573406       68.51868293        1.00284140       -0.37270256        1.61000000        0.86946794
    33.42692532       68.57028510        1.00386501       -0.37441951        1.61000000        0.86858222
    33.42793613       68.62188728        1.00488611       -0.37613792        1.61000000        0.86769795
    33.42876591       68.67348946        1.00590471       -0.37785776        1.61000000        0.86681512
    33.42941406       68.72509163        1.00692080       -0.37957901        1.61000000        0.86593375
    33.42987999       68.77669381        1.00793437       -0.38130167        1.61000000        0.86505382
    33.43016311       68.82829598        1.00894543       -0.38302572        1.61000000        0.86417535
    33.43026282       68.87989816        1.00995395       -0.38475113        1.61000000        0.86329834
