#  Theta paroi en deg Angle Choc en deg       Kp           Inverse Mach       Mach amont       Mach aval
     0.00000000       23.37986812        0.00000000        0.60317460        2.52000000
     1.77716279       23.38186672        0.00554022        0.60069495        2.52000000        2.51987887
     2.14125886       23.38466312        0.00757126        0.59979363        2.52000000        2.51970941
     2.53427710       23.38985291        0.01002010        0.59871227        2.52000000        2.51939499
     2.95882662       23.39903168        0.01294142        0.59742978        2.52000000        2.51883917
     3.39749512       23.41379503        0.01624022        0.59599120        2.52000000        2.51794585
     3.83996694       23.43573855        0.01983879        0.59443322        2.52000000        2.51661962
     4.28226954       23.46645784        0.02369420        0.59277681        2.52000000        2.51476612
     4.72376297       23.50754848        0.02778891        0.59103164        2.52000000        2.51229247
     5.16535278       23.56060607        0.03212188        0.58920018        2.52000000        2.50910786
     5.60861730       23.62722620        0.03670287        0.58728040        2.52000000        2.50512414
     5.97851014       23.69384633        0.04069899        0.58561911        2.52000000        2.50115681
     6.30079659       23.76046646        0.04430710        0.58412952        2.52000000        2.49720565
     6.58938734       23.82708659        0.04763648        0.58276348        2.52000000        2.49327043
     6.85271770       23.89370673        0.05075483        0.58149121        2.52000000        2.48935094
     7.09632021       23.96032686        0.05370730        0.58029283        2.52000000        2.48544695
     7.32403556       24.02694699        0.05652573        0.57915437        2.52000000        2.48155827
     7.53864752       24.09356712        0.05923342        0.57806557        2.52000000        2.47768467
     7.74224340       24.16018725        0.06184808        0.57701865        2.52000000        2.47382595
     7.93643177       24.22680738        0.06438344        0.57600757        2.52000000        2.46998191
     8.12248053       24.29342752        0.06685042        0.57502753        2.52000000        2.46615236
     8.30140831       24.36004765        0.06925785        0.57407464        2.52000000        2.46233710
     8.47404669       24.42666778        0.07161300        0.57314570        2.52000000        2.45853593
     8.64108411       24.49328791        0.07392189        0.57223805        2.52000000        2.45474867
     8.80309749       24.55990804        0.07618961        0.57134945        2.52000000        2.45097514
     8.96057539       24.62652818        0.07842049        0.57047800        2.52000000        2.44721515
     9.11393556       24.69314831        0.08061823        0.56962204        2.52000000        2.44346852
     9.26353816       24.75976844        0.08278605        0.56878015        2.52000000        2.43973509
     9.40969606       24.82638857        0.08492673        0.56795111        2.52000000        2.43601467
     9.55268295       24.89300870        0.08704273        0.56713381        2.52000000        2.43230710
     9.69273968       24.95962884        0.08913621        0.56632730        2.52000000        2.42861222
     9.83007944       25.02624897        0.09120908        0.56553073        2.52000000        2.42492985
     9.96489188       25.09286910        0.09326306        0.56474332        2.52000000        2.42125983
    10.09734656       25.15948923        0.09529967        0.56396439        2.52000000        2.41760202
    10.22759567       25.22610936        0.09732029        0.56319333        2.52000000        2.41395624
    10.35577640       25.29272950        0.09932614        0.56242957        2.52000000        2.41032236
    10.48201294       25.35934963        0.10131836        0.56167263        2.52000000        2.40670022
    10.60641798       25.42596976        0.10329797        0.56092202        2.52000000        2.40308966
    10.72909421       25.49258989        0.10526588        0.56017733        2.52000000        2.39949056
    10.85013546       25.55921002        0.10722295        0.55943817        2.52000000        2.39590275
    10.96962771       25.62583015        0.10916995        0.55870420        2.52000000        2.39232611
    11.08764993       25.69245029        0.11110760        0.55797508        2.52000000        2.38876048
    11.20427487       25.75907042        0.11303655        0.55725050        2.52000000        2.38520575
    11.31956971       25.82569055        0.11495740        0.55653020        2.52000000        2.38166177
    11.43359661       25.89231068        0.11687072        0.55581391        2.52000000        2.37812840
    11.54641319       25.95893081        0.11877702        0.55510139        2.52000000        2.37460553
    11.65807299       26.02555095        0.12067678        0.55439242        2.52000000        2.37109303
    11.76862587       26.09217108        0.12257045        0.55368678        2.52000000        2.36759076
    11.87811832       26.15879121        0.12445844        0.55298428        2.52000000        2.36409860
    11.98659375       26.22541134        0.12634114        0.55228474        2.52000000        2.36061644
    12.09409281       26.29203147        0.12821891        0.55158798        2.52000000        2.35714415
    12.20065357       26.35865161        0.13009209        0.55089384        2.52000000        2.35368162
    12.30631178       26.42527174        0.13196099        0.55020217        2.52000000        2.35022872
    12.41110103       26.49189187        0.13382592        0.54951283        2.52000000        2.34678536
    12.51505293       26.55851200        0.13568714        0.54882567        2.52000000        2.34335140
    12.61819725       26.62513213        0.13754493        0.54814058        2.52000000        2.33992676
    12.72056214       26.69175226        0.13939952        0.54745743        2.52000000        2.33651130
    12.82217412       26.75837240        0.14125115        0.54677610        2.52000000        2.33310493
    12.92305832       26.82499253        0.14310003        0.54609649        2.52000000        2.32970755
    13.02323852       26.89161266        0.14494637        0.54541850        2.52000000        2.32631905
    13.12273724       26.95823279        0.14679037        0.54474201        2.52000000        2.32293932
    13.22157587       27.02485292        0.14863221        0.54406695        2.52000000        2.31956827
    13.31977472       27.09147306        0.15047206        0.54339322        2.52000000        2.31620580
    13.41735307       27.15809319        0.15231008        0.54272074        2.52000000        2.31285181
    13.51432931       27.22471332        0.15414643        0.54204942        2.52000000        2.30950621
    13.61072091       27.29133345        0.15598127        0.54137919        2.52000000        2.30616890
    13.70654454       27.35795358        0.15781472        0.54070998        2.52000000        2.30283979
    13.80181609       27.42457372        0.15964692        0.54004170        2.52000000        2.29951879
    13.89655075       27.49119385        0.16147799        0.53937431        2.52000000        2.29620580
    13.99076300       27.55781398        0.16330806        0.53870772        2.52000000        2.29290074
    14.08446672       27.62443411        0.16513724        0.53804188        2.52000000        2.28960353
    14.17767516       27.69105424        0.16696564        0.53737673        2.52000000        2.28631407
    14.27040102       27.75767437        0.16879336        0.53671220        2.52000000        2.28303228
    14.36265645       27.82429451        0.17062049        0.53604826        2.52000000        2.27975809
    14.45445313       27.89091464        0.17244714        0.53538483        2.52000000        2.27649140
    14.54580222       27.95753477        0.17427338        0.53472187        2.52000000        2.27323214
    14.63671448       28.02415490        0.17609931        0.53405933        2.52000000        2.26998022
    14.72720021       28.09077503        0.17792501        0.53339717        2.52000000        2.26673557
    14.81726932       28.15739517        0.17975054        0.53273533        2.52000000        2.26349812
    14.90693134       28.22401530        0.18157600        0.53207378        2.52000000        2.26026778
    14.99619543       28.29063543        0.18340144        0.53141246        2.52000000        2.25704448
    15.08507042       28.35725556        0.18522693        0.53075134        2.52000000        2.25382815
    15.17356480       28.42387569        0.18705253        0.53009038        2.52000000        2.25061871
    15.26168675       28.49049583        0.18887832        0.52942954        2.52000000        2.24741610
    15.34944418       28.55711596        0.19070434        0.52876878        2.52000000        2.24422024
    15.43684469       28.62373609        0.19253066        0.52810806        2.52000000        2.24103107
    15.52389563       28.69035622        0.19435732        0.52744735        2.52000000        2.23784851
    15.61060408       28.75697635        0.19618437        0.52678662        2.52000000        2.23467250
    15.69697689       28.82359648        0.19801187        0.52612583        2.52000000        2.23150297
    15.78302069       28.89021662        0.19983987        0.52546496        2.52000000        2.22833986
    15.86874185       28.95683675        0.20166840        0.52480396        2.52000000        2.22518311
    15.95414658       29.02345688        0.20349751        0.52414280        2.52000000        2.22203264
    16.03924084       29.09007701        0.20532723        0.52348147        2.52000000        2.21888840
    16.12403043       29.15669714        0.20715762        0.52281993        2.52000000        2.21575033
    16.20852095       29.22331728        0.20898871        0.52215815        2.52000000        2.21261836
    16.29271783       29.28993741        0.21082053        0.52149611        2.52000000        2.20949244
    16.37662632       29.35655754        0.21265311        0.52083377        2.52000000        2.20637251
    16.46025153       29.42317767        0.21448649        0.52017112        2.52000000        2.20325850
    16.54359839       29.48979780        0.21632071        0.51950812        2.52000000        2.20015037
    16.62667169       29.55641794        0.21815578        0.51884476        2.52000000        2.19704806
    16.70947609       29.62303807        0.21999174        0.51818100        2.52000000        2.19395150
    16.79201608       29.68965820        0.22182862        0.51751683        2.52000000        2.19086065
    16.87429606       29.75627833        0.22366645        0.51685223        2.52000000        2.18777545
    16.95632027       29.82289846        0.22550524        0.51618716        2.52000000        2.18469586
    17.03809284       29.88951860        0.22734503        0.51552162        2.52000000        2.18162180
    17.11961779       29.95613873        0.22918582        0.51485557        2.52000000        2.17855325
    17.20089902       30.02275886        0.23102766        0.51418900        2.52000000        2.17549014
    17.28194031       30.08937899        0.23287056        0.51352188        2.52000000        2.17243242
    17.36274536       30.15599912        0.23471453        0.51285420        2.52000000        2.16938005
    17.44331775       30.22261925        0.23655960        0.51218594        2.52000000        2.16633298
    17.52366098       30.28923939        0.23840578        0.51151708        2.52000000        2.16329115
    17.60377842       30.35585952        0.24025310        0.51084759        2.52000000        2.16025453
    17.68367341       30.42247965        0.24210157        0.51017747        2.52000000        2.15722306
    17.76334915       30.48909978        0.24395120        0.50950669        2.52000000        2.15419670
    17.84280877       30.55571991        0.24580201        0.50883523        2.52000000        2.15117541
    17.92205535       30.62234005        0.24765402        0.50816308        2.52000000        2.14815914
    18.00109183       30.68896018        0.24950723        0.50749023        2.52000000        2.14514784
    18.07992114       30.75558031        0.25136167        0.50681665        2.52000000        2.14214147
    18.15854610       30.82220044        0.25321734        0.50614232        2.52000000        2.13914000
    18.23696945       30.88882057        0.25507425        0.50546724        2.52000000        2.13614337
    18.31519390       30.95544071        0.25693242        0.50479139        2.52000000        2.13315155
    18.39322207       31.02206084        0.25879186        0.50411475        2.52000000        2.13016450
    18.47105651       31.08868097        0.26065258        0.50343730        2.52000000        2.12718217
    18.54869973       31.15530110        0.26251458        0.50275903        2.52000000        2.12420452
    18.62615415       31.22192123        0.26437787        0.50207993        2.52000000        2.12123152
    18.70342216       31.28854136        0.26624247        0.50139998        2.52000000        2.11826313
    18.78050609       31.35516150        0.26810838        0.50071917        2.52000000        2.11529931
    18.85740819       31.42178163        0.26997561        0.50003748        2.52000000        2.11234002
    18.93413070       31.48840176        0.27184416        0.49935491        2.52000000        2.10938523
    19.01067577       31.55502189        0.27371405        0.49867142        2.52000000        2.10643490
    19.08704552       31.62164202        0.27558527        0.49798703        2.52000000        2.10348899
    19.16324201       31.68826216        0.27745784        0.49730170        2.52000000        2.10054746
    19.23926728       31.75488229        0.27933176        0.49661542        2.52000000        2.09761029
    19.31512329       31.82150242        0.28120703        0.49592819        2.52000000        2.09467744
    19.39081197       31.88812255        0.28308366        0.49523999        2.52000000        2.09174887
    19.46633523       31.95474268        0.28496165        0.49455081        2.52000000        2.08882455
    19.54169490       32.02136282        0.28684100        0.49386064        2.52000000        2.08590444
    19.61689279       32.08798295        0.28872173        0.49316946        2.52000000        2.08298852
    19.69193068       32.15460308        0.29060383        0.49247726        2.52000000        2.08007676
    19.76681029       32.22122321        0.29248730        0.49178403        2.52000000        2.07716911
    19.84153332       32.28784334        0.29437215        0.49108976        2.52000000        2.07426556
    19.91610142       32.35446347        0.29625838        0.49039444        2.52000000        2.07136606
    19.99051623       32.42108361        0.29814599        0.48969805        2.52000000        2.06847059
    20.06477931       32.48770374        0.30003499        0.48900059        2.52000000        2.06557912
    20.13889226       32.55432387        0.30192537        0.48830204        2.52000000        2.06269162
    20.21285656       32.62094400        0.30381713        0.48760239        2.52000000        2.05980806
    20.28667373       32.68756413        0.30571028        0.48690164        2.52000000        2.05692841
    20.36034523       32.75418427        0.30760482        0.48619976        2.52000000        2.05405264
    20.43387248       32.82080440        0.30950074        0.48549675        2.52000000        2.05118072
    20.50725690       32.88742453        0.31139805        0.48479261        2.52000000        2.04831263
    20.58049985       32.95404466        0.31329675        0.48408731        2.52000000        2.04544834
    20.65360269       33.02066479        0.31519683        0.48338085        2.52000000        2.04258783
    20.72656674       33.08728493        0.31709829        0.48267321        2.52000000        2.03973106
    20.79939330       33.15390506        0.31900114        0.48196440        2.52000000        2.03687801
    20.87208363       33.22052519        0.32090537        0.48125439        2.52000000        2.03402865
    20.94463897       33.28714532        0.32281098        0.48054318        2.52000000        2.03118296
    21.01706056       33.35376545        0.32471798        0.47983076        2.52000000        2.02834092
    21.08934958       33.42038558        0.32662635        0.47911712        2.52000000        2.02550249
    21.16150723       33.48700572        0.32853609        0.47840224        2.52000000        2.02266766
    21.23353463       33.55362585        0.33044721        0.47768613        2.52000000        2.01983640
    21.30543293       33.62024598        0.33235970        0.47696876        2.52000000        2.01700869
    21.37720324       33.68686611        0.33427356        0.47625013        2.52000000        2.01418450
    21.44884664       33.75348624        0.33618878        0.47553024        2.52000000        2.01136381
    21.52036420       33.82010638        0.33810537        0.47480906        2.52000000        2.00854660
    21.59175697       33.88672651        0.34002332        0.47408659        2.52000000        2.00573284
    21.66302598       33.95334664        0.34194262        0.47336283        2.52000000        2.00292252
    21.73417223       34.01996677        0.34386328        0.47263776        2.52000000        2.00011561
    21.80519672       34.08658690        0.34578529        0.47191138        2.52000000        1.99731208
    21.87610042       34.15320704        0.34770864        0.47118367        2.52000000        1.99451193
    21.94688428       34.21982717        0.34963334        0.47045462        2.52000000        1.99171512
    22.01754925       34.28644730        0.35155937        0.46972424        2.52000000        1.98892164
    22.08809624       34.35306743        0.35348674        0.46899250        2.52000000        1.98613146
    22.15852616       34.41968756        0.35541544        0.46825940        2.52000000        1.98334457
    22.22883989       34.48630770        0.35734547        0.46752494        2.52000000        1.98056094
    22.29903830       34.55292783        0.35927681        0.46678909        2.52000000        1.97778056
    22.36912226       34.61954796        0.36120948        0.46605186        2.52000000        1.97500341
    22.43909260       34.68616809        0.36314345        0.46531324        2.52000000        1.97222946
    22.50895015       34.75278822        0.36507873        0.46457321        2.52000000        1.96945870
    22.57869572       34.81940835        0.36701532        0.46383176        2.52000000        1.96669112
    22.64833010       34.88602849        0.36895320        0.46308890        2.52000000        1.96392668
    22.71785409       34.95264862        0.37089237        0.46234461        2.52000000        1.96116538
    22.78726844       35.01926875        0.37283283        0.46159888        2.52000000        1.95840719
    22.85657393       35.08588888        0.37477457        0.46085171        2.52000000        1.95565210
    22.92577128       35.15250901        0.37671759        0.46010308        2.52000000        1.95290009
    22.99486123       35.21912915        0.37866188        0.45935299        2.52000000        1.95015115
    23.06384450       35.28574928        0.38060743        0.45860143        2.52000000        1.94740525
    23.13272179       35.35236941        0.38255424        0.45784839        2.52000000        1.94466238
    23.20149379       35.41898954        0.38450230        0.45709387        2.52000000        1.94192252
    23.27016119       35.48560967        0.38645161        0.45633785        2.52000000        1.93918566
    23.33872465       35.55222981        0.38840216        0.45558032        2.52000000        1.93645178
    23.40718484       35.61884994        0.39035395        0.45482129        2.52000000        1.93372087
    23.47554239       35.68547007        0.39230696        0.45406073        2.52000000        1.93099290
    23.54379795       35.75209020        0.39426119        0.45329865        2.52000000        1.92826787
    23.61195214       35.81871033        0.39621664        0.45253504        2.52000000        1.92554576
    23.68000557       35.88533046        0.39817330        0.45176988        2.52000000        1.92282655
    23.74795885       35.95195060        0.40013116        0.45100317        2.52000000        1.92011022
    23.81581258       36.01857073        0.40209022        0.45023490        2.52000000        1.91739678
    23.88356733       36.08519086        0.40405046        0.44946506        2.52000000        1.91468619
    23.95122367       36.15181099        0.40601189        0.44869365        2.52000000        1.91197844
    24.01878219       36.21843112        0.40797449        0.44792065        2.52000000        1.90927353
    24.08624341       36.28505126        0.40993826        0.44714606        2.52000000        1.90657143
    24.15360790       36.35167139        0.41190319        0.44636988        2.52000000        1.90387214
    24.22087620       36.41829152        0.41386928        0.44559209        2.52000000        1.90117563
    24.28804882       36.48491165        0.41583651        0.44481269        2.52000000        1.89848191
    24.35512628       36.55153178        0.41780488        0.44403166        2.52000000        1.89579094
    24.42210910       36.61815192        0.41977439        0.44324900        2.52000000        1.89310273
    24.48899778       36.68477205        0.42174501        0.44246471        2.52000000        1.89041725
    24.55579280       36.75139218        0.42371676        0.44167877        2.52000000        1.88773449
    24.62249466       36.81801231        0.42568962        0.44089118        2.52000000        1.88505445
    24.68910383       36.88463244        0.42766357        0.44010192        2.52000000        1.88237711
    24.75562078       36.95125257        0.42963863        0.43931100        2.52000000        1.87970246
    24.82204597       37.01787271        0.43161477        0.43851840        2.52000000        1.87703048
    24.88837985       37.08449284        0.43359199        0.43772412        2.52000000        1.87436116
    24.95462287       37.15111297        0.43557028        0.43692815        2.52000000        1.87169449
    25.02077546       37.21773310        0.43754963        0.43613047        2.52000000        1.86903047
    25.08683806       37.28435323        0.43953004        0.43533109        2.52000000        1.86636907
    25.15281109       37.35097337        0.44151150        0.43453000        2.52000000        1.86371029
    25.21869497       37.41759350        0.44349400        0.43372718        2.52000000        1.86105412
    25.28449011       37.48421363        0.44547753        0.43292264        2.52000000        1.85840054
    25.35019690       37.55083376        0.44746208        0.43211635        2.52000000        1.85574954
    25.41581575       37.61745389        0.44944765        0.43130832        2.52000000        1.85310112
    25.48134704       37.68407403        0.45143422        0.43049854        2.52000000        1.85045526
    25.54679116       37.75069416        0.45342180        0.42968699        2.52000000        1.84781195
    25.61214848       37.81731429        0.45541036        0.42887368        2.52000000        1.84517119
    25.67741937       37.88393442        0.45739991        0.42805859        2.52000000        1.84253296
    25.74260419       37.95055455        0.45939043        0.42724172        2.52000000        1.83989724
    25.80770332       38.01717468        0.46138192        0.42642306        2.52000000        1.83726404
    25.87271708       38.08379482        0.46337437        0.42560259        2.52000000        1.83463335
    25.93764583       38.15041495        0.46536776        0.42478032        2.52000000        1.83200514
    26.00248991       38.21703508        0.46736209        0.42395624        2.52000000        1.82937942
    26.06724965       38.28365521        0.46935736        0.42313033        2.52000000        1.82675617
    26.13192538       38.35027534        0.47135354        0.42230259        2.52000000        1.82413538
    26.19651743       38.41689548        0.47335065        0.42147302        2.52000000        1.82151705
    26.26102610       38.48351561        0.47534865        0.42064160        2.52000000        1.81890116
    26.32545171       38.55013574        0.47734756        0.41980833        2.52000000        1.81628771
    26.38979456       38.61675587        0.47934735        0.41897320        2.52000000        1.81367669
    26.45405496       38.68337600        0.48134802        0.41813620        2.52000000        1.81106809
    26.51823320       38.74999614        0.48334956        0.41729732        2.52000000        1.80846190
    26.58232956       38.81661627        0.48535196        0.41645656        2.52000000        1.80585811
    26.64634434       38.88323640        0.48735522        0.41561391        2.52000000        1.80325671
    26.71027782       38.94985653        0.48935932        0.41476936        2.52000000        1.80065770
    26.77413027       39.01647666        0.49136425        0.41392290        2.52000000        1.79806106
    26.83790195       39.08309680        0.49337001        0.41307452        2.52000000        1.79546679
    26.90159313       39.14971693        0.49537658        0.41222423        2.52000000        1.79287489
    26.96520408       39.21633706        0.49738396        0.41137200        2.52000000        1.79028534
    27.02873505       39.28295719        0.49939214        0.41051784        2.52000000        1.78769813
    27.09218628       39.34957732        0.50140111        0.40966173        2.52000000        1.78511326
    27.15555803       39.41619745        0.50341086        0.40880366        2.52000000        1.78253072
    27.21885054       39.48281759        0.50542138        0.40794364        2.52000000        1.77995050
    27.28206404       39.54943772        0.50743266        0.40708164        2.52000000        1.77737259
    27.34519876       39.61605785        0.50944469        0.40621767        2.52000000        1.77479700
    27.40825494       39.68267798        0.51145746        0.40535172        2.52000000        1.77222370
    27.47123279       39.74929811        0.51347097        0.40448377        2.52000000        1.76965270
    27.53413254       39.81591825        0.51548520        0.40361382        2.52000000        1.76708398
    27.59695441       39.88253838        0.51750015        0.40274186        2.52000000        1.76451754
    27.65969859       39.94915851        0.51951580        0.40186788        2.52000000        1.76195338
    27.72236531       40.01577864        0.52153215        0.40099188        2.52000000        1.75939148
    27.78495476       40.08239877        0.52354918        0.40011385        2.52000000        1.75683183
    27.84746713       40.14901891        0.52556689        0.39923377        2.52000000        1.75427445
    27.90990264       40.21563904        0.52758527        0.39835165        2.52000000        1.75171930
    27.97226145       40.28225917        0.52960431        0.39746747        2.52000000        1.74916640
    28.03454378       40.34887930        0.53162399        0.39658123        2.52000000        1.74661572
    28.09674979       40.41549943        0.53364431        0.39569291        2.52000000        1.74406728
    28.15887966       40.48211956        0.53566527        0.39480251        2.52000000        1.74152105
    28.22093358       40.54873970        0.53768684        0.39391003        2.52000000        1.73897704
    28.28291170       40.61535983        0.53970902        0.39301545        2.52000000        1.73643524
    28.34481421       40.68197996        0.54173180        0.39211876        2.52000000        1.73389564
    28.40664126       40.74860009        0.54375517        0.39121996        2.52000000        1.73135823
    28.46839302       40.81522022        0.54577912        0.39031904        2.52000000        1.72882301
    28.53006963       40.88184036        0.54780365        0.38941599        2.52000000        1.72628998
    28.59167127       40.94846049        0.54982873        0.38851080        2.52000000        1.72375913
    28.65319806       41.01508062        0.55185437        0.38760346        2.52000000        1.72123045
    28.71465017       41.08170075        0.55388055        0.38669397        2.52000000        1.71870394
    28.77602774       41.14832088        0.55590725        0.38578232        2.52000000        1.71617959
    28.83733090       41.21494102        0.55793449        0.38486850        2.52000000        1.71365740
    28.89855978       41.28156115        0.55996223        0.38395250        2.52000000        1.71113736
    28.95971454       41.34818128        0.56199048        0.38303431        2.52000000        1.70861946
    29.02079528       41.41480141        0.56401921        0.38211393        2.52000000        1.70610371
    29.08180214       41.48142154        0.56604843        0.38119134        2.52000000        1.70359009
    29.14273525       41.54804167        0.56807813        0.38026654        2.52000000        1.70107860
    29.20359471       41.61466181        0.57010828        0.37933952        2.52000000        1.69856924
    29.26438065       41.68128194        0.57213889        0.37841027        2.52000000        1.69606200
    29.32509319       41.74790207        0.57416994        0.37747878        2.52000000        1.69355687
    29.38573243       41.81452220        0.57620142        0.37654505        2.52000000        1.69105386
    29.44629847       41.88114233        0.57823333        0.37560906        2.52000000        1.68855295
    29.50679143       41.94776247        0.58026565        0.37467081        2.52000000        1.68605414
    29.56721140       42.01438260        0.58229837        0.37373028        2.52000000        1.68355743
    29.62755849       42.08100273        0.58433148        0.37278748        2.52000000        1.68106281
    29.68783277       42.14762286        0.58636498        0.37184238        2.52000000        1.67857028
    29.74803436       42.21424299        0.58839885        0.37089499        2.52000000        1.67607983
    29.80816334       42.28086313        0.59043308        0.36994529        2.52000000        1.67359146
    29.86821979       42.34748326        0.59246766        0.36899328        2.52000000        1.67110517
    29.92820379       42.41410339        0.59450258        0.36803894        2.52000000        1.66862094
    29.98811543       42.48072352        0.59653784        0.36708227        2.52000000        1.66613878
    30.04795478       42.54734365        0.59857342        0.36612325        2.52000000        1.66365868
    30.10772193       42.61396379        0.60060931        0.36516189        2.52000000        1.66118064
    30.16741693       42.68058392        0.60264550        0.36419817        2.52000000        1.65870465
    30.22703986       42.74720405        0.60468198        0.36323208        2.52000000        1.65623071
    30.28659078       42.81382418        0.60671874        0.36226361        2.52000000        1.65375882
    30.34606977       42.88044431        0.60875577        0.36129275        2.52000000        1.65128897
    30.40547687       42.94706444        0.61079307        0.36031950        2.52000000        1.64882115
    30.46481214       43.01368458        0.61283061        0.35934385        2.52000000        1.64635537
    30.52407565       43.08030471        0.61486840        0.35836578        2.52000000        1.64389162
    30.58326745       43.14692484        0.61690641        0.35738529        2.52000000        1.64142989
    30.64238757       43.21354497        0.61894464        0.35640237        2.52000000        1.63897019
    30.70143608       43.28016510        0.62098308        0.35541701        2.52000000        1.63651250
    30.76041301       43.34678524        0.62302172        0.35442920        2.52000000        1.63405683
    30.81931840       43.41340537        0.62506055        0.35343893        2.52000000        1.63160317
    30.87815230       43.48002550        0.62709956        0.35244619        2.52000000        1.62915152
    30.93691475       43.54664563        0.62913873        0.35145097        2.52000000        1.62670187
    30.99560576       43.61326576        0.63117807        0.35045326        2.52000000        1.62425422
    31.05422539       43.67988590        0.63321754        0.34945306        2.52000000        1.62180857
    31.11277365       43.74650603        0.63525716        0.34845036        2.52000000        1.61936491
    31.17125058       43.81312616        0.63729690        0.34744514        2.52000000        1.61692325
    31.22965619       43.87974629        0.63933676        0.34643739        2.52000000        1.61448357
    31.28799051       43.94636642        0.64137672        0.34542711        2.52000000        1.61204588
    31.34625355       44.01298655        0.64341678        0.34441429        2.52000000        1.60961016
    31.40444534       44.07960669        0.64545692        0.34339891        2.52000000        1.60717643
    31.46256588       44.14622682        0.64749714        0.34238097        2.52000000        1.60474467
    31.52061519       44.21284695        0.64953742        0.34136045        2.52000000        1.60231488
    31.57859328       44.27946708        0.65157776        0.34033736        2.52000000        1.59988706
    31.63650015       44.34608721        0.65361813        0.33931167        2.52000000        1.59746120
    31.69433581       44.41270735        0.65565854        0.33828338        2.52000000        1.59503731
    31.75210025       44.47932748        0.65769897        0.33725248        2.52000000        1.59261538
    31.80979349       44.54594761        0.65973942        0.33621896        2.52000000        1.59019540
    31.86741551       44.61256774        0.66177986        0.33518280        2.52000000        1.58777738
    31.92496631       44.67918787        0.66382030        0.33414401        2.52000000        1.58536131
    31.98244588       44.74580801        0.66586071        0.33310256        2.52000000        1.58294718
    32.03985421       44.81242814        0.66790109        0.33205845        2.52000000        1.58053501
    32.09719129       44.87904827        0.66994144        0.33101167        2.52000000        1.57812477
    32.15445710       44.94566840        0.67198173        0.32996221        2.52000000        1.57571648
    32.21165164       45.01228853        0.67402196        0.32891006        2.52000000        1.57331013
    32.26877486       45.07890866        0.67606211        0.32785521        2.52000000        1.57090570
    32.32582677       45.14552880        0.67810219        0.32679764        2.52000000        1.56850322
    32.38280732       45.21214893        0.68014217        0.32573735        2.52000000        1.56610266
    32.43971650       45.27876906        0.68218204        0.32467433        2.52000000        1.56370403
    32.49655428       45.34538919        0.68422180        0.32360857        2.52000000        1.56130732
    32.55332062       45.41200932        0.68626144        0.32254005        2.52000000        1.55891254
    32.61001549       45.47862946        0.68830093        0.32146877        2.52000000        1.55651968
    32.66663885       45.54524959        0.69034029        0.32039471        2.52000000        1.55412873
    32.72319068       45.61186972        0.69237948        0.31931787        2.52000000        1.55173970
    32.77967092       45.67848985        0.69441851        0.31823824        2.52000000        1.54935259
    32.83607954       45.74510998        0.69645736        0.31715579        2.52000000        1.54696738
    32.89241649       45.81173012        0.69849602        0.31607053        2.52000000        1.54458409
    32.94868172       45.87835025        0.70053448        0.31498245        2.52000000        1.54220270
    33.00487518       45.94497038        0.70257273        0.31389152        2.52000000        1.53982321
    33.06099684       46.01159051        0.70461076        0.31279775        2.52000000        1.53744563
    33.11704662       46.07821064        0.70664855        0.31170112        2.52000000        1.53506995
    33.17302447       46.14483077        0.70868611        0.31060161        2.52000000        1.53269616
    33.22893034       46.21145091        0.71072341        0.30949923        2.52000000        1.53032427
    33.28476417       46.27807104        0.71276045        0.30839395        2.52000000        1.52795428
    33.34052589       46.34469117        0.71479722        0.30728577        2.52000000        1.52558618
    33.39621543       46.41131130        0.71683370        0.30617467        2.52000000        1.52321996
    33.45183275       46.47793143        0.71886989        0.30506065        2.52000000        1.52085564
    33.50737775       46.54455157        0.72090576        0.30394369        2.52000000        1.51849320
    33.56285038       46.61117170        0.72294133        0.30282378        2.52000000        1.51613265
    33.61825055       46.67779183        0.72497656        0.30170091        2.52000000        1.51377398
    33.67357820       46.74441196        0.72701146        0.30057507        2.52000000        1.51141718
    33.72883324       46.81103209        0.72904601        0.29944625        2.52000000        1.50906227
    33.78401560       46.87765223        0.73108020        0.29831443        2.52000000        1.50670924
    33.83912519       46.94427236        0.73311402        0.29717961        2.52000000        1.50435808
    33.89416193       47.01089249        0.73514746        0.29604178        2.52000000        1.50200879
    33.94912574       47.07751262        0.73718051        0.29490091        2.52000000        1.49966137
    34.00401651       47.14413275        0.73921316        0.29375700        2.52000000        1.49731583
    34.05883417       47.21075289        0.74124539        0.29261004        2.52000000        1.49497215
    34.11357863       47.27737302        0.74327720        0.29146002        2.52000000        1.49263034
    34.16824977       47.34399315        0.74530858        0.29030692        2.52000000        1.49029040
    34.22284752       47.41061328        0.74733951        0.28915074        2.52000000        1.48795232
    34.27737176       47.47723341        0.74936998        0.28799145        2.52000000        1.48561610
    34.33182240       47.54385354        0.75139999        0.28682906        2.52000000        1.48328174
    34.38619933       47.61047368        0.75342953        0.28566354        2.52000000        1.48094924
    34.44050245       47.67709381        0.75545857        0.28449488        2.52000000        1.47861860
    34.49473164       47.74371394        0.75748712        0.28332308        2.52000000        1.47628982
    34.54888681       47.81033407        0.75951516        0.28214812        2.52000000        1.47396288
    34.60296783       47.87695420        0.76154267        0.28096998        2.52000000        1.47163781
    34.65697460       47.94357434        0.76356966        0.27978866        2.52000000        1.46931458
    34.71090699       48.01019447        0.76559611        0.27860415        2.52000000        1.46699321
    34.76476488       48.07681460        0.76762200        0.27741642        2.52000000        1.46467368
    34.81854816       48.14343473        0.76964734        0.27622547        2.52000000        1.46235601
    34.87225670       48.21005486        0.77167210        0.27503129        2.52000000        1.46004018
    34.92589038       48.27667500        0.77369627        0.27383387        2.52000000        1.45772619
    34.97944906       48.34329513        0.77571985        0.27263318        2.52000000        1.45541405
    35.03293262       48.40991526        0.77774283        0.27142922        2.52000000        1.45310375
    35.08634093       48.47653539        0.77976519        0.27022197        2.52000000        1.45079529
    35.13967385       48.54315552        0.78178692        0.26901143        2.52000000        1.44848868
    35.19293125       48.60977565        0.78380801        0.26779758        2.52000000        1.44618390
    35.24611298       48.67639579        0.78582846        0.26658040        2.52000000        1.44388096
    35.29921891       48.74301592        0.78784824        0.26535989        2.52000000        1.44157986
    35.35224890       48.80963605        0.78986736        0.26413602        2.52000000        1.43928060
    35.40520279       48.87625618        0.79188580        0.26290880        2.52000000        1.43698317
    35.45808044       48.94287631        0.79390354        0.26167819        2.52000000        1.43468757
    35.51088171       49.00949645        0.79592059        0.26044420        2.52000000        1.43239381
    35.56360644       49.07611658        0.79793692        0.25920680        2.52000000        1.43010188
    35.61625447       49.14273671        0.79995253        0.25796599        2.52000000        1.42781178
    35.66882565       49.20935684        0.80196740        0.25672175        2.52000000        1.42552351
    35.72131982       49.27597697        0.80398153        0.25547406        2.52000000        1.42323706
    35.77373682       49.34259711        0.80599490        0.25422292        2.52000000        1.42095245
    35.82607649       49.40921724        0.80800751        0.25296831        2.52000000        1.41866967
    35.87833867       49.47583737        0.81001934        0.25171021        2.52000000        1.41638871
    35.93052318       49.54245750        0.81203038        0.25044862        2.52000000        1.41410957
    35.98262985       49.60907763        0.81404062        0.24918351        2.52000000        1.41183226
    36.03465852       49.67569776        0.81605006        0.24791487        2.52000000        1.40955678
    36.08660901       49.74231790        0.81805867        0.24664270        2.52000000        1.40728311
    36.13848115       49.80893803        0.82006646        0.24536697        2.52000000        1.40501127
    36.19027475       49.87555816        0.82207340        0.24408767        2.52000000        1.40274125
    36.24198964       49.94217829        0.82407949        0.24280480        2.52000000        1.40047305
    36.29362562       50.00879842        0.82608472        0.24151832        2.52000000        1.39820667
    36.34518253       50.07541856        0.82808907        0.24022823        2.52000000        1.39594212
    36.39666016       50.14203869        0.83009254        0.23893452        2.52000000        1.39367937
    36.44805834       50.20865882        0.83209511        0.23763717        2.52000000        1.39141845
    36.49937685       50.27527895        0.83409678        0.23633616        2.52000000        1.38915935
    36.55061553       50.34189908        0.83609753        0.23503148        2.52000000        1.38690206
    36.60177416       50.40851922        0.83809736        0.23372312        2.52000000        1.38464658
    36.65285254       50.47513935        0.84009625        0.23241107        2.52000000        1.38239293
    36.70385048       50.54175948        0.84209419        0.23109529        2.52000000        1.38014108
    36.75476777       50.60837961        0.84409117        0.22977579        2.52000000        1.37789106
    36.80560421       50.67499974        0.84608717        0.22845255        2.52000000        1.37564284
    36.85635958       50.74161987        0.84808220        0.22712554        2.52000000        1.37339644
    36.90703368       50.80824001        0.85007624        0.22579477        2.52000000        1.37115185
    36.95762629       50.87486014        0.85206928        0.22446020        2.52000000        1.36890908
    37.00813720       50.94148027        0.85406130        0.22312183        2.52000000        1.36666811
    37.05856619       51.00810040        0.85605230        0.22177964        2.52000000        1.36442896
    37.10891303       51.07472053        0.85804226        0.22043361        2.52000000        1.36219162
    37.15917752       51.14134067        0.86003118        0.21908374        2.52000000        1.35995609
    37.20935941       51.20796080        0.86201905        0.21773000        2.52000000        1.35772236
    37.25945849       51.27458093        0.86400585        0.21637237        2.52000000        1.35549045
    37.30947452       51.34120106        0.86599157        0.21501085        2.52000000        1.35326035
    37.35940728       51.40782119        0.86797620        0.21364541        2.52000000        1.35103206
    37.40925652       51.47444133        0.86995974        0.21227605        2.52000000        1.34880558
    37.45902201       51.54106146        0.87194217        0.21090274        2.52000000        1.34658090
    37.50870351       51.60768159        0.87392347        0.20952547        2.52000000        1.34435804
    37.55830077       51.67430172        0.87590365        0.20814422        2.52000000        1.34213698
    37.60781357       51.74092185        0.87788269        0.20675897        2.52000000        1.33991773
    37.65724163       51.80754199        0.87986057        0.20536972        2.52000000        1.33770028
    37.70658473       51.87416212        0.88183729        0.20397644        2.52000000        1.33548465
    37.75584259       51.94078225        0.88381284        0.20257911        2.52000000        1.33327082
    37.80501498       52.00740238        0.88578721        0.20117773        2.52000000        1.33105880
    37.85410162       52.07402251        0.88776038        0.19977227        2.52000000        1.32884859
    37.90310227       52.14064264        0.88973234        0.19836272        2.52000000        1.32664018
    37.95201666       52.20726278        0.89170310        0.19694905        2.52000000        1.32443358
    38.00084452       52.27388291        0.89367262        0.19553126        2.52000000        1.32222879
    38.04958559       52.34050304        0.89564091        0.19410933        2.52000000        1.32002580
    38.09823960       52.40712317        0.89760795        0.19268324        2.52000000        1.31782462
    38.14680628       52.47374330        0.89957373        0.19125296        2.52000000        1.31562525
    38.19528534       52.54036344        0.90153824        0.18981850        2.52000000        1.31342768
    38.24367651       52.60698357        0.90350148        0.18837981        2.52000000        1.31123192
    38.29197952       52.67360370        0.90546342        0.18693690        2.52000000        1.30903797
    38.34019407       52.74022383        0.90742406        0.18548974        2.52000000        1.30684582
    38.38831989       52.80684396        0.90938340        0.18403832        2.52000000        1.30465548
    38.43635667       52.87346410        0.91134141        0.18258261        2.52000000        1.30246694
    38.48430414       52.94008423        0.91329809        0.18112261        2.52000000        1.30028022
    38.53216200       53.00670436        0.91525342        0.17965828        2.52000000        1.29809530
    38.57992995       53.07332449        0.91720740        0.17818962        2.52000000        1.29591218
    38.62760769       53.13994462        0.91916002        0.17671660        2.52000000        1.29373088
    38.67519492       53.20656475        0.92111126        0.17523921        2.52000000        1.29155138
    38.72269134       53.27318489        0.92306112        0.17375743        2.52000000        1.28937369
    38.77009663       53.33980502        0.92500958        0.17227124        2.52000000        1.28719781
    38.81741048       53.40642515        0.92695663        0.17078062        2.52000000        1.28502373
    38.86463260       53.47304528        0.92890227        0.16928556        2.52000000        1.28285147
    38.91176264       53.53966541        0.93084648        0.16778603        2.52000000        1.28068101
    38.95880031       53.60628555        0.93278925        0.16628202        2.52000000        1.27851236
    39.00574527       53.67290568        0.93473057        0.16477350        2.52000000        1.27634552
    39.05259721       53.73952581        0.93667044        0.16326047        2.52000000        1.27418049
    39.09935579       53.80614594        0.93860883        0.16174289        2.52000000        1.27201727
    39.14602068       53.87276607        0.94054574        0.16022076        2.52000000        1.26985586
    39.19259155       53.93938621        0.94248116        0.15869405        2.52000000        1.26769626
    39.23906806       54.00600634        0.94441508        0.15716273        2.52000000        1.26553848
    39.28544988       54.07262647        0.94634749        0.15562681        2.52000000        1.26338250
    39.33173666       54.13924660        0.94827838        0.15408624        2.52000000        1.26122833
    39.37792806       54.20586673        0.95020773        0.15254102        2.52000000        1.25907598
    39.42402373       54.27248686        0.95213554        0.15099112        2.52000000        1.25692544
    39.47002331       54.33910700        0.95406179        0.14943653        2.52000000        1.25477671
    39.51592646       54.40572713        0.95598648        0.14787722        2.52000000        1.25262980
    39.56173281       54.47234726        0.95790959        0.14631318        2.52000000        1.25048470
    39.60744200       54.53896739        0.95983112        0.14474438        2.52000000        1.24834142
    39.65305368       54.60558752        0.96175106        0.14317081        2.52000000        1.24619995
    39.69856748       54.67220766        0.96366938        0.14159244        2.52000000        1.24406030
    39.74398301       54.73882779        0.96558609        0.14000925        2.52000000        1.24192246
    39.78929992       54.80544792        0.96750117        0.13842123        2.52000000        1.23978645
    39.83451783       54.87206805        0.96941462        0.13682835        2.52000000        1.23765224
    39.87963635       54.93868818        0.97132641        0.13523059        2.52000000        1.23551986
    39.92465511       55.00530832        0.97323655        0.13362793        2.52000000        1.23338930
    39.96957371       55.07192845        0.97514501        0.13202035        2.52000000        1.23126056
    40.01439177       55.13854858        0.97705180        0.13040784        2.52000000        1.22913364
    40.05910891       55.20516871        0.97895690        0.12879035        2.52000000        1.22700854
    40.10372471       55.27178884        0.98086029        0.12716789        2.52000000        1.22488526
    40.14823878       55.33840897        0.98276198        0.12554042        2.52000000        1.22276380
    40.19265073       55.40502911        0.98466194        0.12390793        2.52000000        1.22064417
    40.23696014       55.47164924        0.98656017        0.12227039        2.52000000        1.21852637
    40.28116661       55.53826937        0.98845666        0.12062778        2.52000000        1.21641038
    40.32526972       55.60488950        0.99035140        0.11898008        2.52000000        1.21429623
    40.36926906       55.67150963        0.99224437        0.11732726        2.52000000        1.21218390
    40.41316420       55.73812977        0.99413557        0.11566931        2.52000000        1.21007340
    40.45695474       55.80474990        0.99602498        0.11400621        2.52000000        1.20796473
    40.50064023       55.87137003        0.99791260        0.11233792        2.52000000        1.20585789
    40.54422026       55.93799016        0.99979842        0.11066443        2.52000000        1.20375288
    40.58769438       56.00461029        1.00168242        0.10898572        2.52000000        1.20164971
    40.63106216       56.07123043        1.00356459        0.10730177        2.52000000        1.19954836
    40.67432316       56.13785056        1.00544493        0.10561254        2.52000000        1.19744885
    40.71747694       56.20447069        1.00732343        0.10391802        2.52000000        1.19535118
    40.76052305       56.27109082        1.00920006        0.10221819        2.52000000        1.19325534
    40.80346103       56.33771095        1.01107483        0.10051302        2.52000000        1.19116134
    40.84629043       56.40433109        1.01294773        0.09880248        2.52000000        1.18906917
    40.88901081       56.47095122        1.01481873        0.09708657        2.52000000        1.18697885
    40.93162168       56.53757135        1.01668784        0.09536524        2.52000000        1.18489037
    40.97412259       56.60419148        1.01855504        0.09363849        2.52000000        1.18280373
    41.01651306       56.67081161        1.02042032        0.09190628        2.52000000        1.18071893
    41.05879263       56.73743174        1.02228367        0.09016859        2.52000000        1.17863598
    41.10096081       56.80405188        1.02414509        0.08842540        2.52000000        1.17655487
    41.14301712       56.87067201        1.02600455        0.08667668        2.52000000        1.17447561
    41.18496108       56.93729214        1.02786205        0.08492242        2.52000000        1.17239820
    41.22679220       57.00391227        1.02971759        0.08316257        2.52000000        1.17032263
    41.26850998       57.07053240        1.03157114        0.08139713        2.52000000        1.16824892
    41.31011394       57.13715254        1.03342271        0.07962607        2.52000000        1.16617706
    41.35160356       57.20377267        1.03527227        0.07784936        2.52000000        1.16410706
    41.39297835       57.27039280        1.03711982        0.07606697        2.52000000        1.16203890
    41.43423778       57.33701293        1.03896535        0.07427889        2.52000000        1.15997261
    41.47538136       57.40363306        1.04080886        0.07248509        2.52000000        1.15790817
    41.51640856       57.47025320        1.04265031        0.07068554        2.52000000        1.15584560
    41.55731886       57.53687333        1.04448972        0.06888021        2.52000000        1.15378488
    41.59811173       57.60349346        1.04632707        0.06706909        2.52000000        1.15172602
    41.63878665       57.67011359        1.04816234        0.06525214        2.52000000        1.14966903
    41.67934309       57.73673372        1.04999553        0.06342935        2.52000000        1.14761391
    41.71978049       57.80335385        1.05182663        0.06160068        2.52000000        1.14556065
    41.76009832       57.86997399        1.05365562        0.05976611        2.52000000        1.14350926
    41.80029604       57.93659412        1.05548251        0.05792561        2.52000000        1.14145975
    41.84037309       58.00321425        1.05730726        0.05607916        2.52000000        1.13941210
    41.88032891       58.06983438        1.05912989        0.05422673        2.52000000        1.13736633
    41.92016295       58.13645451        1.06095037        0.05236830        2.52000000        1.13532243
    41.95987464       58.20307465        1.06276870        0.05050384        2.52000000        1.13328041
    41.99946341       58.26969478        1.06458487        0.04863331        2.52000000        1.13124027
    42.03892869       58.33631491        1.06639886        0.04675671        2.52000000        1.12920201
    42.07826990       58.40293504        1.06821067        0.04487399        2.52000000        1.12716564
    42.11748645       58.46955517        1.07002028        0.04298513        2.52000000        1.12513114
    42.15657776       58.53617531        1.07182769        0.04109010        2.52000000        1.12309854
    42.19554324       58.60279544        1.07363289        0.03918888        2.52000000        1.12106782
    42.23438229       58.66941557        1.07543586        0.03728145        2.52000000        1.11903899
    42.27309430       58.73603570        1.07723660        0.03536776        2.52000000        1.11701206
    42.31167868       58.80265583        1.07903509        0.03344780        2.52000000        1.11498702
    42.35013481       58.86927596        1.08083133        0.03152153        2.52000000        1.11296387
    42.38846207       58.93589610        1.08262530        0.02958893        2.52000000        1.11094263
    42.42665985       59.00251623        1.08441700        0.02764998        2.52000000        1.10892328
    42.46472751       59.06913636        1.08620642        0.02570463        2.52000000        1.10690584
    42.50266442       59.13575649        1.08799354        0.02375287        2.52000000        1.10489030
    42.54046996       59.20237662        1.08977835        0.02179466        2.52000000        1.10287666
    42.57814348       59.26899676        1.09156085        0.01982998        2.52000000        1.10086494
    42.61568432       59.33561689        1.09334103        0.01785880        2.52000000        1.09885513
    42.65309185       59.40223702        1.09511887        0.01588109        2.52000000        1.09684723
    42.69036541       59.46885715        1.09689436        0.01389682        2.52000000        1.09484124
    42.72750433       59.53547728        1.09866750        0.01190595        2.52000000        1.09283718
    42.76450795       59.60209742        1.10043828        0.00990847        2.52000000        1.09083503
    42.80137559       59.66871755        1.10220668        0.00790435        2.52000000        1.08883480
    42.83810658       59.73533768        1.10397270        0.00589354        2.52000000        1.08683650
    42.87470023       59.80195781        1.10573632        0.00387603        2.52000000        1.08484013
    42.91115586       59.86857794        1.10749753        0.00185177        2.52000000        1.08284569
    42.94747277       59.93519807        1.10925634       -0.00017924        2.52000000        1.08085318
    42.98365027       60.00181821        1.11101271       -0.00221706        2.52000000        1.07886260
    43.01968764       60.06843834        1.11276666       -0.00426170        2.52000000        1.07687396
    43.05558418       60.13505847        1.11451816       -0.00631320        2.52000000        1.07488726
    43.09133918       60.20167860        1.11626720       -0.00837159        2.52000000        1.07290250
    43.12695190       60.26829873        1.11801378       -0.01043690        2.52000000        1.07091969
    43.16242163       60.33491887        1.11975789       -0.01250916        2.52000000        1.06893883
    43.19774763       60.40153900        1.12149951       -0.01458840        2.52000000        1.06695991
    43.23292916       60.46815913        1.12323864       -0.01667465        2.52000000        1.06498295
    43.26796548       60.53477926        1.12497526       -0.01876795        2.52000000        1.06300794
    43.30285583       60.60139939        1.12670937       -0.02086832        2.52000000        1.06103489
    43.33759946       60.66801953        1.12844096       -0.02297580        2.52000000        1.05906380
    43.37219561       60.73463966        1.13017001       -0.02509042        2.52000000        1.05709468
    43.40664350       60.80125979        1.13189652       -0.02721221        2.52000000        1.05512752
    43.44094237       60.86787992        1.13362048       -0.02934120        2.52000000        1.05316233
    43.47509143       60.93450005        1.13534187       -0.03147742        2.52000000        1.05119911
    43.50908989       61.00112019        1.13706069       -0.03362091        2.52000000        1.04923787
    43.54293696       61.06774032        1.13877693       -0.03577170        2.52000000        1.04727861
    43.57663184       61.13436045        1.14049058       -0.03792983        2.52000000        1.04532133
    43.61017373       61.20098058        1.14220162       -0.04009531        2.52000000        1.04336603
    43.64356180       61.26760071        1.14391005       -0.04226820        2.52000000        1.04141272
    43.67679526       61.33422084        1.14561586       -0.04444851        2.52000000        1.03946140
    43.70987325       61.40084098        1.14731904       -0.04663629        2.52000000        1.03751208
    43.74279496       61.46746111        1.14901958       -0.04883157        2.52000000        1.03556475
    43.77555955       61.53408124        1.15071746       -0.05103438        2.52000000        1.03361942
    43.80816617       61.60070137        1.15241269       -0.05324475        2.52000000        1.03167610
    43.84061396       61.66732150        1.15410524       -0.05546271        2.52000000        1.02973478
    43.87290207       61.73394164        1.15579511       -0.05768832        2.52000000        1.02779547
    43.90502963       61.80056177        1.15748230       -0.05992158        2.52000000        1.02585817
    43.93699577       61.86718190        1.15916678       -0.06216255        2.52000000        1.02392290
    43.96879961       61.93380203        1.16084855       -0.06441125        2.52000000        1.02198964
    44.00044026       62.00042216        1.16252761       -0.06666772        2.52000000        1.02005840
    44.03191683       62.06704230        1.16420393       -0.06893199        2.52000000        1.01812920
    44.06322842       62.13366243        1.16587752       -0.07120410        2.52000000        1.01620202
    44.09437412       62.20028256        1.16754836       -0.07348408        2.52000000        1.01427688
    44.12535300       62.26690269        1.16921644       -0.07577198        2.52000000        1.01235377
    44.15616416       62.33352282        1.17088175       -0.07806781        2.52000000        1.01043271
    44.18680665       62.40014295        1.17254428       -0.08037162        2.52000000        1.00851369
    44.21727955       62.46676309        1.17420403       -0.08268345        2.52000000        1.00659672
    44.24758189       62.53338322        1.17586098       -0.08500333        2.52000000        1.00468181
    44.27771274       62.60000335        1.17751512       -0.08733129        2.52000000        1.00276895
    44.30767113       62.66662348        1.17916645       -0.08966738        2.52000000        1.00085815
    44.33745610       62.73324361        1.18081495       -0.09201162        2.52000000        0.99894941
    44.36706665       62.79986375        1.18246061       -0.09436405        2.52000000        0.99704274
    44.39650182       62.86648388        1.18410343       -0.09672472        2.52000000        0.99513815
    44.42576061       62.93310401        1.18574340       -0.09909365        2.52000000        0.99323563
    44.45484202       62.99972414        1.18738050       -0.10147089        2.52000000        0.99133519
    44.48374504       63.06634427        1.18901472       -0.10385646        2.52000000        0.98943683
    44.51246865       63.13296441        1.19064607       -0.10625041        2.52000000        0.98754056
    44.54101183       63.19958454        1.19227452       -0.10865277        2.52000000        0.98564639
    44.56937354       63.26620467        1.19390006       -0.11106359        2.52000000        0.98375431
    44.59755275       63.33282480        1.19552270       -0.11348289        2.52000000        0.98186433
    44.62554841       63.39944493        1.19714241       -0.11591072        2.52000000        0.97997646
    44.65335945       63.46606506        1.19875919       -0.11834711        2.52000000        0.97809070
    44.68098482       63.53268520        1.20037303       -0.12079211        2.52000000        0.97620705
    44.70842342       63.59930533        1.20198392       -0.12324574        2.52000000        0.97432551
    44.73567419       63.66592546        1.20359185       -0.12570804        2.52000000        0.97244610
    44.76273602       63.73254559        1.20519681       -0.12817906        2.52000000        0.97056882
    44.78960782       63.79916572        1.20679878       -0.13065884        2.52000000        0.96869367
    44.81628848       63.86578586        1.20839777       -0.13314740        2.52000000        0.96682066
    44.84277687       63.93240599        1.20999377       -0.13564480        2.52000000        0.96494978
    44.86907186       63.99902612        1.21158675       -0.13815106        2.52000000        0.96308105
    44.89517232       64.06564625        1.21317672       -0.14066623        2.52000000        0.96121448
    44.92107709       64.13226638        1.21476366       -0.14319035        2.52000000        0.95935005
    44.94678503       64.19888652        1.21634756       -0.14572345        2.52000000        0.95748779
    44.97229497       64.26550665        1.21792841       -0.14826557        2.52000000        0.95562769
    44.99760573       64.33212678        1.21950621       -0.15081676        2.52000000        0.95376976
    45.02271611       64.39874691        1.22108095       -0.15337704        2.52000000        0.95191400
    45.04762494       64.46536704        1.22265261       -0.15594647        2.52000000        0.95006043
    45.07233101       64.53198717        1.22422119       -0.15852509        2.52000000        0.94820903
    45.09683309       64.59860731        1.22578667       -0.16111292        2.52000000        0.94635983
    45.12112996       64.66522744        1.22734905       -0.16371001        2.52000000        0.94451282
    45.14522039       64.73184757        1.22890832       -0.16631640        2.52000000        0.94266801
    45.16910314       64.79846770        1.23046446       -0.16893213        2.52000000        0.94082541
    45.19277694       64.86508783        1.23201748       -0.17155725        2.52000000        0.93898502
    45.21624054       64.93170797        1.23356735       -0.17419178        2.52000000        0.93714684
    45.23949265       64.99832810        1.23511407       -0.17683578        2.52000000        0.93531088
    45.26253199       65.06494823        1.23665763       -0.17948927        2.52000000        0.93347715
    45.28535727       65.13156836        1.23819803       -0.18215231        2.52000000        0.93164565
    45.30796716       65.19818849        1.23973524       -0.18482493        2.52000000        0.92981639
    45.33036037       65.26480863        1.24126927       -0.18750717        2.52000000        0.92798937
    45.35253554       65.33142876        1.24280009       -0.19019908        2.52000000        0.92616460
    45.37449136       65.39804889        1.24432771       -0.19290069        2.52000000        0.92434208
    45.39622645       65.46466902        1.24585212       -0.19561205        2.52000000        0.92252182
    45.41773947       65.53128915        1.24737330       -0.19833319        2.52000000        0.92070383
    45.43902903       65.59790929        1.24889124       -0.20106416        2.52000000        0.91888811
    45.46009375       65.66452942        1.25040594       -0.20380500        2.52000000        0.91707467
    45.48093224       65.73114955        1.25191738       -0.20655575        2.52000000        0.91526351
    45.50154307       65.79776968        1.25342556       -0.20931645        2.52000000        0.91345463
    45.52192484       65.86438981        1.25493046       -0.21208715        2.52000000        0.91164806
    45.54207611       65.93100994        1.25643209       -0.21486787        2.52000000        0.90984378
    45.56199544       65.99763008        1.25793042       -0.21765868        2.52000000        0.90804182
    45.58168137       66.06425021        1.25942545       -0.22045960        2.52000000        0.90624216
    45.60113243       66.13087034        1.26091717       -0.22327068        2.52000000        0.90444483
    45.62034714       66.19749047        1.26240556       -0.22609196        2.52000000        0.90264982
    45.63932400       66.26411060        1.26389063       -0.22892348        2.52000000        0.90085714
    45.65806152       66.33073074        1.26537236       -0.23176529        2.52000000        0.89906680
    45.67655818       66.39735087        1.26685074       -0.23461742        2.52000000        0.89727881
    45.69481243       66.46397100        1.26832576       -0.23747992        2.52000000        0.89549317
    45.71282275       66.53059113        1.26979742       -0.24035283        2.52000000        0.89370989
    45.73058757       66.59721126        1.27126570       -0.24323619        2.52000000        0.89192897
    45.74810532       66.66383140        1.27273059       -0.24613004        2.52000000        0.89015043
    45.76537442       66.73045153        1.27419208       -0.24903443        2.52000000        0.88837426
    45.78239327       66.79707166        1.27565017       -0.25194940        2.52000000        0.88660048
    45.79916027       66.86369179        1.27710485       -0.25487499        2.52000000        0.88482909
    45.81567379       66.93031192        1.27855610       -0.25781123        2.52000000        0.88306010
    45.83193219       66.99693205        1.28000392       -0.26075818        2.52000000        0.88129351
    45.84793383       67.06355219        1.28144830       -0.26371588        2.52000000        0.87952934
    45.86367703       67.13017232        1.28288922       -0.26668436        2.52000000        0.87776759
    45.87916013       67.19679245        1.28432668       -0.26966367        2.52000000        0.87600827
    45.89438142       67.26341258        1.28576067       -0.27265386        2.52000000        0.87425138
    45.90933920       67.33003271        1.28719118       -0.27565495        2.52000000        0.87249693
    45.92403175       67.39665285        1.28861820       -0.27866700        2.52000000        0.87074493
    45.93845733       67.46327298        1.29004172       -0.28169005        2.52000000        0.86899539
    45.95261420       67.52989311        1.29146173       -0.28472413        2.52000000        0.86724831
    45.96650058       67.59651324        1.29287822       -0.28776929        2.52000000        0.86550371
    45.98011470       67.66313337        1.29429119       -0.29082558        2.52000000        0.86376158
    45.99345475       67.72975351        1.29570062       -0.29389303        2.52000000        0.86202194
    46.00651894       67.79637364        1.29710650       -0.29697168        2.52000000        0.86028480
    46.01930543       67.86299377        1.29850882       -0.30006158        2.52000000        0.85855016
    46.03181238       67.92961390        1.29990758       -0.30316277        2.52000000        0.85681803
    46.04403793       67.99623403        1.30130277       -0.30627528        2.52000000        0.85508841
    46.05598021       68.06285416        1.30269436       -0.30939917        2.52000000        0.85336133
    46.06763734       68.12947430        1.30408237       -0.31253447        2.52000000        0.85163677
    46.07900740       68.19609443        1.30546677       -0.31568122        2.52000000        0.84991476
    46.09008847       68.26271456        1.30684756       -0.31883946        2.52000000        0.84819530
    46.10087862       68.32933469        1.30822472       -0.32200923        2.52000000        0.84647840
    46.11137589       68.39595482        1.30959826       -0.32519058        2.52000000        0.84476407
    46.12157830       68.46257496        1.31096815       -0.32838354        2.52000000        0.84305231
    46.13148389       68.52919509        1.31233439       -0.33158816        2.52000000        0.84134314
    46.14109062       68.59581522        1.31369697       -0.33480447        2.52000000        0.83963656
    46.15039649       68.66243535        1.31505588       -0.33803252        2.52000000        0.83793258
    46.15939946       68.72905548        1.31641110       -0.34127234        2.52000000        0.83623121
    46.16809747       68.79567562        1.31776264       -0.34452397        2.52000000        0.83453246
    46.17648843       68.86229575        1.31911048       -0.34778746        2.52000000        0.83283634
    46.18457027       68.92891588        1.32045462       -0.35106284        2.52000000        0.83114285
    46.19234086       68.99553601        1.32179503       -0.35435015        2.52000000        0.82945201
    46.19979809       69.06215614        1.32313171       -0.35764943        2.52000000        0.82776383
    46.20693980       69.12877627        1.32446466       -0.36096072        2.52000000        0.82607830
    46.21376383       69.19539641        1.32579386       -0.36428405        2.52000000        0.82439545
    46.22026800       69.26201654        1.32711931       -0.36761947        2.52000000        0.82271529
    46.22645010       69.32863667        1.32844098       -0.37096701        2.52000000        0.82103781
    46.23230790       69.39525680        1.32975889       -0.37432671        2.52000000        0.81936304
    46.23783918       69.46187693        1.33107300       -0.37769860        2.52000000        0.81769097
    46.24304167       69.52849707        1.33238332       -0.38108273        2.52000000        0.81602163
    46.24791309       69.59511720        1.33368983       -0.38447912        2.52000000        0.81435501
    46.25245113       69.66173733        1.33499253       -0.38788782        2.52000000        0.81269114
    46.25665349       69.72835746        1.33629141       -0.39130886        2.52000000        0.81103001
    46.26051782       69.79497759        1.33758645       -0.39474227        2.52000000        0.80937164
    46.26404176       69.86159773        1.33887764       -0.39818810        2.52000000        0.80771604
    46.26722293       69.92821786        1.34016498       -0.40164637        2.52000000        0.80606322
    46.27005894       69.99483799        1.34144846       -0.40511711        2.52000000        0.80441319
    46.27254736       70.06145812        1.34272806       -0.40860037        2.52000000        0.80276596
    46.27468575       70.12807825        1.34400378       -0.41209618        2.52000000        0.80112154
    46.27647164       70.19469839        1.34527561       -0.41560456        2.52000000        0.79947993
    46.27790256       70.26131852        1.34654353       -0.41912555        2.52000000        0.79784116
    46.27897599       70.32793865        1.34780754       -0.42265918        2.52000000        0.79620523
    46.27968941       70.39455878        1.34906763       -0.42620549        2.52000000        0.79457215
    46.28004027       70.46117891        1.35032378       -0.42976450        2.52000000        0.79294193
