#  Theta paroi en deg Angle Choc en deg       Kp           Inverse Mach       Mach amont       Mach aval
     0.00000000       23.77999473        0.00000000        0.59677419        2.48000000
     1.79314424       23.78198133        0.00565853        0.59424558        2.48000000        2.47988208
     2.15994304       23.78476094        0.00773051        0.59332729        2.48000000        2.47971711
     2.55614182       23.78991956        0.01023037        0.59222465        2.48000000        2.47941102
     2.98424425       23.79904320        0.01321353        0.59091626        2.48000000        2.47886990
     3.42660909       23.81371788        0.01658249        0.58944816        2.48000000        2.47800022
     3.87276920       23.83552961        0.02025733        0.58785796        2.48000000        2.47670903
     4.31866879       23.86606439        0.02419362        0.58616722        2.48000000        2.47490442
     4.76362275       23.90690823        0.02837284        0.58438599        2.48000000        2.47249588
     5.20851072       23.95964715        0.03279328        0.58251701        2.48000000        2.46939488
     5.65489459       24.02586716        0.03746427        0.58055834        2.48000000        2.46551537
     6.02722828       24.09208716        0.04153666        0.57886387        2.48000000        2.46165144
     6.35151339       24.15830717        0.04521177        0.57734492        2.48000000        2.45780287
     6.64178883       24.22452717        0.04860135        0.57595230        2.48000000        2.45396945
     6.90656799       24.29074718        0.05177467        0.57465558        2.48000000        2.45015099
     7.15143472       24.35696718        0.05477794        0.57343446        2.48000000        2.44634727
     7.38026542       24.42318719        0.05764370        0.57227464        2.48000000        2.44255811
     7.59586983       24.48940720        0.06039585        0.57116564        2.48000000        2.43878331
     7.80035471       24.55562720        0.06305248        0.57009950        2.48000000        2.43502267
     7.99534364       24.62184721        0.06562765        0.56907005        2.48000000        2.43127602
     8.18211642       24.68806721        0.06813254        0.56807238        2.48000000        2.42754316
     8.36170122       24.75428722        0.07057621        0.56710252        2.48000000        2.42382392
     8.53493739       24.82050722        0.07296607        0.56615718        2.48000000        2.42011812
     8.70251985       24.88672723        0.07530832        0.56523367        2.48000000        2.41642558
     8.86503091       24.95294723        0.07760815        0.56432967        2.48000000        2.41274613
     9.02296378       25.01916724        0.07987000        0.56344324        2.48000000        2.40907960
     9.17674009       25.08538724        0.08209766        0.56257269        2.48000000        2.40542583
     9.32672341       25.15160725        0.08429443        0.56171658        2.48000000        2.40178465
     9.47322958       25.21782725        0.08646317        0.56087363        2.48000000        2.39815590
     9.61653485       25.28404726        0.08860639        0.56004274        2.48000000        2.39453943
     9.75688235       25.35026726        0.09072630        0.55922291        2.48000000        2.39093507
     9.89448728       25.41648727        0.09282487        0.55841328        2.48000000        2.38734267
    10.02954112       25.48270727        0.09490385        0.55761306        2.48000000        2.38376209
    10.16221498       25.54892728        0.09696481        0.55682154        2.48000000        2.38019318
    10.29266252       25.61514728        0.09900915        0.55603811        2.48000000        2.37663579
    10.42102225       25.68136729        0.10103815        0.55526219        2.48000000        2.37308977
    10.54741949       25.74758730        0.10305295        0.55449326        2.48000000        2.36955499
    10.67196804       25.81380730        0.10505460        0.55373085        2.48000000        2.36603130
    10.79477157       25.88002731        0.10704405        0.55297452        2.48000000        2.36251858
    10.91592477       25.94624731        0.10902217        0.55222389        2.48000000        2.35901669
    11.03551444       26.01246732        0.11098976        0.55147860        2.48000000        2.35552549
    11.15362033       26.07868732        0.11294754        0.55073829        2.48000000        2.35204485
    11.27031588       26.14490733        0.11489619        0.55000268        2.48000000        2.34857466
    11.38566889       26.21112733        0.11683634        0.54927146        2.48000000        2.34511477
    11.49974210       26.27734734        0.11876855        0.54854438        2.48000000        2.34166507
    11.61259370       26.34356734        0.12069336        0.54782119        2.48000000        2.33822544
    11.72427776       26.40978735        0.12261126        0.54710166        2.48000000        2.33479575
    11.83484457       26.47600735        0.12452270        0.54638558        2.48000000        2.33137590
    11.94434109       26.54222736        0.12642812        0.54567274        2.48000000        2.32796575
    12.05281116       26.60844736        0.12832791        0.54496295        2.48000000        2.32456521
    12.16029578       26.67466737        0.13022245        0.54425604        2.48000000        2.32117414
    12.26683340       26.74088737        0.13211208        0.54355185        2.48000000        2.31779246
    12.37246012       26.80710738        0.13399712        0.54285022        2.48000000        2.31442004
    12.47720983       26.87332738        0.13587788        0.54215099        2.48000000        2.31105678
    12.58111445       26.93954739        0.13775465        0.54145404        2.48000000        2.30770257
    12.68420406       27.00576740        0.13962770        0.54075923        2.48000000        2.30435731
    12.78650703       27.07198740        0.14149727        0.54006643        2.48000000        2.30102090
    12.88805016       27.13820741        0.14336361        0.53937554        2.48000000        2.29769323
    12.98885882       27.20442741        0.14522694        0.53868643        2.48000000        2.29437421
    13.08895701       27.27064742        0.14708747        0.53799901        2.48000000        2.29106374
    13.18836747       27.33686742        0.14894541        0.53731316        2.48000000        2.28776172
    13.28711178       27.40308743        0.15080093        0.53662881        2.48000000        2.28446807
    13.38521045       27.46930743        0.15265423        0.53594584        2.48000000        2.28118267
    13.48268296       27.53552744        0.15450546        0.53526419        2.48000000        2.27790545
    13.57954785       27.60174744        0.15635480        0.53458376        2.48000000        2.27463632
    13.67582276       27.66796745        0.15820238        0.53390447        2.48000000        2.27137518
    13.77152453       27.73418745        0.16004836        0.53322625        2.48000000        2.26812194
    13.86666920       27.80040746        0.16189287        0.53254903        2.48000000        2.26487653
    13.96127208       27.86662746        0.16373604        0.53187274        2.48000000        2.26163885
    14.05534781       27.93284747        0.16557800        0.53119731        2.48000000        2.25840882
    14.14891039       27.99906747        0.16741886        0.53052267        2.48000000        2.25518636
    14.24197320       28.06528748        0.16925873        0.52984877        2.48000000        2.25197139
    14.33454904       28.13150749        0.17109772        0.52917555        2.48000000        2.24876383
    14.42665021       28.19772749        0.17293593        0.52850295        2.48000000        2.24556359
    14.51828847       28.26394750        0.17477346        0.52783091        2.48000000        2.24237061
    14.60947511       28.33016750        0.17661040        0.52715939        2.48000000        2.23918480
    14.70022096       28.39638751        0.17844684        0.52648833        2.48000000        2.23600609
    14.79053643       28.46260751        0.18028285        0.52581768        2.48000000        2.23283441
    14.88043154       28.52882752        0.18211853        0.52514740        2.48000000        2.22966968
    14.96991587       28.59504752        0.18395394        0.52447744        2.48000000        2.22651183
    15.05899870       28.66126753        0.18578916        0.52380775        2.48000000        2.22336079
    15.14768892       28.72748753        0.18762426        0.52313831        2.48000000        2.22021649
    15.23599512       28.79370754        0.18945930        0.52246905        2.48000000        2.21707886
    15.32392553       28.85992754        0.19129435        0.52179995        2.48000000        2.21394783
    15.41148816       28.92614755        0.19312948        0.52113097        2.48000000        2.21082334
    15.49869066       28.99236755        0.19496472        0.52046207        2.48000000        2.20770531
    15.58554044       29.05858756        0.19680015        0.51979321        2.48000000        2.20459370
    15.67204467       29.12480756        0.19863581        0.51912435        2.48000000        2.20148842
    15.75821025       29.19102757        0.20047176        0.51845547        2.48000000        2.19838942
    15.84404386       29.25724757        0.20230805        0.51778654        2.48000000        2.19529664
    15.92955195       29.32346758        0.20414471        0.51711751        2.48000000        2.19221002
    16.01474077       29.38968759        0.20598180        0.51644836        2.48000000        2.18912949
    16.09961634       29.45590759        0.20781936        0.51577905        2.48000000        2.18605499
    16.18418451       29.52212760        0.20965742        0.51510957        2.48000000        2.18298647
    16.26845093       29.58834760        0.21149604        0.51443988        2.48000000        2.17992387
    16.35242108       29.65456761        0.21333523        0.51376995        2.48000000        2.17686713
    16.43610027       29.72078761        0.21517505        0.51309975        2.48000000        2.17381620
    16.51949363       29.78700762        0.21701553        0.51242926        2.48000000        2.17077101
    16.60260614       29.85322762        0.21885669        0.51175846        2.48000000        2.16773153
    16.68544265       29.91944763        0.22069857        0.51108731        2.48000000        2.16469769
    16.76800784       29.98566763        0.22254120        0.51041580        2.48000000        2.16166943
    16.85030627       30.05188764        0.22438460        0.50974390        2.48000000        2.15864672
    16.93234234       30.11810764        0.22622882        0.50907158        2.48000000        2.15562949
    17.01412035       30.18432765        0.22807386        0.50839883        2.48000000        2.15261769
    17.09564447       30.25054765        0.22991976        0.50772562        2.48000000        2.14961128
    17.17691874       30.31676766        0.23176655        0.50705193        2.48000000        2.14661021
    17.25794710       30.38298766        0.23361423        0.50637774        2.48000000        2.14361442
    17.33873337       30.44920767        0.23546285        0.50570303        2.48000000        2.14062388
    17.41928127       30.51542767        0.23731241        0.50502777        2.48000000        2.13763852
    17.49959442       30.58164768        0.23916294        0.50435195        2.48000000        2.13465832
    17.57967635       30.64786769        0.24101445        0.50367555        2.48000000        2.13168321
    17.65953046       30.71408769        0.24286697        0.50299855        2.48000000        2.12871316
    17.73916010       30.78030770        0.24472052        0.50232093        2.48000000        2.12574812
    17.81856852       30.84652770        0.24657510        0.50164268        2.48000000        2.12278804
    17.89775887       30.91274771        0.24843074        0.50096376        2.48000000        2.11983289
    17.97673425       30.97896771        0.25028745        0.50028418        2.48000000        2.11688262
    18.05549764       31.04518772        0.25214525        0.49960390        2.48000000        2.11393719
    18.13405197       31.11140772        0.25400415        0.49892291        2.48000000        2.11099655
    18.21240010       31.17762773        0.25586416        0.49824121        2.48000000        2.10806067
    18.29054480       31.24384773        0.25772529        0.49755876        2.48000000        2.10512950
    18.36848878       31.31006774        0.25958756        0.49687555        2.48000000        2.10220301
    18.44623469       31.37628774        0.26145098        0.49619157        2.48000000        2.09928116
    18.52378512       31.44250775        0.26331556        0.49550681        2.48000000        2.09636390
    18.60114258       31.50872775        0.26518131        0.49482124        2.48000000        2.09345121
    18.67830952       31.57494776        0.26704824        0.49413485        2.48000000        2.09054303
    18.75528834       31.64116776        0.26891636        0.49344763        2.48000000        2.08763934
    18.83208139       31.70738777        0.27078567        0.49275956        2.48000000        2.08474010
    18.90869095       31.77360777        0.27265619        0.49207064        2.48000000        2.08184527
    18.98511927       31.83982778        0.27452792        0.49138083        2.48000000        2.07895482
    19.06136851       31.90604779        0.27640087        0.49069014        2.48000000        2.07606870
    19.13744082       31.97226779        0.27827505        0.48999854        2.48000000        2.07318690
    19.21333827       32.03848780        0.28015046        0.48930603        2.48000000        2.07030936
    19.28906292       32.10470780        0.28202712        0.48861258        2.48000000        2.06743607
    19.36461674       32.17092781        0.28390501        0.48791820        2.48000000        2.06456698
    19.44000168       32.23714781        0.28578416        0.48722286        2.48000000        2.06170206
    19.51521966       32.30336782        0.28766455        0.48652655        2.48000000        2.05884128
    19.59027253       32.36958782        0.28954621        0.48582925        2.48000000        2.05598461
    19.66516211       32.43580783        0.29142913        0.48513097        2.48000000        2.05313202
    19.73989019       32.50202783        0.29331332        0.48443168        2.48000000        2.05028347
    19.81445851       32.56824784        0.29519877        0.48373137        2.48000000        2.04743894
    19.88886878       32.63446784        0.29708550        0.48303003        2.48000000        2.04459839
    19.96312268       32.70068785        0.29897351        0.48232765        2.48000000        2.04176180
    20.03722182       32.76690785        0.30086279        0.48162422        2.48000000        2.03892914
    20.11116782       32.83312786        0.30275335        0.48091973        2.48000000        2.03610037
    20.18496225       32.89934786        0.30464519        0.48021415        2.48000000        2.03327546
    20.25860664       32.96556787        0.30653832        0.47950749        2.48000000        2.03045440
    20.33210250       33.03178787        0.30843273        0.47879974        2.48000000        2.02763715
    20.40545129       33.09800788        0.31032842        0.47809087        2.48000000        2.02482369
    20.47865447       33.16422789        0.31222540        0.47738088        2.48000000        2.02201398
    20.55171344       33.23044789        0.31412367        0.47666977        2.48000000        2.01920801
    20.62462959       33.29666790        0.31602323        0.47595751        2.48000000        2.01640574
    20.69740429       33.36288790        0.31792407        0.47524410        2.48000000        2.01360714
    20.77003886       33.42910791        0.31982619        0.47452952        2.48000000        2.01081220
    20.84253461       33.49532791        0.32172960        0.47381378        2.48000000        2.00802089
    20.91489281       33.56154792        0.32363430        0.47309685        2.48000000        2.00523318
    20.98711472       33.62776792        0.32554028        0.47237873        2.48000000        2.00244905
    21.05920157       33.69398793        0.32744755        0.47165940        2.48000000        1.99966847
    21.13115457       33.76020793        0.32935609        0.47093886        2.48000000        1.99689142
    21.20297491       33.82642794        0.33126592        0.47021710        2.48000000        1.99411787
    21.27466372       33.89264794        0.33317702        0.46949411        2.48000000        1.99134781
    21.34622218       33.95886795        0.33508940        0.46876987        2.48000000        1.98858121
    21.41765138       34.02508795        0.33700305        0.46804438        2.48000000        1.98581805
    21.48895241       34.09130796        0.33891798        0.46731763        2.48000000        1.98305830
    21.56012637       34.15752796        0.34083417        0.46658961        2.48000000        1.98030194
    21.63117429       34.22374797        0.34275164        0.46586031        2.48000000        1.97754895
    21.70209722       34.28996798        0.34467036        0.46512972        2.48000000        1.97479931
    21.77289618       34.35618798        0.34659035        0.46439783        2.48000000        1.97205300
    21.84357215       34.42240799        0.34851160        0.46366463        2.48000000        1.96930999
    21.91412612       34.48862799        0.35043410        0.46293011        2.48000000        1.96657027
    21.98455906       34.55484800        0.35235785        0.46219426        2.48000000        1.96383382
    22.05487189       34.62106800        0.35428285        0.46145708        2.48000000        1.96110061
    22.12506556       34.68728801        0.35620909        0.46071856        2.48000000        1.95837062
    22.19514097       34.75350801        0.35813657        0.45997868        2.48000000        1.95564384
    22.26509902       34.81972802        0.36006529        0.45923744        2.48000000        1.95292025
    22.33494056       34.88594802        0.36199525        0.45849483        2.48000000        1.95019982
    22.40466650       34.95216803        0.36392643        0.45775083        2.48000000        1.94748255
    22.47427764       35.01838803        0.36585883        0.45700545        2.48000000        1.94476840
    22.54377483       35.08460804        0.36779245        0.45625867        2.48000000        1.94205736
    22.61315890       35.15082804        0.36972729        0.45551049        2.48000000        1.93934941
    22.68243063       35.21704805        0.37166334        0.45476089        2.48000000        1.93664454
    22.75159082       35.28326805        0.37360059        0.45400986        2.48000000        1.93394273
    22.82064024       35.34948806        0.37553904        0.45325741        2.48000000        1.93124396
    22.88957965       35.41570806        0.37747869        0.45250351        2.48000000        1.92854821
    22.95840981       35.48192807        0.37941953        0.45174817        2.48000000        1.92585546
    23.02713143       35.54814808        0.38136155        0.45099137        2.48000000        1.92316571
    23.09574526       35.61436808        0.38330475        0.45023310        2.48000000        1.92047892
    23.16425199       35.68058809        0.38524912        0.44947336        2.48000000        1.91779510
    23.23265231       35.74680809        0.38719466        0.44871214        2.48000000        1.91511421
    23.30094693       35.81302810        0.38914137        0.44794943        2.48000000        1.91243624
    23.36913651       35.87924810        0.39108923        0.44718522        2.48000000        1.90976119
    23.43722171       35.94546811        0.39303824        0.44641950        2.48000000        1.90708902
    23.50520318       36.01168811        0.39498840        0.44565226        2.48000000        1.90441974
    23.57308157       36.07790812        0.39693970        0.44488351        2.48000000        1.90175331
    23.64085749       36.14412812        0.39889213        0.44411322        2.48000000        1.89908973
    23.70853158       36.21034813        0.40084568        0.44334140        2.48000000        1.89642899
    23.77610443       36.27656813        0.40280036        0.44256802        2.48000000        1.89377106
    23.84357664       36.34278814        0.40475615        0.44179309        2.48000000        1.89111594
    23.91094880       36.40900814        0.40671305        0.44101660        2.48000000        1.88846360
    23.97822149       36.47522815        0.40867104        0.44023854        2.48000000        1.88581404
    24.04539527       36.54144815        0.41063014        0.43945890        2.48000000        1.88316724
    24.11247071       36.60766816        0.41259032        0.43867767        2.48000000        1.88052319
    24.17944834       36.67388816        0.41455158        0.43789484        2.48000000        1.87788188
    24.24632871       36.74010817        0.41651392        0.43711041        2.48000000        1.87524328
    24.31311235       36.80632818        0.41847732        0.43632437        2.48000000        1.87260740
    24.37979979       36.87254818        0.42044178        0.43553672        2.48000000        1.86997421
    24.44639152       36.93876819        0.42240730        0.43474743        2.48000000        1.86734370
    24.51288806       37.00498819        0.42437386        0.43395651        2.48000000        1.86471586
    24.57928990       37.07120820        0.42634146        0.43316395        2.48000000        1.86209067
    24.64559754       37.13742820        0.42831010        0.43236974        2.48000000        1.85946813
    24.71181144       37.20364821        0.43027976        0.43157387        2.48000000        1.85684823
    24.77793208       37.26986821        0.43225043        0.43077633        2.48000000        1.85423094
    24.84395992       37.33608822        0.43422212        0.42997712        2.48000000        1.85161627
    24.90989542       37.40230822        0.43619480        0.42917623        2.48000000        1.84900419
    24.97573902       37.46852823        0.43816849        0.42837364        2.48000000        1.84639470
    25.04149117       37.53474823        0.44014316        0.42756936        2.48000000        1.84378778
    25.10715229       37.60096824        0.44211881        0.42676338        2.48000000        1.84118342
    25.17272282       37.66718824        0.44409543        0.42595568        2.48000000        1.83858162
    25.23820317       37.73340825        0.44607302        0.42514627        2.48000000        1.83598235
    25.30359375       37.79962825        0.44805156        0.42433512        2.48000000        1.83338562
    25.36889497       37.86584826        0.45003105        0.42352224        2.48000000        1.83079140
    25.43410722       37.93206826        0.45201148        0.42270762        2.48000000        1.82819970
    25.49923090       37.99828827        0.45399285        0.42189124        2.48000000        1.82561049
    25.56426639       38.06450828        0.45597514        0.42107310        2.48000000        1.82302377
    25.62921406       38.13072828        0.45795835        0.42025320        2.48000000        1.82043953
    25.69407429       38.19694829        0.45994246        0.41943152        2.48000000        1.81785776
    25.75884745       38.26316829        0.46192748        0.41860806        2.48000000        1.81527844
    25.82353389       38.32938830        0.46391339        0.41778281        2.48000000        1.81270158
    25.88813397       38.39560830        0.46590018        0.41695576        2.48000000        1.81012715
    25.95264802       38.46182831        0.46788785        0.41612691        2.48000000        1.80755515
    26.01707639       38.52804831        0.46987639        0.41529624        2.48000000        1.80498557
    26.08141943       38.59426832        0.47186578        0.41446375        2.48000000        1.80241840
    26.14567745       38.66048832        0.47385603        0.41362944        2.48000000        1.79985363
    26.20985078       38.72670833        0.47584712        0.41279328        2.48000000        1.79729125
    26.27393973       38.79292833        0.47783905        0.41195528        2.48000000        1.79473125
    26.33794463       38.85914834        0.47983180        0.41111543        2.48000000        1.79217363
    26.40186577       38.92536834        0.48182537        0.41027372        2.48000000        1.78961838
    26.46570345       38.99158835        0.48381974        0.40943014        2.48000000        1.78706548
    26.52945798       39.05780835        0.48581492        0.40858469        2.48000000        1.78451493
    26.59312964       39.12402836        0.48781089        0.40773735        2.48000000        1.78196672
    26.65671873       39.19024836        0.48980764        0.40688812        2.48000000        1.77942084
    26.72022551       39.25646837        0.49180516        0.40603699        2.48000000        1.77687729
    26.78365027       39.32268838        0.49380345        0.40518396        2.48000000        1.77433605
    26.84699327       39.38890838        0.49580250        0.40432901        2.48000000        1.77179712
    26.91025478       39.45512839        0.49780229        0.40347213        2.48000000        1.76926048
    26.97343507       39.52134839        0.49980282        0.40261333        2.48000000        1.76672614
    27.03653438       39.58756840        0.50180408        0.40175259        2.48000000        1.76419409
    27.09955298       39.65378840        0.50380607        0.40088990        2.48000000        1.76166430
    27.16249110       39.72000841        0.50580876        0.40002526        2.48000000        1.75913679
    27.22534898       39.78622841        0.50781216        0.39915866        2.48000000        1.75661154
    27.28812688       39.85244842        0.50981625        0.39829009        2.48000000        1.75408854
    27.35082500       39.91866842        0.51182103        0.39741954        2.48000000        1.75156779
    27.41344360       39.98488843        0.51382648        0.39654700        2.48000000        1.74904928
    27.47598289       40.05110843        0.51583261        0.39567248        2.48000000        1.74653300
    27.53844309       40.11732844        0.51783938        0.39479595        2.48000000        1.74401895
    27.60082442       40.18354844        0.51984681        0.39391741        2.48000000        1.74150712
    27.66312708       40.24976845        0.52185488        0.39303685        2.48000000        1.73899749
    27.72535129       40.31598845        0.52386357        0.39215427        2.48000000        1.73649008
    27.78749725       40.38220846        0.52587289        0.39126965        2.48000000        1.73398486
    27.84956515       40.44842846        0.52788282        0.39038300        2.48000000        1.73148183
    27.91155519       40.51464847        0.52989335        0.38949429        2.48000000        1.72898099
    27.97346758       40.58086848        0.53190448        0.38860353        2.48000000        1.72648233
    28.03530247       40.64708848        0.53391619        0.38771070        2.48000000        1.72398584
    28.09706008       40.71330849        0.53592847        0.38681580        2.48000000        1.72149152
    28.15874056       40.77952849        0.53794132        0.38591881        2.48000000        1.71899936
    28.22034411       40.84574850        0.53995473        0.38501974        2.48000000        1.71650935
    28.28187088       40.91196850        0.54196868        0.38411856        2.48000000        1.71402150
    28.34332105       40.97818851        0.54398317        0.38321529        2.48000000        1.71153578
    28.40469478       41.04440851        0.54599818        0.38230989        2.48000000        1.70905220
    28.46599224       41.11062852        0.54801372        0.38140238        2.48000000        1.70657075
    28.52721357       41.17684852        0.55002976        0.38049273        2.48000000        1.70409143
    28.58835894       41.24306853        0.55204630        0.37958095        2.48000000        1.70161423
    28.64942849       41.30928853        0.55406333        0.37866701        2.48000000        1.69913914
    28.71042237       41.37550854        0.55608084        0.37775093        2.48000000        1.69666616
    28.77134072       41.44172854        0.55809883        0.37683268        2.48000000        1.69419528
    28.83218368       41.50794855        0.56011727        0.37591225        2.48000000        1.69172650
    28.89295140       41.57416855        0.56213616        0.37498965        2.48000000        1.68925981
    28.95364399       41.64038856        0.56415550        0.37406485        2.48000000        1.68679521
    29.01426159       41.70660857        0.56617526        0.37313786        2.48000000        1.68433269
    29.07480432       41.77282857        0.56819545        0.37220867        2.48000000        1.68187225
    29.13527232       41.83904858        0.57021605        0.37127726        2.48000000        1.67941388
    29.19566569       41.90526858        0.57223706        0.37034362        2.48000000        1.67695758
    29.25598456       41.97148859        0.57425845        0.36940776        2.48000000        1.67450334
    29.31622903       42.03770859        0.57628023        0.36846965        2.48000000        1.67205115
    29.37639922       42.10392860        0.57830239        0.36752930        2.48000000        1.66960102
    29.43649524       42.17014860        0.58032490        0.36658669        2.48000000        1.66715294
    29.49651718       42.23636861        0.58234777        0.36564182        2.48000000        1.66470690
    29.55646515       42.30258861        0.58437099        0.36469467        2.48000000        1.66226290
    29.61633924       42.36880862        0.58639454        0.36374524        2.48000000        1.65982093
    29.67613956       42.43502862        0.58841841        0.36279352        2.48000000        1.65738099
    29.73586618       42.50124863        0.59044260        0.36183949        2.48000000        1.65494308
    29.79551921       42.56746863        0.59246709        0.36088316        2.48000000        1.65250719
    29.85509872       42.63368864        0.59449188        0.35992451        2.48000000        1.65007331
    29.91460480       42.69990864        0.59651696        0.35896354        2.48000000        1.64764144
    29.97403752       42.76612865        0.59854230        0.35800023        2.48000000        1.64521159
    30.03339697       42.83234865        0.60056792        0.35703457        2.48000000        1.64278373
    30.09268322       42.89856866        0.60259378        0.35606657        2.48000000        1.64035788
    30.15189633       42.96478867        0.60461990        0.35509620        2.48000000        1.63793402
    30.21103639       43.03100867        0.60664624        0.35412346        2.48000000        1.63551215
    30.27010344       43.09722868        0.60867282        0.35314834        2.48000000        1.63309227
    30.32909756       43.16344868        0.61069961        0.35217083        2.48000000        1.63067437
    30.38801881       43.22966869        0.61272660        0.35119093        2.48000000        1.62825846
    30.44686723       43.29588869        0.61475379        0.35020861        2.48000000        1.62584451
    30.50564290       43.36210870        0.61678116        0.34922389        2.48000000        1.62343254
    30.56434585       43.42832870        0.61880871        0.34823673        2.48000000        1.62102254
    30.62297614       43.49454871        0.62083642        0.34724715        2.48000000        1.61861451
    30.68153381       43.56076871        0.62286429        0.34625512        2.48000000        1.61620843
    30.74001891       43.62698872        0.62489230        0.34526064        2.48000000        1.61380431
    30.79843148       43.69320872        0.62692045        0.34426369        2.48000000        1.61140215
    30.85677155       43.75942873        0.62894873        0.34326428        2.48000000        1.60900193
    30.91503916       43.82564873        0.63097711        0.34226238        2.48000000        1.60660367
    30.97323435       43.89186874        0.63300560        0.34125800        2.48000000        1.60420734
    31.03135714       43.95808874        0.63503419        0.34025111        2.48000000        1.60181296
    31.08940756       44.02430875        0.63706286        0.33924172        2.48000000        1.59942051
    31.14738565       44.09052875        0.63909160        0.33822981        2.48000000        1.59703000
    31.20529141       44.15674876        0.64112041        0.33721538        2.48000000        1.59464142
    31.26312488       44.22296877        0.64314927        0.33619840        2.48000000        1.59225476
    31.32088606       44.28918877        0.64517818        0.33517888        2.48000000        1.58987003
    31.37857498       44.35540878        0.64720711        0.33415680        2.48000000        1.58748722
    31.43619165       44.42162878        0.64923607        0.33313216        2.48000000        1.58510633
    31.49373607       44.48784879        0.65126505        0.33210494        2.48000000        1.58272735
    31.55120827       44.55406879        0.65329402        0.33107514        2.48000000        1.58035028
    31.60860823       44.62028880        0.65532299        0.33004274        2.48000000        1.57797512
    31.66593597       44.68650880        0.65735194        0.32900774        2.48000000        1.57560187
    31.72319148       44.75272881        0.65938086        0.32797013        2.48000000        1.57323052
    31.78037476       44.81894881        0.66140975        0.32692988        2.48000000        1.57086108
    31.83748581       44.88516882        0.66343858        0.32588701        2.48000000        1.56849353
    31.89452462       44.95138882        0.66546736        0.32484149        2.48000000        1.56612787
    31.95149119       45.01760883        0.66749607        0.32379332        2.48000000        1.56376411
    32.00838550       45.08382883        0.66952469        0.32274248        2.48000000        1.56140223
    32.06520753       45.15004884        0.67155323        0.32168897        2.48000000        1.55904225
    32.12195728       45.21626884        0.67358167        0.32063277        2.48000000        1.55668414
    32.17863472       45.28248885        0.67560999        0.31957388        2.48000000        1.55432792
    32.23523983       45.34870885        0.67763820        0.31851229        2.48000000        1.55197358
    32.29177259       45.41492886        0.67966627        0.31744798        2.48000000        1.54962111
    32.34823297       45.48114887        0.68169421        0.31638094        2.48000000        1.54727052
    32.40462095       45.54736887        0.68372199        0.31531117        2.48000000        1.54492179
    32.46093650       45.61358888        0.68574961        0.31423866        2.48000000        1.54257494
    32.51717958       45.67980888        0.68777706        0.31316339        2.48000000        1.54022996
    32.57335016       45.74602889        0.68980432        0.31208535        2.48000000        1.53788684
    32.62944819       45.81224889        0.69183139        0.31100453        2.48000000        1.53554558
    32.68547365       45.87846890        0.69385826        0.30992093        2.48000000        1.53320618
    32.74142650       45.94468890        0.69588491        0.30883453        2.48000000        1.53086864
    32.79730667       46.01090891        0.69791134        0.30774532        2.48000000        1.52853295
    32.85311414       46.07712891        0.69993754        0.30665329        2.48000000        1.52619912
    32.90884886       46.14334892        0.70196349        0.30555843        2.48000000        1.52386713
    32.96451076       46.20956892        0.70398918        0.30446073        2.48000000        1.52153700
    33.02009980       46.27578893        0.70601461        0.30336018        2.48000000        1.51920871
    33.07561593       46.34200893        0.70803976        0.30225676        2.48000000        1.51688227
    33.13105908       46.40822894        0.71006463        0.30115048        2.48000000        1.51455767
    33.18642920       46.47444894        0.71208920        0.30004130        2.48000000        1.51223491
    33.24172623       46.54066895        0.71411346        0.29892924        2.48000000        1.50991399
    33.29695010       46.60688895        0.71613740        0.29781426        2.48000000        1.50759491
    33.35210074       46.67310896        0.71816102        0.29669637        2.48000000        1.50527766
    33.40717809       46.73932897        0.72018429        0.29557555        2.48000000        1.50296224
    33.46218208       46.80554897        0.72220722        0.29445179        2.48000000        1.50064866
    33.51711263       46.87176898        0.72422979        0.29332508        2.48000000        1.49833691
    33.57196967       46.93798898        0.72625199        0.29219541        2.48000000        1.49602698
    33.62675312       47.00420899        0.72827380        0.29106276        2.48000000        1.49371888
    33.68146290       47.07042899        0.73029523        0.28992713        2.48000000        1.49141260
    33.73609894       47.13664900        0.73231625        0.28878850        2.48000000        1.48910814
    33.79066114       47.20286900        0.73433687        0.28764687        2.48000000        1.48680551
    33.84514942       47.26908901        0.73635706        0.28650221        2.48000000        1.48450469
    33.89956369       47.33530901        0.73837681        0.28535453        2.48000000        1.48220569
    33.95390387       47.40152902        0.74039613        0.28420380        2.48000000        1.47990851
    34.00816985       47.46774902        0.74241499        0.28305002        2.48000000        1.47761314
    34.06236155       47.53396903        0.74443338        0.28189317        2.48000000        1.47531958
    34.11647887       47.60018903        0.74645131        0.28073324        2.48000000        1.47302783
    34.17052171       47.66640904        0.74846874        0.27957023        2.48000000        1.47073790
    34.22448996       47.73262904        0.75048568        0.27840411        2.48000000        1.46844977
    34.27838353       47.79884905        0.75250212        0.27723488        2.48000000        1.46616344
    34.33220230       47.86506906        0.75451804        0.27606253        2.48000000        1.46387893
    34.38594618       47.93128906        0.75653343        0.27488703        2.48000000        1.46159621
    34.43961505       47.99750907        0.75854828        0.27370839        2.48000000        1.45931530
    34.49320880       48.06372907        0.76056259        0.27252659        2.48000000        1.45703619
    34.54672730       48.12994908        0.76257633        0.27134161        2.48000000        1.45475888
    34.60017046       48.19616908        0.76458951        0.27015344        2.48000000        1.45248337
    34.65353815       48.26238909        0.76660211        0.26896208        2.48000000        1.45020965
    34.70683024       48.32860909        0.76861412        0.26776751        2.48000000        1.44793773
    34.76004662       48.39482910        0.77062552        0.26656971        2.48000000        1.44566760
    34.81318716       48.46104910        0.77263632        0.26536868        2.48000000        1.44339927
    34.86625172       48.52726911        0.77464650        0.26416440        2.48000000        1.44113273
    34.91924020       48.59348911        0.77665604        0.26295685        2.48000000        1.43886798
    34.97215244       48.65970912        0.77866494        0.26174604        2.48000000        1.43660502
    35.02498832       48.72592912        0.78067319        0.26053193        2.48000000        1.43434384
    35.07774770       48.79214913        0.78268077        0.25931453        2.48000000        1.43208446
    35.13043044       48.85836913        0.78468768        0.25809382        2.48000000        1.42982686
    35.18303640       48.92458914        0.78669391        0.25686978        2.48000000        1.42757105
    35.23556544       48.99080914        0.78869944        0.25564240        2.48000000        1.42531702
    35.28801741       49.05702915        0.79070426        0.25441167        2.48000000        1.42306477
    35.34039217       49.12324916        0.79270837        0.25317758        2.48000000        1.42081431
    35.39268956       49.18946916        0.79471175        0.25194011        2.48000000        1.41856562
    35.44490944       49.25568917        0.79671440        0.25069925        2.48000000        1.41631872
    35.49705165       49.32190917        0.79871630        0.24945499        2.48000000        1.41407360
    35.54911603       49.38812918        0.80071744        0.24820731        2.48000000        1.41183025
    35.60110243       49.45434918        0.80271781        0.24695619        2.48000000        1.40958868
    35.65301069       49.52056919        0.80471740        0.24570164        2.48000000        1.40734889
    35.70484063       49.58678919        0.80671620        0.24444363        2.48000000        1.40511088
    35.75659211       49.65300920        0.80871420        0.24318214        2.48000000        1.40287464
    35.80826495       49.71922920        0.81071139        0.24191717        2.48000000        1.40064017
    35.85985898       49.78544921        0.81270776        0.24064870        2.48000000        1.39840748
    35.91137402       49.85166921        0.81470330        0.23937672        2.48000000        1.39617656
    35.96280991       49.91788922        0.81669800        0.23810122        2.48000000        1.39394741
    36.01416647       49.98410922        0.81869184        0.23682217        2.48000000        1.39172003
    36.06544352       50.05032923        0.82068482        0.23553957        2.48000000        1.38949443
    36.11664088       50.11654923        0.82267693        0.23425340        2.48000000        1.38727059
    36.16775837       50.18276924        0.82466815        0.23296365        2.48000000        1.38504852
    36.21879579       50.24898924        0.82665848        0.23167031        2.48000000        1.38282822
    36.26975297       50.31520925        0.82864790        0.23037335        2.48000000        1.38060969
    36.32062972       50.38142926        0.83063641        0.22907277        2.48000000        1.37839293
    36.37142583       50.44764926        0.83262399        0.22776854        2.48000000        1.37617793
    36.42214112       50.51386927        0.83461064        0.22646067        2.48000000        1.37396470
    36.47277538       50.58008927        0.83659633        0.22514912        2.48000000        1.37175323
    36.52332843       50.64630928        0.83858107        0.22383389        2.48000000        1.36954353
    36.57380006       50.71252928        0.84056484        0.22251497        2.48000000        1.36733559
    36.62419006       50.77874929        0.84254764        0.22119233        2.48000000        1.36512942
    36.67449822       50.84496929        0.84452944        0.21986596        2.48000000        1.36292501
    36.72472435       50.91118930        0.84651024        0.21853586        2.48000000        1.36072237
    36.77486823       50.97740930        0.84849004        0.21720199        2.48000000        1.35852148
    36.82492964       51.04362931        0.85046881        0.21586435        2.48000000        1.35632236
    36.87490836       51.10984931        0.85244655        0.21452293        2.48000000        1.35412500
    36.92480419       51.17606932        0.85442325        0.21317770        2.48000000        1.35192940
    36.97461691       51.24228932        0.85639890        0.21182866        2.48000000        1.34973557
    37.02434627       51.30850933        0.85837348        0.21047578        2.48000000        1.34754349
    37.07399207       51.37472933        0.86034700        0.20911905        2.48000000        1.34535318
    37.12355408       51.44094934        0.86231942        0.20775846        2.48000000        1.34316462
    37.17303206       51.50716934        0.86429076        0.20639399        2.48000000        1.34097783
    37.22242578       51.57338935        0.86626099        0.20502563        2.48000000        1.33879279
    37.27173501       51.63960936        0.86823010        0.20365335        2.48000000        1.33660952
    37.32095951       51.70582936        0.87019810        0.20227715        2.48000000        1.33442800
    37.37009903       51.77204937        0.87216495        0.20089700        2.48000000        1.33224824
    37.41915335       51.83826937        0.87413066        0.19951290        2.48000000        1.33007024
    37.46812220       51.90448938        0.87609521        0.19812482        2.48000000        1.32789400
    37.51700535       51.97070938        0.87805859        0.19673275        2.48000000        1.32571952
    37.56580255       52.03692939        0.88002080        0.19533668        2.48000000        1.32354680
    37.61451353       52.10314939        0.88198182        0.19393658        2.48000000        1.32137583
    37.66313806       52.16936940        0.88394164        0.19253244        2.48000000        1.31920663
    37.71167586       52.23558940        0.88590025        0.19112425        2.48000000        1.31703918
    37.76012668       52.30180941        0.88785764        0.18971198        2.48000000        1.31487349
    37.80849026       52.36802941        0.88981380        0.18829563        2.48000000        1.31270956
    37.85676634       52.43424942        0.89176872        0.18687517        2.48000000        1.31054738
    37.90495463       52.50046942        0.89372239        0.18545058        2.48000000        1.30838697
    37.95305488       52.56668943        0.89567480        0.18402186        2.48000000        1.30622831
    38.00106681       52.63290943        0.89762594        0.18258898        2.48000000        1.30407141
    38.04899015       52.69912944        0.89957579        0.18115193        2.48000000        1.30191627
    38.09682461       52.76534944        0.90152436        0.17971069        2.48000000        1.29976289
    38.14456991       52.83156945        0.90347162        0.17826524        2.48000000        1.29761127
    38.19222579       52.89778946        0.90541757        0.17681557        2.48000000        1.29546140
    38.23979193       52.96400946        0.90736219        0.17536166        2.48000000        1.29331330
    38.28726807       53.03022947        0.90930548        0.17390348        2.48000000        1.29116695
    38.33465390       53.09644947        0.91124742        0.17244103        2.48000000        1.28902236
    38.38194913       53.16266948        0.91318801        0.17097429        2.48000000        1.28687953
    38.42915347       53.22888948        0.91512724        0.16950323        2.48000000        1.28473846
    38.47626661       53.29510949        0.91706509        0.16802785        2.48000000        1.28259915
    38.52328825       53.36132949        0.91900155        0.16654811        2.48000000        1.28046160
    38.57021810       53.42754950        0.92093662        0.16506401        2.48000000        1.27832581
    38.61705583       53.49376950        0.92287028        0.16357553        2.48000000        1.27619178
    38.66380114       53.55998951        0.92480252        0.16208264        2.48000000        1.27405951
    38.71045371       53.62620951        0.92673334        0.16058534        2.48000000        1.27192901
    38.75701324       53.69242952        0.92866272        0.15908360        2.48000000        1.26980026
    38.80347939       53.75864952        0.93059065        0.15757740        2.48000000        1.26767328
    38.84985185       53.82486953        0.93251712        0.15606672        2.48000000        1.26554806
    38.89613029       53.89108953        0.93444212        0.15455155        2.48000000        1.26342460
    38.94231439       53.95730954        0.93636564        0.15303187        2.48000000        1.26130291
    38.98840381       54.02352955        0.93828768        0.15150766        2.48000000        1.25918297
    39.03439822       54.08974955        0.94020821        0.14997890        2.48000000        1.25706481
    39.08029728       54.15596956        0.94212723        0.14844557        2.48000000        1.25494840
    39.12610066       54.22218956        0.94404474        0.14690765        2.48000000        1.25283377
    39.17180800       54.28840957        0.94596071        0.14536513        2.48000000        1.25072089
    39.21741898       54.35462957        0.94787514        0.14381798        2.48000000        1.24860979
    39.26293323       54.42084958        0.94978802        0.14226618        2.48000000        1.24650045
    39.30835041       54.48706958        0.95169934        0.14070972        2.48000000        1.24439288
    39.35367015       54.55328959        0.95360908        0.13914857        2.48000000        1.24228707
    39.39889212       54.61950959        0.95551724        0.13758272        2.48000000        1.24018304
    39.44401593       54.68572960        0.95742381        0.13601215        2.48000000        1.23808077
    39.48904123       54.75194960        0.95932878        0.13443683        2.48000000        1.23598027
    39.53396766       54.81816961        0.96123214        0.13285675        2.48000000        1.23388155
    39.57879484       54.88438961        0.96313387        0.13127188        2.48000000        1.23178459
    39.62352240       54.95060962        0.96503396        0.12968221        2.48000000        1.22968941
    39.66814996       55.01682962        0.96693242        0.12808772        2.48000000        1.22759600
    39.71267714       55.08304963        0.96882921        0.12648839        2.48000000        1.22550436
    39.75710357       55.14926963        0.97072435        0.12488418        2.48000000        1.22341450
    39.80142885       55.21548964        0.97261781        0.12327510        2.48000000        1.22132641
    39.84565260       55.28170965        0.97450958        0.12166111        2.48000000        1.21924010
    39.88977442       55.34792965        0.97639966        0.12004219        2.48000000        1.21715556
    39.93379392       55.41414966        0.97828803        0.11841832        2.48000000        1.21507280
    39.97771070       55.48036966        0.98017469        0.11678949        2.48000000        1.21299182
    40.02152435       55.54658967        0.98205962        0.11515567        2.48000000        1.21091262
    40.06523448       55.61280967        0.98394282        0.11351683        2.48000000        1.20883520
    40.10884066       55.67902968        0.98582427        0.11187297        2.48000000        1.20675956
    40.15234250       55.74524968        0.98770396        0.11022405        2.48000000        1.20468571
    40.19573957       55.81146969        0.98958188        0.10857006        2.48000000        1.20261363
    40.23903146       55.87768969        0.99145803        0.10691097        2.48000000        1.20054334
    40.28221774       55.94390970        0.99333239        0.10524677        2.48000000        1.19847484
    40.32529799       56.01012970        0.99520496        0.10357742        2.48000000        1.19640812
    40.36827177       56.07634971        0.99707571        0.10190292        2.48000000        1.19434318
    40.41113865       56.14256971        0.99894465        0.10022323        2.48000000        1.19228004
    40.45389821       56.20878972        1.00081176        0.09853834        2.48000000        1.19021869
    40.49654999       56.27500972        1.00267704        0.09684822        2.48000000        1.18815912
    40.53909355       56.34122973        1.00454046        0.09515285        2.48000000        1.18610135
    40.58152844       56.40744973        1.00640203        0.09345221        2.48000000        1.18404537
    40.62385423       56.47366974        1.00826173        0.09174627        2.48000000        1.18199119
    40.66607044       56.53988975        1.01011954        0.09003502        2.48000000        1.17993880
    40.70817662       56.60610975        1.01197548        0.08831842        2.48000000        1.17788820
    40.75017231       56.67232976        1.01382951        0.08659647        2.48000000        1.17583941
    40.79205705       56.73854976        1.01568163        0.08486912        2.48000000        1.17379241
    40.83383035       56.80476977        1.01753183        0.08313637        2.48000000        1.17174722
    40.87549176       56.87098977        1.01938011        0.08139819        2.48000000        1.16970382
    40.91704079       56.93720978        1.02122644        0.07965455        2.48000000        1.16766223
    40.95847697       57.00342978        1.02307083        0.07790543        2.48000000        1.16562244
    40.99979980       57.06964979        1.02491326        0.07615081        2.48000000        1.16358446
    41.04100879       57.13586979        1.02675371        0.07439067        2.48000000        1.16154829
    41.08210347       57.20208980        1.02859219        0.07262497        2.48000000        1.15951392
    41.12308332       57.26830980        1.03042868        0.07085370        2.48000000        1.15748136
    41.16394785       57.33452981        1.03226317        0.06907684        2.48000000        1.15545062
    41.20469655       57.40074981        1.03409565        0.06729435        2.48000000        1.15342169
    41.24532892       57.46696982        1.03592611        0.06550621        2.48000000        1.15139457
    41.28584444       57.53318982        1.03775454        0.06371241        2.48000000        1.14936927
    41.32624259       57.59940983        1.03958093        0.06191291        2.48000000        1.14734579
    41.36652286       57.66562983        1.04140527        0.06010769        2.48000000        1.14532413
    41.40668472       57.73184984        1.04322755        0.05829673        2.48000000        1.14330428
    41.44672763       57.79806985        1.04504776        0.05648000        2.48000000        1.14128626
    41.48665108       57.86428985        1.04686589        0.05465747        2.48000000        1.13927007
    41.52645450       57.93050986        1.04868193        0.05282913        2.48000000        1.13725570
    41.56613738       57.99672986        1.05049587        0.05099494        2.48000000        1.13524316
    41.60569916       58.06294987        1.05230770        0.04915488        2.48000000        1.13323244
    41.64513928       58.12916987        1.05411741        0.04730893        2.48000000        1.13122356
    41.68445720       58.19538988        1.05592499        0.04545706        2.48000000        1.12921651
    41.72365235       58.26160988        1.05773043        0.04359924        2.48000000        1.12721130
    41.76272418       58.32782989        1.05953372        0.04173545        2.48000000        1.12520792
    41.80167210       58.39404989        1.06133485        0.03986566        2.48000000        1.12320639
    41.84049556       58.46026990        1.06313382        0.03798985        2.48000000        1.12120669
    41.87919397       58.52648990        1.06493060        0.03610798        2.48000000        1.11920883
    41.91776674       58.59270991        1.06672519        0.03422005        2.48000000        1.11721282
    41.95621330       58.65892991        1.06851759        0.03232601        2.48000000        1.11521865
    41.99453306       58.72514992        1.07030777        0.03042583        2.48000000        1.11322634
    42.03272541       58.79136992        1.07209574        0.02851951        2.48000000        1.11123587
    42.07078975       58.85758993        1.07388147        0.02660700        2.48000000        1.10924726
    42.10872549       58.92380993        1.07566497        0.02468828        2.48000000        1.10726050
    42.14653201       58.99002994        1.07744622        0.02276333        2.48000000        1.10527559
    42.18420869       59.05624995        1.07922521        0.02083211        2.48000000        1.10329255
    42.22175492       59.12246995        1.08100193        0.01889460        2.48000000        1.10131136
    42.25917007       59.18868996        1.08277638        0.01695077        2.48000000        1.09933204
    42.29645352       59.25490996        1.08454853        0.01500059        2.48000000        1.09735458
    42.33360462       59.32112997        1.08631839        0.01304405        2.48000000        1.09537899
    42.37062273       59.38734997        1.08808594        0.01108110        2.48000000        1.09340527
    42.40750722       59.45356998        1.08985117        0.00911172        2.48000000        1.09143343
    42.44425744       59.51978998        1.09161407        0.00713588        2.48000000        1.08946345
    42.48087272       59.58600999        1.09337464        0.00515356        2.48000000        1.08749536
    42.51735242       59.65222999        1.09513286        0.00316472        2.48000000        1.08552914
    42.55369586       59.71845000        1.09688872        0.00116934        2.48000000        1.08356480
    42.58990237       59.78467000        1.09864221       -0.00083261        2.48000000        1.08160235
    42.62597128       59.85089001        1.10039333       -0.00284116        2.48000000        1.07964178
    42.66190190       59.91711001        1.10214206       -0.00485634        2.48000000        1.07768310
    42.69769356       59.98333002        1.10388840       -0.00687818        2.48000000        1.07572632
    42.73334556       60.04955002        1.10563233       -0.00890670        2.48000000        1.07377142
    42.76885720       60.11577003        1.10737384       -0.01094194        2.48000000        1.07181842
    42.80422778       60.18199004        1.10911293       -0.01298392        2.48000000        1.06986733
    42.83945659       60.24821004        1.11084958       -0.01503268        2.48000000        1.06791813
    42.87454292       60.31443005        1.11258379       -0.01708825        2.48000000        1.06597084
    42.90948605       60.38065005        1.11431554       -0.01915065        2.48000000        1.06402545
    42.94428525       60.44687006        1.11604483       -0.02121991        2.48000000        1.06208198
    42.97893979       60.51309006        1.11777165       -0.02329607        2.48000000        1.06014041
    43.01344894       60.57931007        1.11949598       -0.02537915        2.48000000        1.05820076
    43.04781196       60.64553007        1.12121781       -0.02746918        2.48000000        1.05626303
    43.08202809       60.71175008        1.12293715       -0.02956620        2.48000000        1.05432722
    43.11609658       60.77797008        1.12465397       -0.03167024        2.48000000        1.05239334
    43.15001667       60.84419009        1.12636826       -0.03378132        2.48000000        1.05046138
    43.18378760       60.91041009        1.12808003       -0.03589948        2.48000000        1.04853134
    43.21740860       60.97663010        1.12978925       -0.03802475        2.48000000        1.04660325
    43.25087887       61.04285010        1.13149592       -0.04015716        2.48000000        1.04467708
    43.28419766       61.10907011        1.13320003       -0.04229674        2.48000000        1.04275286
    43.31736415       61.17529011        1.13490157       -0.04444352        2.48000000        1.04083058
    43.35037755       61.24151012        1.13660053       -0.04659753        2.48000000        1.03891024
    43.38323707       61.30773012        1.13829690       -0.04875881        2.48000000        1.03699185
    43.41594189       61.37395013        1.13999067       -0.05092738        2.48000000        1.03507541
    43.44849120       61.44017014        1.14168183       -0.05310328        2.48000000        1.03316092
    43.48088417       61.50639014        1.14337037       -0.05528655        2.48000000        1.03124840
    43.51311998       61.57261015        1.14505628       -0.05747720        2.48000000        1.02933783
    43.54519778       61.63883015        1.14673955       -0.05967528        2.48000000        1.02742922
    43.57711675       61.70505016        1.14842017       -0.06188082        2.48000000        1.02552259
    43.60887602       61.77127016        1.15009814       -0.06409385        2.48000000        1.02361792
    43.64047475       61.83749017        1.15177344       -0.06631440        2.48000000        1.02171523
    43.67191208       61.90371017        1.15344606       -0.06854250        2.48000000        1.01981451
    43.70318712       61.96993018        1.15511600       -0.07077820        2.48000000        1.01791578
    43.73429902       62.03615018        1.15678324       -0.07302151        2.48000000        1.01601903
    43.76524688       62.10237019        1.15844778       -0.07527248        2.48000000        1.01412427
    43.79602982       62.16859019        1.16010960       -0.07753114        2.48000000        1.01223150
    43.82664693       62.23481020        1.16176869       -0.07979752        2.48000000        1.01034072
    43.85709733       62.30103020        1.16342505       -0.08207165        2.48000000        1.00845195
    43.88738008       62.36725021        1.16507867       -0.08435357        2.48000000        1.00656517
    43.91749428       62.43347021        1.16672954       -0.08664332        2.48000000        1.00468040
    43.94743901       62.49969022        1.16837764       -0.08894092        2.48000000        1.00279765
    43.97721332       62.56591022        1.17002297       -0.09124641        2.48000000        1.00091690
    44.00681628       62.63213023        1.17166552       -0.09355983        2.48000000        0.99903817
    44.03624694       62.69835024        1.17330528       -0.09588120        2.48000000        0.99716147
    44.06550434       62.76457024        1.17494223       -0.09821057        2.48000000        0.99528679
    44.09458752       62.83079025        1.17657638       -0.10054797        2.48000000        0.99341414
    44.12349551       62.89701025        1.17820771       -0.10289342        2.48000000        0.99154352
    44.15222734       62.96323026        1.17983621       -0.10524698        2.48000000        0.98967494
    44.18078201       63.02945026        1.18146186       -0.10760867        2.48000000        0.98780840
    44.20915853       63.09567027        1.18308468       -0.10997853        2.48000000        0.98594390
    44.23735590       63.16189027        1.18470463       -0.11235659        2.48000000        0.98408146
    44.26537311       63.22811028        1.18632172       -0.11474289        2.48000000        0.98222107
    44.29320914       63.29433028        1.18793593       -0.11713746        2.48000000        0.98036273
    44.32086297       63.36055029        1.18954725       -0.11954034        2.48000000        0.97850646
    44.34833355       63.42677029        1.19115568       -0.12195156        2.48000000        0.97665225
    44.37561985       63.49299030        1.19276121       -0.12437117        2.48000000        0.97480012
    44.40272082       63.55921030        1.19436382       -0.12679919        2.48000000        0.97295006
    44.42963539       63.62543031        1.19596351       -0.12923567        2.48000000        0.97110208
    44.45636250       63.69165031        1.19756026       -0.13168063        2.48000000        0.96925618
    44.48290107       63.75787032        1.19915407       -0.13413412        2.48000000        0.96741237
    44.50925002       63.82409032        1.20074493       -0.13659617        2.48000000        0.96557066
    44.53540825       63.89031033        1.20233283       -0.13906682        2.48000000        0.96373104
    44.56137466       63.95653034        1.20391776       -0.14154611        2.48000000        0.96189353
    44.58714813       64.02275034        1.20549971       -0.14403406        2.48000000        0.96005812
    44.61272755       64.08897035        1.20707867       -0.14653072        2.48000000        0.95822482
    44.63811179       64.15519035        1.20865463       -0.14903613        2.48000000        0.95639364
    44.66329970       64.22141036        1.21022758       -0.15155032        2.48000000        0.95456458
    44.68829014       64.28763036        1.21179752       -0.15407333        2.48000000        0.95273765
    44.71308195       64.35385037        1.21336443       -0.15660519        2.48000000        0.95091285
    44.73767397       64.42007037        1.21492830       -0.15914595        2.48000000        0.94909018
    44.76206501       64.48629038        1.21648912       -0.16169564        2.48000000        0.94726965
    44.78625389       64.55251038        1.21804690       -0.16425430        2.48000000        0.94545127
    44.81023943       64.61873039        1.21960160       -0.16682196        2.48000000        0.94363504
    44.83402040       64.68495039        1.22115324       -0.16939867        2.48000000        0.94182097
    44.85759560       64.75117040        1.22270179       -0.17198446        2.48000000        0.94000906
    44.88096380       64.81739040        1.22424725       -0.17457936        2.48000000        0.93819931
    44.90412377       64.88361041        1.22578961       -0.17718343        2.48000000        0.93639174
    44.92707426       64.94983041        1.22732885       -0.17979669        2.48000000        0.93458634
    44.94981401       65.01605042        1.22886498       -0.18241918        2.48000000        0.93278312
    44.97234177       65.08227042        1.23039797       -0.18505095        2.48000000        0.93098210
    44.99465626       65.14849043        1.23192783       -0.18769202        2.48000000        0.92918326
    45.01675619       65.21471044        1.23345454       -0.19034245        2.48000000        0.92738662
    45.03864026       65.28093044        1.23497809       -0.19300226        2.48000000        0.92559219
    45.06030717       65.34715045        1.23649848       -0.19567149        2.48000000        0.92379997
    45.08175560       65.41337045        1.23801569       -0.19835019        2.48000000        0.92200996
    45.10298423       65.47959046        1.23952971       -0.20103839        2.48000000        0.92022218
    45.12399170       65.54581046        1.24104054       -0.20373613        2.48000000        0.91843662
    45.14477668       65.61203047        1.24254816       -0.20644346        2.48000000        0.91665329
    45.16533780       65.67825047        1.24405257       -0.20916040        2.48000000        0.91487220
    45.18567369       65.74447048        1.24555376       -0.21188699        2.48000000        0.91309336
    45.20578296       65.81069048        1.24705172       -0.21462329        2.48000000        0.91131676
    45.22566423       65.87691049        1.24854643       -0.21736932        2.48000000        0.90954242
    45.24531608       65.94313049        1.25003790       -0.22012512        2.48000000        0.90777035
    45.26473709       66.00935050        1.25152610       -0.22289074        2.48000000        0.90600054
    45.28392584       66.07557050        1.25301104       -0.22566620        2.48000000        0.90423300
    45.30288089       66.14179051        1.25449269       -0.22845156        2.48000000        0.90246775
    45.32160078       66.20801051        1.25597106       -0.23124685        2.48000000        0.90070479
    45.34008404       66.27423052        1.25744613       -0.23405211        2.48000000        0.89894411
    45.35832921       66.34045053        1.25891790       -0.23686738        2.48000000        0.89718574
    45.37633478       66.40667053        1.26038635       -0.23969270        2.48000000        0.89542967
    45.39409927       66.47289054        1.26185147       -0.24252810        2.48000000        0.89367592
    45.41162114       66.53911054        1.26331326       -0.24537363        2.48000000        0.89192448
    45.42889888       66.60533055        1.26477171       -0.24822932        2.48000000        0.89017537
    45.44593096       66.67155055        1.26622680       -0.25109522        2.48000000        0.88842859
    45.46271580       66.73777056        1.26767854       -0.25397136        2.48000000        0.88668415
    45.47925186       66.80399056        1.26912690       -0.25685779        2.48000000        0.88494206
    45.49553755       66.87021057        1.27057188       -0.25975453        2.48000000        0.88320231
    45.51157128       66.93643057        1.27201346       -0.26266164        2.48000000        0.88146493
    45.52735144       67.00265058        1.27345165       -0.26557915        2.48000000        0.87972992
    45.54287643       67.06887058        1.27488644       -0.26850710        2.48000000        0.87799727
    45.55814461       67.13509059        1.27631780       -0.27144553        2.48000000        0.87626701
    45.57315433       67.20131059        1.27774574       -0.27439447        2.48000000        0.87453913
    45.58790393       67.26753060        1.27917023       -0.27735397        2.48000000        0.87281365
    45.60239175       67.33375060        1.28059129       -0.28032407        2.48000000        0.87109057
    45.61661610       67.39997061        1.28200889       -0.28330480        2.48000000        0.86936990
    45.63057528       67.46619061        1.28342302       -0.28629620        2.48000000        0.86765165
    45.64426756       67.53241062        1.28483368       -0.28929831        2.48000000        0.86593581
    45.65769124       67.59863063        1.28624086       -0.29231118        2.48000000        0.86422241
    45.67084455       67.66485063        1.28764454       -0.29533483        2.48000000        0.86251145
    45.68372576       67.73107064        1.28904472       -0.29836931        2.48000000        0.86080294
    45.69633307       67.79729064        1.29044139       -0.30141466        2.48000000        0.85909688
    45.70866471       67.86351065        1.29183454       -0.30447091        2.48000000        0.85739327
    45.72071887       67.92973065        1.29322416       -0.30753811        2.48000000        0.85569214
    45.73249374       67.99595066        1.29461024       -0.31061628        2.48000000        0.85399349
    45.74398748       68.06217066        1.29599277       -0.31370547        2.48000000        0.85229732
    45.75519824       68.12839067        1.29737175       -0.31680572        2.48000000        0.85060364
    45.76612417       68.19461067        1.29874715       -0.31991706        2.48000000        0.84891247
    45.77676339       68.26083068        1.30011898       -0.32303953        2.48000000        0.84722380
    45.78711399       68.32705068        1.30148722       -0.32617317        2.48000000        0.84553765
    45.79717407       68.39327069        1.30285187       -0.32931802        2.48000000        0.84385403
    45.80694171       68.45949069        1.30421291       -0.33247411        2.48000000        0.84217294
    45.81641495       68.52571070        1.30557034       -0.33564147        2.48000000        0.84049439
    45.82559184       68.59193070        1.30692414       -0.33882016        2.48000000        0.83881839
    45.83447041       68.65815071        1.30827431       -0.34201019        2.48000000        0.83714495
    45.84304866       68.72437071        1.30962084       -0.34521162        2.48000000        0.83547408
    45.85132458       68.79059072        1.31096371       -0.34842447        2.48000000        0.83380578
    45.85929615       68.85681073        1.31230292       -0.35164878        2.48000000        0.83214007
    45.86696132       68.92303073        1.31363846       -0.35488458        2.48000000        0.83047695
    45.87431804       68.98925074        1.31497032       -0.35813192        2.48000000        0.82881644
    45.88136422       69.05547074        1.31629849       -0.36139082        2.48000000        0.82715853
    45.88809777       69.12169075        1.31762296       -0.36466132        2.48000000        0.82550325
    45.89451658       69.18791075        1.31894372       -0.36794346        2.48000000        0.82385059
    45.90061851       69.25413076        1.32026076       -0.37123726        2.48000000        0.82220058
    45.90640142       69.32035076        1.32157407       -0.37454277        2.48000000        0.82055321
    45.91186315       69.38657077        1.32288365       -0.37786002        2.48000000        0.81890849
    45.91700149       69.45279077        1.32418947       -0.38118903        2.48000000        0.81726644
    45.92181425       69.51901078        1.32549154       -0.38452985        2.48000000        0.81562707
    45.92629921       69.58523078        1.32678985       -0.38788251        2.48000000        0.81399038
    45.93045413       69.65145079        1.32808437       -0.39124703        2.48000000        0.81235639
    45.93427675       69.71767079        1.32937511       -0.39462344        2.48000000        0.81072510
    45.93776477       69.78389080        1.33066205       -0.39801179        2.48000000        0.80909653
    45.94091592       69.85011080        1.33194519       -0.40141210        2.48000000        0.80747067
    45.94372786       69.91633081        1.33322451       -0.40482440        2.48000000        0.80584755
    45.94619826       69.98255081        1.33450001       -0.40824872        2.48000000        0.80422718
    45.94832476       70.04877082        1.33577167       -0.41168510        2.48000000        0.80260955
    45.95010498       70.11499083        1.33703948       -0.41513355        2.48000000        0.80099469
    45.95153653       70.18121083        1.33830345       -0.41859411        2.48000000        0.79938260
    45.95261698       70.24743084        1.33956355       -0.42206681        2.48000000        0.79777330
    45.95334390       70.31365084        1.34081977       -0.42555167        2.48000000        0.79616679
    45.95371483       70.37987085        1.34207211       -0.42904872        2.48000000        0.79456308
    45.95372728       70.44609085        1.34332055       -0.43255799        2.48000000        0.79296219
