#  Theta paroi en deg Angle Choc en deg       Kp           Inverse Mach       Mach amont       Mach aval
     0.00000000       32.92073453        0.00000000        0.45652174        1.84000000
     2.06889939       32.92244691        0.00811970        0.45282909        1.84000000        1.83992988
     2.47159382       32.92484283        0.01097324        0.45153498        1.84000000        1.83983177
     2.91545077       32.92928937        0.01448437        0.44994513        1.84000000        1.83964973
     3.39950690       32.93715363        0.01871806        0.44803164        1.84000000        1.83932785
     3.90146902       32.94980267        0.02352314        0.44586444        1.84000000        1.83881035
     4.40774874       32.96860360        0.02877044        0.44350309        1.84000000        1.83804169
     4.91249237       32.99492348        0.03438046        0.44098439        1.84000000        1.83696667
     5.41396566       33.03012941        0.04031057        0.43832828        1.84000000        1.83553057
     5.91238751       33.07558846        0.04654199        0.43554384        1.84000000        1.83367942
     6.40885898       33.13266773        0.05307137        0.43263315        1.84000000        1.83136010
     6.81982936       33.18974699        0.05871241        0.43012385        1.84000000        1.82904635
     7.17525015       33.24682626        0.06375936        0.42788281        1.84000000        1.82673811
     7.49131536       33.30390552        0.06837627        0.42583585        1.84000000        1.82443534
     7.77785516       33.36098479        0.07266516        0.42393689        1.84000000        1.82213800
     8.04132215       33.41806405        0.07669431        0.42215506        1.84000000        1.81984605
     8.28619861       33.47514332        0.08051195        0.42046859        1.84000000        1.81755943
     8.51573516       33.53222259        0.08415355        0.41886145        1.84000000        1.81527812
     8.73237024       33.58930185        0.08764606        0.41732148        1.84000000        1.81300206
     8.93798381       33.64638112        0.09101046        0.41583921        1.84000000        1.81073122
     9.13405825       33.70346038        0.09426348        0.41440707        1.84000000        1.80846555
     9.32178483       33.76053965        0.09741868        0.41301896        1.84000000        1.80620502
     9.50213642       33.81761891        0.10048722        0.41166982        1.84000000        1.80394958
     9.67591864       33.87469818        0.10347840        0.41035547        1.84000000        1.80169919
     9.84380677       33.93177744        0.10640007        0.40907234        1.84000000        1.79945382
    10.00637287       33.98885671        0.10925892        0.40781742        1.84000000        1.79721342
    10.16410612       34.04593597        0.11206071        0.40658810        1.84000000        1.79497796
    10.31742842       34.10301524        0.11481043        0.40538213        1.84000000        1.79274740
    10.46670635       34.16009451        0.11751244        0.40419753        1.84000000        1.79052170
    10.61226062       34.21717377        0.12017055        0.40303258        1.84000000        1.78830082
    10.75437356       34.27425304        0.12278814        0.40188574        1.84000000        1.78608472
    10.89329508       34.33133230        0.12536824        0.40075565        1.84000000        1.78387338
    11.02924761       34.38841157        0.12791351        0.39964110        1.84000000        1.78166675
    11.16242995       34.44549083        0.13042636        0.39854098        1.84000000        1.77946480
    11.29302066       34.50257010        0.13290897        0.39745432        1.84000000        1.77726749
    11.42118072       34.55964936        0.13536328        0.39638023        1.84000000        1.77507479
    11.54705581       34.61672863        0.13779108        0.39531789        1.84000000        1.77288666
    11.67077822       34.67380789        0.14019399        0.39426656        1.84000000        1.77070307
    11.79246851       34.73088716        0.14257348        0.39322558        1.84000000        1.76852399
    11.91223680       34.78796643        0.14493091        0.39219432        1.84000000        1.76634937
    12.03018406       34.84504569        0.14726751        0.39117222        1.84000000        1.76417919
    12.14640305       34.90212496        0.14958444        0.39015876        1.84000000        1.76201342
    12.26097921       34.95920422        0.15188274        0.38915344        1.84000000        1.75985202
    12.37399145       35.01628349        0.15416339        0.38815583        1.84000000        1.75769495
    12.48551280       35.07336275        0.15642730        0.38716550        1.84000000        1.75554220
    12.59561097       35.13044202        0.15867530        0.38618207        1.84000000        1.75339372
    12.70434889       35.18752128        0.16090817        0.38520518        1.84000000        1.75124949
    12.81178515       35.24460055        0.16312665        0.38423449        1.84000000        1.74910947
    12.91797438       35.30167981        0.16533140        0.38326969        1.84000000        1.74697363
    13.02296764       35.35875908        0.16752307        0.38231049        1.84000000        1.74484195
    13.12681270       35.41583835        0.16970225        0.38135660        1.84000000        1.74271439
    13.22955433       35.47291761        0.17186949        0.38040777        1.84000000        1.74059092
    13.33123455       35.52999688        0.17402531        0.37946376        1.84000000        1.73847151
    13.43189287       35.58707614        0.17617022        0.37852433        1.84000000        1.73635614
    13.53156646       35.64415541        0.17830467        0.37758926        1.84000000        1.73424478
    13.63029035       35.70123467        0.18042909        0.37665836        1.84000000        1.73213739
    13.72809762       35.75831394        0.18254391        0.37573142        1.84000000        1.73003396
    13.82501949       35.81539320        0.18464950        0.37480827        1.84000000        1.72793444
    13.92108549       35.87247247        0.18674624        0.37388872        1.84000000        1.72583882
    14.01632360       35.92955173        0.18883447        0.37297262        1.84000000        1.72374706
    14.11076032       35.98663100        0.19091453        0.37205981        1.84000000        1.72165914
    14.20442080       36.04371027        0.19298671        0.37115013        1.84000000        1.71957504
    14.29732894       36.10078953        0.19505133        0.37024345        1.84000000        1.71749472
    14.38950741       36.15786880        0.19710866        0.36933963        1.84000000        1.71541816
    14.48097783       36.21494806        0.19915898        0.36843853        1.84000000        1.71334533
    14.57176077       36.27202733        0.20120252        0.36754005        1.84000000        1.71127621
    14.66187583       36.32910659        0.20323955        0.36664405        1.84000000        1.70921078
    14.75134170       36.38618586        0.20527028        0.36575043        1.84000000        1.70714900
    14.84017623       36.44326512        0.20729495        0.36485908        1.84000000        1.70509085
    14.92839648       36.50034439        0.20931375        0.36396989        1.84000000        1.70303631
    15.01601874       36.55742366        0.21132689        0.36308276        1.84000000        1.70098535
    15.10305859       36.61450292        0.21333456        0.36219761        1.84000000        1.69893795
    15.18953097       36.67158219        0.21533695        0.36131433        1.84000000        1.69689408
    15.27545019       36.72866145        0.21733423        0.36043285        1.84000000        1.69485373
    15.36082993       36.78574072        0.21932656        0.35955307        1.84000000        1.69281686
    15.44568336       36.84281998        0.22131411        0.35867492        1.84000000        1.69078346
    15.53002309       36.89989925        0.22329704        0.35779832        1.84000000        1.68875349
    15.61386123       36.95697851        0.22527549        0.35692319        1.84000000        1.68672695
    15.69720943       37.01405778        0.22724959        0.35604946        1.84000000        1.68470379
    15.78007888       37.07113704        0.22921950        0.35517706        1.84000000        1.68268402
    15.86248034       37.12821631        0.23118533        0.35430593        1.84000000        1.68066759
    15.94442418       37.18529558        0.23314721        0.35343599        1.84000000        1.67865449
    16.02592038       37.24237484        0.23510526        0.35256719        1.84000000        1.67664470
    16.10697854       37.29945411        0.23705960        0.35169946        1.84000000        1.67463819
    16.18760792       37.35653337        0.23901034        0.35083275        1.84000000        1.67263495
    16.26781746       37.41361264        0.24095759        0.34996700        1.84000000        1.67063495
    16.34761578       37.47069190        0.24290144        0.34910216        1.84000000        1.66863818
    16.42701120       37.52777117        0.24484201        0.34823816        1.84000000        1.66664460
    16.50601174       37.58485043        0.24677937        0.34737497        1.84000000        1.66465421
    16.58462517       37.64192970        0.24871363        0.34651252        1.84000000        1.66266697
    16.66285897       37.69900896        0.25064487        0.34565078        1.84000000        1.66068288
    16.74072039       37.75608823        0.25257317        0.34478969        1.84000000        1.65870191
    16.81821645       37.81316750        0.25449863        0.34392921        1.84000000        1.65672404
    16.89535392       37.87024676        0.25642132        0.34306930        1.84000000        1.65474925
    16.97213937       37.92732603        0.25834131        0.34220990        1.84000000        1.65277752
    17.04857915       37.98440529        0.26025868        0.34135099        1.84000000        1.65080883
    17.12467942       38.04148456        0.26217350        0.34049251        1.84000000        1.64884317
    17.20044613       38.09856382        0.26408584        0.33963444        1.84000000        1.64688052
    17.27588508       38.15564309        0.26599577        0.33877673        1.84000000        1.64492085
    17.35100185       38.21272235        0.26790334        0.33791934        1.84000000        1.64296415
    17.42580187       38.26980162        0.26980862        0.33706223        1.84000000        1.64101040
    17.50029045       38.32688088        0.27171168        0.33620538        1.84000000        1.63905958
    17.57447266       38.38396015        0.27361257        0.33534875        1.84000000        1.63711168
    17.64835350       38.44103942        0.27551133        0.33449230        1.84000000        1.63516667
    17.72193777       38.49811868        0.27740804        0.33363600        1.84000000        1.63322454
    17.79523016       38.55519795        0.27930274        0.33277982        1.84000000        1.63128528
    17.86823522       38.61227721        0.28119548        0.33192372        1.84000000        1.62934885
    17.94095738       38.66935648        0.28308631        0.33106768        1.84000000        1.62741526
    18.01340093       38.72643574        0.28497528        0.33021167        1.84000000        1.62548448
    18.08557005       38.78351501        0.28686243        0.32935566        1.84000000        1.62355649
    18.15746881       38.84059427        0.28874781        0.32849961        1.84000000        1.62163128
    18.22910117       38.89767354        0.29063146        0.32764351        1.84000000        1.61970882
    18.30047096       38.95475280        0.29251342        0.32678732        1.84000000        1.61778912
    18.37158194       39.01183207        0.29439374        0.32593101        1.84000000        1.61587214
    18.44243775       39.06891134        0.29627245        0.32507457        1.84000000        1.61395788
    18.51304194       39.12599060        0.29814958        0.32421797        1.84000000        1.61204631
    18.58339798       39.18306987        0.30002518        0.32336117        1.84000000        1.61013742
    18.65350922       39.24014913        0.30189928        0.32250416        1.84000000        1.60823121
    18.72337896       39.29722840        0.30377192        0.32164691        1.84000000        1.60632764
    18.79301039       39.35430766        0.30564312        0.32078940        1.84000000        1.60442670
    18.86240663       39.41138693        0.30751293        0.31993161        1.84000000        1.60252839
    18.93157073       39.46846619        0.30938137        0.31907351        1.84000000        1.60063269
    19.00050565       39.52554546        0.31124847        0.31821508        1.84000000        1.59873957
    19.06921429       39.58262473        0.31311426        0.31735630        1.84000000        1.59684903
    19.13769945       39.63970399        0.31497877        0.31649714        1.84000000        1.59496105
    19.20596391       39.69678326        0.31684202        0.31563760        1.84000000        1.59307563
    19.27401033       39.75386252        0.31870405        0.31477764        1.84000000        1.59119273
    19.34184136       39.81094179        0.32056488        0.31391725        1.84000000        1.58931235
    19.40945956       39.86802105        0.32242454        0.31305640        1.84000000        1.58743448
    19.47686741       39.92510032        0.32428304        0.31219508        1.84000000        1.58555911
    19.54406737       39.98217958        0.32614042        0.31133327        1.84000000        1.58368621
    19.61106182       40.03925885        0.32799669        0.31047094        1.84000000        1.58181577
    19.67785310       40.09633811        0.32985188        0.30960809        1.84000000        1.57994779
    19.74444346       40.15341738        0.33170600        0.30874469        1.84000000        1.57808224
    19.81083517       40.21049665        0.33355909        0.30788073        1.84000000        1.57621912
    19.87703037       40.26757591        0.33541116        0.30701618        1.84000000        1.57435841
    19.94303120       40.32465518        0.33726222        0.30615103        1.84000000        1.57250010
    20.00883973       40.38173444        0.33911231        0.30528526        1.84000000        1.57064418
    20.07445802       40.43881371        0.34096143        0.30441886        1.84000000        1.56879063
    20.13988802       40.49589297        0.34280960        0.30355181        1.84000000        1.56693944
    20.20513171       40.55297224        0.34465684        0.30268409        1.84000000        1.56509060
    20.27019097       40.61005150        0.34650318        0.30181569        1.84000000        1.56324410
    20.33506768       40.66713077        0.34834861        0.30094659        1.84000000        1.56139992
    20.39976365       40.72421003        0.35019317        0.30007678        1.84000000        1.55955806
    20.46428066       40.78128930        0.35203686        0.29920623        1.84000000        1.55771849
    20.52862046       40.83836857        0.35387970        0.29833494        1.84000000        1.55588121
    20.59278476       40.89544783        0.35572171        0.29746289        1.84000000        1.55404621
    20.65677524       40.95252710        0.35756289        0.29659007        1.84000000        1.55221348
    20.72059351       41.00960636        0.35940326        0.29571646        1.84000000        1.55038300
    20.78424121       41.06668563        0.36124284        0.29484204        1.84000000        1.54855476
    20.84771988       41.12376489        0.36308163        0.29396681        1.84000000        1.54672876
    20.91103108       41.18084416        0.36491965        0.29309074        1.84000000        1.54490497
    20.97417630       41.23792342        0.36675691        0.29221383        1.84000000        1.54308339
    21.03715703       41.29500269        0.36859342        0.29133606        1.84000000        1.54126401
    21.09997470       41.35208195        0.37042920        0.29045742        1.84000000        1.53944682
    21.16263075       41.40916122        0.37226424        0.28957789        1.84000000        1.53763180
    21.22512654       41.46624049        0.37409857        0.28869746        1.84000000        1.53581895
    21.28746345       41.52331975        0.37593219        0.28781612        1.84000000        1.53400826
    21.34964281       41.58039902        0.37776512        0.28693386        1.84000000        1.53219971
    21.41166593       41.63747828        0.37959735        0.28605065        1.84000000        1.53039329
    21.47353408       41.69455755        0.38142891        0.28516650        1.84000000        1.52858900
    21.53524854       41.75163681        0.38325979        0.28428138        1.84000000        1.52678683
    21.59681052       41.80871608        0.38509001        0.28339529        1.84000000        1.52498676
    21.65822124       41.86579534        0.38691958        0.28250822        1.84000000        1.52318878
    21.71948187       41.92287461        0.38874850        0.28162014        1.84000000        1.52139288
    21.78059359       41.97995387        0.39057677        0.28073105        1.84000000        1.51959906
    21.84155754       42.03703314        0.39240442        0.27984094        1.84000000        1.51780731
    21.90237482       42.09411241        0.39423144        0.27894980        1.84000000        1.51601761
    21.96304654       42.15119167        0.39605784        0.27805760        1.84000000        1.51422996
    22.02357377       42.20827094        0.39788362        0.27716436        1.84000000        1.51244434
    22.08395757       42.26535020        0.39970880        0.27627004        1.84000000        1.51066075
    22.14419898       42.32242947        0.40153338        0.27537464        1.84000000        1.50887918
    22.20429901       42.37950873        0.40335736        0.27447815        1.84000000        1.50709962
    22.26425865       42.43658800        0.40518075        0.27358056        1.84000000        1.50532205
    22.32407889       42.49366726        0.40700356        0.27268185        1.84000000        1.50354648
    22.38376068       42.55074653        0.40882578        0.27178202        1.84000000        1.50177289
    22.44330498       42.60782580        0.41064743        0.27088106        1.84000000        1.50000127
    22.50271270       42.66490506        0.41246851        0.26997895        1.84000000        1.49823162
    22.56198475       42.72198433        0.41428902        0.26907568        1.84000000        1.49646392
    22.62112203       42.77906359        0.41610897        0.26817125        1.84000000        1.49469817
    22.68012540       42.83614286        0.41792835        0.26726564        1.84000000        1.49293436
    22.73899574       42.89322212        0.41974719        0.26635884        1.84000000        1.49117248
    22.79773387       42.95030139        0.42156547        0.26545084        1.84000000        1.48941252
    22.85634063       43.00738065        0.42338320        0.26454164        1.84000000        1.48765448
    22.91481684       43.06445992        0.42520039        0.26363122        1.84000000        1.48589834
    22.97316329       43.12153918        0.42701703        0.26271957        1.84000000        1.48414410
    23.03138076       43.17861845        0.42883314        0.26180668        1.84000000        1.48239175
    23.08947002       43.23569772        0.43064870        0.26089254        1.84000000        1.48064128
    23.14743184       43.29277698        0.43246373        0.25997715        1.84000000        1.47889268
    23.20526695       43.34985625        0.43427823        0.25906049        1.84000000        1.47714595
    23.26297607       43.40693551        0.43609220        0.25814255        1.84000000        1.47540108
    23.32055994       43.46401478        0.43790564        0.25722332        1.84000000        1.47365806
    23.37801925       43.52109404        0.43971856        0.25630280        1.84000000        1.47191689
    23.43535469       43.57817331        0.44153094        0.25538097        1.84000000        1.47017755
    23.49256693       43.63525257        0.44334281        0.25445783        1.84000000        1.46844003
    23.54965665       43.69233184        0.44515415        0.25353336        1.84000000        1.46670434
    23.60662450       43.74941110        0.44696497        0.25260756        1.84000000        1.46497047
    23.66347112       43.80649037        0.44877527        0.25168042        1.84000000        1.46323840
    23.72019715       43.86356964        0.45058506        0.25075192        1.84000000        1.46150813
    23.77680320       43.92064890        0.45239432        0.24982206        1.84000000        1.45977965
    23.83328989       43.97772817        0.45420307        0.24889083        1.84000000        1.45805296
    23.88965779       44.03480743        0.45601130        0.24795822        1.84000000        1.45632804
    23.94590752       44.09188670        0.45781901        0.24702422        1.84000000        1.45460490
    24.00203965       44.14896596        0.45962621        0.24608882        1.84000000        1.45288353
    24.05805473       44.20604523        0.46143289        0.24515202        1.84000000        1.45116391
    24.11395334       44.26312449        0.46323906        0.24421380        1.84000000        1.44944604
    24.16973602       44.32020376        0.46504471        0.24327415        1.84000000        1.44772992
    24.22540329       44.37728302        0.46684984        0.24233307        1.84000000        1.44601554
    24.28095569       44.43436229        0.46865446        0.24139055        1.84000000        1.44430289
    24.33639375       44.49144156        0.47045856        0.24044658        1.84000000        1.44259197
    24.39171796       44.54852082        0.47226215        0.23950115        1.84000000        1.44088276
    24.44692883       44.60560009        0.47406522        0.23855425        1.84000000        1.43917527
    24.50202685       44.66267935        0.47586777        0.23760587        1.84000000        1.43746949
    24.55701251       44.71975862        0.47766980        0.23665601        1.84000000        1.43576540
    24.61188626       44.77683788        0.47947131        0.23570465        1.84000000        1.43406301
    24.66664860       44.83391715        0.48127230        0.23475179        1.84000000        1.43236232
    24.72129996       44.89099641        0.48307277        0.23379742        1.84000000        1.43066330
    24.77584079       44.94807568        0.48487271        0.23284153        1.84000000        1.42896596
    24.83027154       45.00515494        0.48667213        0.23188412        1.84000000        1.42727029
    24.88459265       45.06223421        0.48847103        0.23092516        1.84000000        1.42557629
    24.93880453       45.11931348        0.49026940        0.22996466        1.84000000        1.42388395
    24.99290761       45.17639274        0.49206724        0.22900261        1.84000000        1.42219326
    25.04690229       45.23347201        0.49386455        0.22803900        1.84000000        1.42050421
    25.10078897       45.29055127        0.49566133        0.22707381        1.84000000        1.41881682
    25.15456805       45.34763054        0.49745758        0.22610705        1.84000000        1.41713106
    25.20823993       45.40470980        0.49925329        0.22513870        1.84000000        1.41544693
    25.26180497       45.46178907        0.50104847        0.22416876        1.84000000        1.41376442
    25.31526356       45.51886833        0.50284311        0.22319722        1.84000000        1.41208354
    25.36861605       45.57594760        0.50463720        0.22222406        1.84000000        1.41040428
    25.42186282       45.63302687        0.50643076        0.22124929        1.84000000        1.40872662
    25.47500421       45.69010613        0.50822376        0.22027289        1.84000000        1.40705057
    25.52804057       45.74718540        0.51001622        0.21929485        1.84000000        1.40537612
    25.58097225       45.80426466        0.51180814        0.21831517        1.84000000        1.40370327
    25.63379956       45.86134393        0.51359950        0.21733384        1.84000000        1.40203201
    25.68652285       45.91842319        0.51539030        0.21635085        1.84000000        1.40036233
    25.73914244       45.97550246        0.51718055        0.21536620        1.84000000        1.39869423
    25.79165863       46.03258172        0.51897024        0.21437986        1.84000000        1.39702771
    25.84407174       46.08966099        0.52075937        0.21339185        1.84000000        1.39536275
    25.89638208       46.14674025        0.52254793        0.21240214        1.84000000        1.39369937
    25.94858993       46.20381952        0.52433592        0.21141074        1.84000000        1.39203754
    26.00069559       46.26089879        0.52612335        0.21041763        1.84000000        1.39037727
    26.05269936       46.31797805        0.52791020        0.20942280        1.84000000        1.38871856
    26.10460150       46.37505732        0.52969648        0.20842625        1.84000000        1.38706139
    26.15640229       46.43213658        0.53148217        0.20742797        1.84000000        1.38540576
    26.20810200       46.48921585        0.53326729        0.20642795        1.84000000        1.38375167
    26.25970090       46.54629511        0.53505182        0.20542618        1.84000000        1.38209912
    26.31119924       46.60337438        0.53683576        0.20442266        1.84000000        1.38044809
    26.36259728       46.66045364        0.53861911        0.20341738        1.84000000        1.37879859
    26.41389526       46.71753291        0.54040186        0.20241033        1.84000000        1.37715061
    26.46509344       46.77461217        0.54218402        0.20140150        1.84000000        1.37550415
    26.51619203       46.83169144        0.54396557        0.20039089        1.84000000        1.37385920
    26.56719129       46.88877071        0.54574652        0.19937848        1.84000000        1.37221576
    26.61809143       46.94584997        0.54752687        0.19836427        1.84000000        1.37057382
    26.66889268       47.00292924        0.54930660        0.19734825        1.84000000        1.36893338
    26.71959527       47.06000850        0.55108571        0.19633042        1.84000000        1.36729444
    26.77019939       47.11708777        0.55286421        0.19531076        1.84000000        1.36565699
    26.82070526       47.17416703        0.55464208        0.19428927        1.84000000        1.36402103
    26.87111308       47.23124630        0.55641933        0.19326594        1.84000000        1.36238655
    26.92142306       47.28832556        0.55819594        0.19224076        1.84000000        1.36075355
    26.97163539       47.34540483        0.55997193        0.19121372        1.84000000        1.35912203
    27.02175025       47.40248409        0.56174727        0.19018483        1.84000000        1.35749199
    27.07176784       47.45956336        0.56352198        0.18915406        1.84000000        1.35586341
    27.12168834       47.51664263        0.56529604        0.18812142        1.84000000        1.35423629
    27.17151192       47.57372189        0.56706945        0.18708688        1.84000000        1.35261064
    27.22123876       47.63080116        0.56884220        0.18605046        1.84000000        1.35098645
    27.27086901       47.68788042        0.57061430        0.18501213        1.84000000        1.34936371
    27.32040287       47.74495969        0.57238574        0.18397190        1.84000000        1.34774242
    27.36984047       47.80203895        0.57415652        0.18292974        1.84000000        1.34612258
    27.41918197       47.85911822        0.57592662        0.18188567        1.84000000        1.34450418
    27.46842754       47.91619748        0.57769605        0.18083966        1.84000000        1.34288722
    27.51757731       47.97327675        0.57946480        0.17979171        1.84000000        1.34127170
    27.56663143       48.03035601        0.58123287        0.17874181        1.84000000        1.33965762
    27.61559004       48.08743528        0.58300026        0.17768996        1.84000000        1.33804496
    27.66445328       48.14451455        0.58476695        0.17663615        1.84000000        1.33643374
    27.71322128       48.20159381        0.58653295        0.17558037        1.84000000        1.33482393
    27.76189417       48.25867308        0.58829825        0.17452260        1.84000000        1.33321555
    27.81047207       48.31575234        0.59006285        0.17346286        1.84000000        1.33160859
    27.85895511       48.37283161        0.59182674        0.17240112        1.84000000        1.33000304
    27.90734340       48.42991087        0.59358991        0.17133737        1.84000000        1.32839890
    27.95563705       48.48699014        0.59535237        0.17027162        1.84000000        1.32679617
    28.00383618       48.54406940        0.59711411        0.16920386        1.84000000        1.32519485
    28.05194089       48.60114867        0.59887512        0.16813407        1.84000000        1.32359492
    28.09995129       48.65822794        0.60063540        0.16706224        1.84000000        1.32199640
    28.14786747       48.71530720        0.60239495        0.16598838        1.84000000        1.32039928
    28.19568954       48.77238647        0.60415375        0.16491247        1.84000000        1.31880355
    28.24341757       48.82946573        0.60591181        0.16383451        1.84000000        1.31720921
    28.29105167       48.88654500        0.60766912        0.16275449        1.84000000        1.31561626
    28.33859192       48.94362426        0.60942568        0.16167239        1.84000000        1.31402469
    28.38603840       49.00070353        0.61118148        0.16058822        1.84000000        1.31243451
    28.43339119       49.05778279        0.61293652        0.15950196        1.84000000        1.31084571
    28.48065036       49.11486206        0.61469078        0.15841361        1.84000000        1.30925828
    28.52781599       49.17194132        0.61644428        0.15732316        1.84000000        1.30767223
    28.57488814       49.22902059        0.61819700        0.15623061        1.84000000        1.30608756
    28.62186689       49.28609986        0.61994893        0.15513593        1.84000000        1.30450425
    28.66875229       49.34317912        0.62170008        0.15403913        1.84000000        1.30292231
    28.71554441       49.40025839        0.62345043        0.15294021        1.84000000        1.30134173
    28.76224330       49.45733765        0.62519999        0.15183914        1.84000000        1.29976252
    28.80884901       49.51441692        0.62694874        0.15073593        1.84000000        1.29818467
    28.85536159       49.57149618        0.62869669        0.14963056        1.84000000        1.29660817
    28.90178109       49.62857545        0.63044382        0.14852303        1.84000000        1.29503303
    28.94810756       49.68565471        0.63219014        0.14741333        1.84000000        1.29345925
    28.99434104       49.74273398        0.63393563        0.14630145        1.84000000        1.29188681
    29.04048155       49.79981324        0.63568030        0.14518739        1.84000000        1.29031572
    29.08652915       49.85689251        0.63742413        0.14407114        1.84000000        1.28874598
    29.13248385       49.91397178        0.63916713        0.14295269        1.84000000        1.28717758
    29.17834569       49.97105104        0.64090928        0.14183203        1.84000000        1.28561053
    29.22411469       50.02813031        0.64265058        0.14070915        1.84000000        1.28404481
    29.26979089       50.08520957        0.64439104        0.13958405        1.84000000        1.28248043
    29.31537428       50.14228884        0.64613063        0.13845672        1.84000000        1.28091739
    29.36086491       50.19936810        0.64786936        0.13732715        1.84000000        1.27935568
    29.40626277       50.25644737        0.64960722        0.13619533        1.84000000        1.27779530
    29.45156788       50.31352663        0.65134420        0.13506126        1.84000000        1.27623625
    29.49678026       50.37060590        0.65308031        0.13392493        1.84000000        1.27467853
    29.54189990       50.42768516        0.65481553        0.13278632        1.84000000        1.27312214
    29.58692680       50.48476443        0.65654987        0.13164544        1.84000000        1.27156706
    29.63186097       50.54184370        0.65828330        0.13050228        1.84000000        1.27001331
    29.67670242       50.59892296        0.66001584        0.12935682        1.84000000        1.26846088
    29.72145112       50.65600223        0.66174747        0.12820906        1.84000000        1.26690977
    29.76610707       50.71308149        0.66347819        0.12705899        1.84000000        1.26535997
    29.81067027       50.77016076        0.66520799        0.12590660        1.84000000        1.26381149
    29.85514070       50.82724002        0.66693687        0.12475189        1.84000000        1.26226432
    29.89951834       50.88431929        0.66866482        0.12359485        1.84000000        1.26071847
    29.94380318       50.94139855        0.67039184        0.12243547        1.84000000        1.25917392
    29.98799519       50.99847782        0.67211792        0.12127374        1.84000000        1.25763068
    30.03209435       51.05555708        0.67384306        0.12010966        1.84000000        1.25608874
    30.07610063       51.11263635        0.67556725        0.11894321        1.84000000        1.25454811
    30.12001401       51.16971562        0.67729048        0.11777439        1.84000000        1.25300879
    30.16383444       51.22679488        0.67901275        0.11660319        1.84000000        1.25147076
    30.20756191       51.28387415        0.68073406        0.11542960        1.84000000        1.24993404
    30.25119637       51.34095341        0.68245439        0.11425362        1.84000000        1.24839861
    30.29473779       51.39803268        0.68417375        0.11307524        1.84000000        1.24686448
    30.33818611       51.45511194        0.68589212        0.11189444        1.84000000        1.24533165
    30.38154130       51.51219121        0.68760951        0.11071123        1.84000000        1.24380011
    30.42480331       51.56927047        0.68932590        0.10952559        1.84000000        1.24226986
    30.46797208       51.62634974        0.69104130        0.10833752        1.84000000        1.24074091
    30.51104758       51.68342901        0.69275569        0.10714700        1.84000000        1.23921324
    30.55402973       51.74050827        0.69446906        0.10595403        1.84000000        1.23768687
    30.59691850       51.79758754        0.69618143        0.10475861        1.84000000        1.23616178
    30.63971380       51.85466680        0.69789277        0.10356072        1.84000000        1.23463797
    30.68241560       51.91174607        0.69960308        0.10236035        1.84000000        1.23311546
    30.72502382       51.96882533        0.70131236        0.10115751        1.84000000        1.23159422
    30.76753839       52.02590460        0.70302060        0.09995217        1.84000000        1.23007427
    30.80995924       52.08298386        0.70472779        0.09874433        1.84000000        1.22855560
    30.85228630       52.14006313        0.70643394        0.09753399        1.84000000        1.22703822
    30.89451951       52.19714239        0.70813903        0.09632114        1.84000000        1.22552211
    30.93665877       52.25422166        0.70984306        0.09510576        1.84000000        1.22400728
    30.97870402       52.31130093        0.71154602        0.09388785        1.84000000        1.22249372
    31.02065517       52.36838019        0.71324790        0.09266741        1.84000000        1.22098145
    31.06251214       52.42545946        0.71494871        0.09144441        1.84000000        1.21947044
    31.10427485       52.48253872        0.71664843        0.09021887        1.84000000        1.21796071
    31.14594319       52.53961799        0.71834707        0.08899076        1.84000000        1.21645226
    31.18751709       52.59669725        0.72004460        0.08776008        1.84000000        1.21494508
    31.22899645       52.65377652        0.72174104        0.08652682        1.84000000        1.21343917
    31.27038117       52.71085578        0.72343636        0.08529098        1.84000000        1.21193453
    31.31167116       52.76793505        0.72513057        0.08405254        1.84000000        1.21043116
    31.35286631       52.82501431        0.72682367        0.08281150        1.84000000        1.20892905
    31.39396653       52.88209358        0.72851563        0.08156784        1.84000000        1.20742822
    31.43497171       52.93917285        0.73020647        0.08032157        1.84000000        1.20592865
    31.47588174       52.99625211        0.73189617        0.07907267        1.84000000        1.20443035
    31.51669652       53.05333138        0.73358472        0.07782114        1.84000000        1.20293332
    31.55741591       53.11041064        0.73527213        0.07656696        1.84000000        1.20143755
    31.59803984       53.16748991        0.73695838        0.07531013        1.84000000        1.19994304
    31.63856815       53.22456917        0.73864347        0.07405064        1.84000000        1.19844980
    31.67900075       53.28164844        0.74032740        0.07278849        1.84000000        1.19695782
    31.71933751       53.33872770        0.74201015        0.07152365        1.84000000        1.19546711
    31.75957831       53.39580697        0.74369172        0.07025613        1.84000000        1.19397765
    31.79972301       53.45288623        0.74537211        0.06898592        1.84000000        1.19248946
    31.83977150       53.50996550        0.74705131        0.06771301        1.84000000        1.19100253
    31.87972365       53.56704477        0.74872931        0.06643739        1.84000000        1.18951685
    31.91957931       53.62412403        0.75040611        0.06515905        1.84000000        1.18803244
    31.95933835       53.68120330        0.75208171        0.06387798        1.84000000        1.18654928
    31.99900065       53.73828256        0.75375608        0.06259419        1.84000000        1.18506739
    32.03856605       53.79536183        0.75542924        0.06130765        1.84000000        1.18358675
    32.07803443       53.85244109        0.75710118        0.06001835        1.84000000        1.18210737
    32.11740562       53.90952036        0.75877188        0.05872630        1.84000000        1.18062925
    32.15667949       53.96659962        0.76044134        0.05743149        1.84000000        1.17915238
    32.19585589       54.02367889        0.76210956        0.05613389        1.84000000        1.17767677
    32.23493467       54.08075815        0.76377653        0.05483351        1.84000000        1.17620242
    32.27391568       54.13783742        0.76544224        0.05353035        1.84000000        1.17472932
    32.31279875       54.19491669        0.76710669        0.05222438        1.84000000        1.17325748
    32.35158374       54.25199595        0.76876987        0.05091560        1.84000000        1.17178689
    32.39027048       54.30907522        0.77043178        0.04960400        1.84000000        1.17031756
    32.42885881       54.36615448        0.77209241        0.04828958        1.84000000        1.16884948
    32.46734857       54.42323375        0.77375176        0.04697232        1.84000000        1.16738266
    32.50573959       54.48031301        0.77540981        0.04565222        1.84000000        1.16591709
    32.54403169       54.53739228        0.77706656        0.04432927        1.84000000        1.16445277
    32.58222472       54.59447154        0.77872201        0.04300346        1.84000000        1.16298971
    32.62031850       54.65155081        0.78037615        0.04167479        1.84000000        1.16152790
    32.65831284       54.70863008        0.78202897        0.04034323        1.84000000        1.16006735
    32.69620758       54.76570934        0.78368047        0.03900880        1.84000000        1.15860805
    32.73400253       54.82278861        0.78533064        0.03767147        1.84000000        1.15715000
    32.77169752       54.87986787        0.78697948        0.03633123        1.84000000        1.15569321
    32.80929235       54.93694714        0.78862698        0.03498809        1.84000000        1.15423767
    32.84678684       54.99402640        0.79027313        0.03364203        1.84000000        1.15278339
    32.88418080       55.05110567        0.79191792        0.03229304        1.84000000        1.15133035
    32.92147404       55.10818493        0.79356136        0.03094112        1.84000000        1.14987857
    32.95866637       55.16526420        0.79520344        0.02958625        1.84000000        1.14842805
    32.99575758       55.22234346        0.79684414        0.02822843        1.84000000        1.14697877
    33.03274749       55.27942273        0.79848347        0.02686765        1.84000000        1.14553076
    33.06963589       55.33650200        0.80012141        0.02550389        1.84000000        1.14408399
    33.10642257       55.39358126        0.80175796        0.02413716        1.84000000        1.14263848
    33.14310735       55.45066053        0.80339312        0.02276745        1.84000000        1.14119422
    33.17968999       55.50773979        0.80502687        0.02139474        1.84000000        1.13975122
    33.21617030       55.56481906        0.80665922        0.02001902        1.84000000        1.13830947
    33.25254807       55.62189832        0.80829016        0.01864029        1.84000000        1.13686897
    33.28882308       55.67897759        0.80991967        0.01725854        1.84000000        1.13542973
    33.32499511       55.73605685        0.81154776        0.01587376        1.84000000        1.13399175
    33.36106395       55.79313612        0.81317442        0.01448594        1.84000000        1.13255502
    33.39702938       55.85021538        0.81479963        0.01309508        1.84000000        1.13111955
    33.43289117       55.90729465        0.81642341        0.01170116        1.84000000        1.12968533
    33.46864909       55.96437392        0.81804573        0.01030418        1.84000000        1.12825237
    33.50430292       56.02145318        0.81966659        0.00890412        1.84000000        1.12682066
    33.53985244       56.07853245        0.82128600        0.00750098        1.84000000        1.12539021
    33.57529739       56.13561171        0.82290393        0.00609475        1.84000000        1.12396102
    33.61063756       56.19269098        0.82452039        0.00468542        1.84000000        1.12253308
    33.64587270       56.24977024        0.82613536        0.00327299        1.84000000        1.12110641
    33.68100258       56.30684951        0.82774885        0.00185744        1.84000000        1.11968099
    33.71602695       56.36392877        0.82936084        0.00043876        1.84000000        1.11825683
    33.75094557       56.42100804        0.83097134       -0.00098305        1.84000000        1.11683393
    33.78575820       56.47808730        0.83258033       -0.00240800        1.84000000        1.11541229
    33.82046458       56.53516657        0.83418780       -0.00383610        1.84000000        1.11399191
    33.85506446       56.59224584        0.83579376       -0.00526736        1.84000000        1.11257280
    33.88955760       56.64932510        0.83739819       -0.00670179        1.84000000        1.11115494
    33.92394373       56.70640437        0.83900109       -0.00813940        1.84000000        1.10973834
    33.95822260       56.76348363        0.84060246       -0.00958019        1.84000000        1.10832301
    33.99239394       56.82056290        0.84220228       -0.01102418        1.84000000        1.10690894
    34.02645749       56.87764216        0.84380055       -0.01247137        1.84000000        1.10549614
    34.06041300       56.93472143        0.84539726       -0.01392177        1.84000000        1.10408460
    34.09426019       56.99180069        0.84699242       -0.01537539        1.84000000        1.10267432
    34.12799879       57.04887996        0.84858600       -0.01683224        1.84000000        1.10126531
    34.16162853       57.10595922        0.85017801       -0.01829233        1.84000000        1.09985757
    34.19514913       57.16303849        0.85176844       -0.01975566        1.84000000        1.09845109
    34.22856033       57.22011776        0.85335728       -0.02122225        1.84000000        1.09704589
    34.26186183       57.27719702        0.85494453       -0.02269211        1.84000000        1.09564195
    34.29505336       57.33427629        0.85653018       -0.02416523        1.84000000        1.09423928
    34.32813463       57.39135555        0.85811423       -0.02564164        1.84000000        1.09283788
    34.36110536       57.44843482        0.85969666       -0.02712134        1.84000000        1.09143775
    34.39396526       57.50551408        0.86127747       -0.02860434        1.84000000        1.09003889
    34.42671403       57.56259335        0.86285666       -0.03009065        1.84000000        1.08864131
    34.45935138       57.61967261        0.86443422       -0.03158027        1.84000000        1.08724500
    34.49187703       57.67675188        0.86601015       -0.03307322        1.84000000        1.08584996
    34.52429066       57.73383115        0.86758443       -0.03456950        1.84000000        1.08445620
    34.55659197       57.79091041        0.86915706       -0.03606912        1.84000000        1.08306372
    34.58878067       57.84798968        0.87072803       -0.03757210        1.84000000        1.08167251
    34.62085644       57.90506894        0.87229735       -0.03907844        1.84000000        1.08028258
    34.65281899       57.96214821        0.87386499       -0.04058814        1.84000000        1.07889394
    34.68466799       58.01922747        0.87543096       -0.04210122        1.84000000        1.07750657
    34.71640313       58.07630674        0.87699525       -0.04361769        1.84000000        1.07612048
    34.74802411       58.13338600        0.87855786       -0.04513756        1.84000000        1.07473567
    34.77953059       58.19046527        0.88011877       -0.04666083        1.84000000        1.07335215
    34.81092226       58.24754453        0.88167798       -0.04818751        1.84000000        1.07196991
    34.84219879       58.30462380        0.88323549       -0.04971761        1.84000000        1.07058896
    34.87335987       58.36170307        0.88479128       -0.05125114        1.84000000        1.06920929
    34.90440515       58.41878233        0.88634536       -0.05278812        1.84000000        1.06783092
    34.93533431       58.47586160        0.88789771       -0.05432854        1.84000000        1.06645383
    34.96614702       58.53294086        0.88944834       -0.05587241        1.84000000        1.06507803
    34.99684294       58.59002013        0.89099722       -0.05741975        1.84000000        1.06370352
    35.02742172       58.64709939        0.89254436       -0.05897057        1.84000000        1.06233030
    35.05788304       58.70417866        0.89408976       -0.06052486        1.84000000        1.06095838
    35.08822654       58.76125792        0.89563340       -0.06208265        1.84000000        1.05958775
    35.11845188       58.81833719        0.89717527       -0.06364394        1.84000000        1.05821842
    35.14855871       58.87541645        0.89871538       -0.06520873        1.84000000        1.05685039
    35.17854667       58.93249572        0.90025371       -0.06677705        1.84000000        1.05548365
    35.20841543       58.98957499        0.90179026       -0.06834889        1.84000000        1.05411821
    35.23816460       59.04665425        0.90332503       -0.06992426        1.84000000        1.05275408
    35.26779384       59.10373352        0.90485800       -0.07150318        1.84000000        1.05139125
    35.29730279       59.16081278        0.90638918       -0.07308564        1.84000000        1.05002972
    35.32669108       59.21789205        0.90791854       -0.07467167        1.84000000        1.04866950
    35.35595833       59.27497131        0.90944610       -0.07626127        1.84000000        1.04731058
    35.38510420       59.33205058        0.91097184       -0.07785444        1.84000000        1.04595297
    35.41412828       59.38912984        0.91249575       -0.07945120        1.84000000        1.04459667
    35.44303023       59.44620911        0.91401783       -0.08105156        1.84000000        1.04324168
    35.47180964       59.50328837        0.91553807       -0.08265552        1.84000000        1.04188801
    35.50046615       59.56036764        0.91705647       -0.08426309        1.84000000        1.04053565
    35.52899937       59.61744691        0.91857302       -0.08587428        1.84000000        1.03918460
    35.55740892       59.67452617        0.92008772       -0.08748910        1.84000000        1.03783487
    35.58569439       59.73160544        0.92160055       -0.08910756        1.84000000        1.03648646
    35.61385541       59.78868470        0.92311151       -0.09072966        1.84000000        1.03513937
    35.64189158       59.84576397        0.92462060       -0.09235542        1.84000000        1.03379360
    35.66980250       59.90284323        0.92612781       -0.09398484        1.84000000        1.03244915
    35.69758776       59.95992250        0.92763313       -0.09561793        1.84000000        1.03110603
    35.72524698       60.01700176        0.92913656       -0.09725470        1.84000000        1.02976423
    35.75277973       60.07408103        0.93063808       -0.09889516        1.84000000        1.02842377
    35.78018561       60.13116029        0.93213770       -0.10053931        1.84000000        1.02708463
    35.80746421       60.18823956        0.93363541       -0.10218717        1.84000000        1.02574682
    35.83461512       60.24531883        0.93513120       -0.10383875        1.84000000        1.02441035
    35.86163792       60.30239809        0.93662506       -0.10549404        1.84000000        1.02307521
    35.88853219       60.35947736        0.93811699       -0.10715307        1.84000000        1.02174141
    35.91529750       60.41655662        0.93960698       -0.10881583        1.84000000        1.02040895
    35.94193343       60.47363589        0.94109503       -0.11048234        1.84000000        1.01907782
    35.96843955       60.53071515        0.94258113       -0.11215260        1.84000000        1.01774804
    35.99481542       60.58779442        0.94406527       -0.11382663        1.84000000        1.01641960
    36.02106063       60.64487368        0.94554745       -0.11550443        1.84000000        1.01509251
    36.04717472       60.70195295        0.94702765       -0.11718600        1.84000000        1.01376676
    36.07315725       60.75903222        0.94850589       -0.11887137        1.84000000        1.01244237
    36.09900779       60.81611148        0.94998214       -0.12056053        1.84000000        1.01111932
    36.12472588       60.87319075        0.95145640       -0.12225349        1.84000000        1.00979763
    36.15031108       60.93027001        0.95292866       -0.12395026        1.84000000        1.00847729
    36.17576293       60.98734928        0.95439893       -0.12565086        1.84000000        1.00715831
    36.20108098       61.04442854        0.95586719       -0.12735528        1.84000000        1.00584069
    36.22626477       61.10150781        0.95733343       -0.12906353        1.84000000        1.00452443
    36.25131384       61.15858707        0.95879765       -0.13077563        1.84000000        1.00320953
    36.27622772       61.21566634        0.96025985       -0.13249159        1.84000000        1.00189600
    36.30100595       61.27274560        0.96172002       -0.13421140        1.84000000        1.00058383
    36.32564805       61.32982487        0.96317814       -0.13593507        1.84000000        0.99927304
    36.35015356       61.38690414        0.96463422       -0.13766263        1.84000000        0.99796361
    36.37452199       61.44398340        0.96608825       -0.13939406        1.84000000        0.99665555
    36.39875286       61.50106267        0.96754022       -0.14112939        1.84000000        0.99534888
    36.42284570       61.55814193        0.96899013       -0.14286861        1.84000000        0.99404357
    36.44680001       61.61522120        0.97043796       -0.14461174        1.84000000        0.99273965
    36.47061530       61.67230046        0.97188372       -0.14635878        1.84000000        0.99143711
    36.49429109       61.72937973        0.97332739       -0.14810974        1.84000000        0.99013595
    36.51782688       61.78645899        0.97476898       -0.14986463        1.84000000        0.98883618
    36.54122216       61.84353826        0.97620846       -0.15162346        1.84000000        0.98753780
    36.56447644       61.90061752        0.97764585       -0.15338623        1.84000000        0.98624081
    36.58758921       61.95769679        0.97908113       -0.15515295        1.84000000        0.98494521
    36.61055996       62.01477606        0.98051429       -0.15692363        1.84000000        0.98365100
    36.63338819       62.07185532        0.98194533       -0.15869827        1.84000000        0.98235819
    36.65607336       62.12893459        0.98337424       -0.16047688        1.84000000        0.98106678
    36.67861497       62.18601385        0.98480102       -0.16225948        1.84000000        0.97977678
    36.70101250       62.24309312        0.98622565       -0.16404606        1.84000000        0.97848817
    36.72326541       62.30017238        0.98764814       -0.16583664        1.84000000        0.97720097
    36.74537319       62.35725165        0.98906848       -0.16763121        1.84000000        0.97591519
    36.76733529       62.41433091        0.99048666       -0.16942979        1.84000000        0.97463081
    36.78915119       62.47141018        0.99190267       -0.17123239        1.84000000        0.97334785
    36.81082035       62.52848944        0.99331650       -0.17303901        1.84000000        0.97206630
    36.83234221       62.58556871        0.99472816       -0.17484966        1.84000000        0.97078617
    36.85371624       62.64264798        0.99613764       -0.17666434        1.84000000        0.96950746
    36.87494189       62.69972724        0.99754492       -0.17848307        1.84000000        0.96823018
    36.89601861       62.75680651        0.99895000       -0.18030584        1.84000000        0.96695432
    36.91694584       62.81388577        1.00035288       -0.18213267        1.84000000        0.96567989
    36.93772302       62.87096504        1.00175355       -0.18396356        1.84000000        0.96440689
    36.95834959       62.92804430        1.00315200       -0.18579852        1.84000000        0.96313533
    36.97882498       62.98512357        1.00454823       -0.18763755        1.84000000        0.96186520
    36.99914863       63.04220283        1.00594223       -0.18948066        1.84000000        0.96059651
    37.01931995       63.09928210        1.00733399       -0.19132786        1.84000000        0.95932926
    37.03933838       63.15636136        1.00872351       -0.19317916        1.84000000        0.95806345
    37.05920333       63.21344063        1.01011078       -0.19503455        1.84000000        0.95679910
    37.07891422       63.27051990        1.01149579       -0.19689404        1.84000000        0.95553619
    37.09847046       63.32759916        1.01287854       -0.19875765        1.84000000        0.95427473
    37.11787146       63.38467843        1.01425903       -0.20062538        1.84000000        0.95301473
    37.13711663       63.44175769        1.01563724       -0.20249722        1.84000000        0.95175619
    37.15620536       63.49883696        1.01701316       -0.20437320        1.84000000        0.95049910
    37.17513706       63.55591622        1.01838680       -0.20625331        1.84000000        0.94924348
    37.19391112       63.61299549        1.01975815       -0.20813756        1.84000000        0.94798933
    37.21252693       63.67007475        1.02112719       -0.21002595        1.84000000        0.94673664
    37.23098387       63.72715402        1.02249393       -0.21191850        1.84000000        0.94548543
    37.24928133       63.78423329        1.02385836       -0.21381520        1.84000000        0.94423569
    37.26741869       63.84131255        1.02522046       -0.21571606        1.84000000        0.94298742
    37.28539533       63.89839182        1.02658024       -0.21762108        1.84000000        0.94174064
    37.30321061       63.95547108        1.02793769       -0.21953028        1.84000000        0.94049534
    37.32086390       64.01255035        1.02929279       -0.22144366        1.84000000        0.93925153
    37.33835458       64.06962961        1.03064555       -0.22336121        1.84000000        0.93800921
    37.35568198       64.12670888        1.03199596       -0.22528295        1.84000000        0.93676837
    37.37284549       64.18378814        1.03334401       -0.22720888        1.84000000        0.93552904
    37.38984444       64.24086741        1.03468970       -0.22913901        1.84000000        0.93429120
    37.40667819       64.29794667        1.03603301       -0.23107333        1.84000000        0.93305486
    37.42334608       64.35502594        1.03737395       -0.23301186        1.84000000        0.93182002
    37.43984745       64.41210521        1.03871250       -0.23495459        1.84000000        0.93058670
    37.45618163       64.46918447        1.04004866       -0.23690154        1.84000000        0.92935488
    37.47234796       64.52626374        1.04138243       -0.23885270        1.84000000        0.92812457
    37.48834578       64.58334300        1.04271379       -0.24080808        1.84000000        0.92689579
    37.50417440       64.64042227        1.04404274       -0.24276768        1.84000000        0.92566852
    37.51983314       64.69750153        1.04536927       -0.24473152        1.84000000        0.92444277
    37.53532133       64.75458080        1.04669338       -0.24669958        1.84000000        0.92321855
    37.55063826       64.81166006        1.04801506       -0.24867187        1.84000000        0.92199586
    37.56578326       64.86873933        1.04933430       -0.25064841        1.84000000        0.92077471
    37.58075563       64.92581859        1.05065110       -0.25262918        1.84000000        0.91955508
    37.59555467       64.98289786        1.05196545       -0.25461420        1.84000000        0.91833700
    37.61017966       65.03997713        1.05327734       -0.25660346        1.84000000        0.91712046
    37.62462991       65.09705639        1.05458677       -0.25859697        1.84000000        0.91590546
    37.63890471       65.15413566        1.05589374       -0.26059473        1.84000000        0.91469202
    37.65300333       65.21121492        1.05719822       -0.26259675        1.84000000        0.91348012
    37.66692506       65.26829419        1.05850023       -0.26460302        1.84000000        0.91226978
    37.68066917       65.32537345        1.05979974       -0.26661356        1.84000000        0.91106100
    37.69423493       65.38245272        1.06109676       -0.26862835        1.84000000        0.90985378
    37.70762160       65.43953198        1.06239128       -0.27064741        1.84000000        0.90864813
    37.72082846       65.49661125        1.06368329       -0.27267073        1.84000000        0.90744405
    37.73385476       65.55369051        1.06497279       -0.27469831        1.84000000        0.90624153
    37.74669975       65.61076978        1.06625976       -0.27673017        1.84000000        0.90504060
    37.75936268       65.66784905        1.06754421       -0.27876629        1.84000000        0.90384124
    37.77184280       65.72492831        1.06882612       -0.28080668        1.84000000        0.90264347
    37.78413934       65.78200758        1.07010548       -0.28285135        1.84000000        0.90144729
    37.79625155       65.83908684        1.07138230       -0.28490028        1.84000000        0.90025269
    37.80817865       65.89616611        1.07265657       -0.28695349        1.84000000        0.89905969
    37.81991987       65.95324537        1.07392827       -0.28901097        1.84000000        0.89786829
    37.83147443       66.01032464        1.07519741       -0.29107273        1.84000000        0.89667848
    37.84284156       66.06740390        1.07646397       -0.29313876        1.84000000        0.89549029
    37.85402046       66.12448317        1.07772795       -0.29520906        1.84000000        0.89430370
    37.86501035       66.18156243        1.07898935       -0.29728364        1.84000000        0.89311872
    37.87581042       66.23864170        1.08024814       -0.29936249        1.84000000        0.89193536
    37.88641988       66.29572097        1.08150434       -0.30144561        1.84000000        0.89075362
    37.89683793       66.35280023        1.08275793       -0.30353300        1.84000000        0.88957350
    37.90706375       66.40987950        1.08400890       -0.30562467        1.84000000        0.88839501
    37.91709653       66.46695876        1.08525725       -0.30772060        1.84000000        0.88721814
    37.92693545       66.52403803        1.08650298       -0.30982080        1.84000000        0.88604292
    37.93657969       66.58111729        1.08774606       -0.31192527        1.84000000        0.88486933
    37.94602842       66.63819656        1.08898651       -0.31403401        1.84000000        0.88369739
    37.95528080       66.69527582        1.09022431       -0.31614700        1.84000000        0.88252709
    37.96433601       66.75235509        1.09145945       -0.31826426        1.84000000        0.88135844
    37.97319319       66.80943436        1.09269193       -0.32038578        1.84000000        0.88019144
    37.98185150       66.86651362        1.09392175       -0.32251155        1.84000000        0.87902611
    37.99031009       66.92359289        1.09514888       -0.32464158        1.84000000        0.87786243
    37.99856810       66.98067215        1.09637334       -0.32677586        1.84000000        0.87670042
    38.00662466       67.03775142        1.09759511       -0.32891438        1.84000000        0.87554008
    38.01447892       67.09483068        1.09881418       -0.33105715        1.84000000        0.87438142
    38.02213000       67.15190995        1.10003054       -0.33320416        1.84000000        0.87322443
    38.02957702       67.20898921        1.10124420       -0.33535540        1.84000000        0.87206913
    38.03681910       67.26606848        1.10245514       -0.33751087        1.84000000        0.87091551
    38.04385536       67.32314774        1.10366336       -0.33967058        1.84000000        0.86976358
    38.05068490       67.38022701        1.10486885       -0.34183450        1.84000000        0.86861335
    38.05730682       67.43730628        1.10607160       -0.34400264        1.84000000        0.86746481
    38.06372024       67.49438554        1.10727160       -0.34617500        1.84000000        0.86631798
    38.06992423       67.55146481        1.10846886       -0.34835156        1.84000000        0.86517285
    38.07591789       67.60854407        1.10966336       -0.35053232        1.84000000        0.86402944
    38.08170029       67.66562334        1.11085509       -0.35271728        1.84000000        0.86288774
    38.08727053       67.72270260        1.11204405       -0.35490643        1.84000000        0.86174776
    38.09262767       67.77978187        1.11323023       -0.35709976        1.84000000        0.86060951
    38.09777077       67.83686113        1.11441363       -0.35929727        1.84000000        0.85947298
    38.10269891       67.89394040        1.11559423       -0.36149894        1.84000000        0.85833819
    38.10741113       67.95101966        1.11677204       -0.36370478        1.84000000        0.85720513
    38.11190649       68.00809893        1.11794703       -0.36591477        1.84000000        0.85607381
    38.11618404       68.06517820        1.11911922       -0.36812890        1.84000000        0.85494424
    38.12024282       68.12225746        1.12028858       -0.37034717        1.84000000        0.85381642
    38.12408186       68.17933673        1.12145512       -0.37256958        1.84000000        0.85269036
    38.12770020       68.23641599        1.12261882       -0.37479610        1.84000000        0.85156605
    38.13109686       68.29349526        1.12377968       -0.37702673        1.84000000        0.85044351
    38.13427086       68.35057452        1.12493768       -0.37926146        1.84000000        0.84932273
    38.13722121       68.40765379        1.12609284       -0.38150029        1.84000000        0.84820373
    38.13994692       68.46473305        1.12724513       -0.38374320        1.84000000        0.84708650
    38.14244701       68.52181232        1.12839455       -0.38599017        1.84000000        0.84597106
    38.14472046       68.57889158        1.12954109       -0.38824121        1.84000000        0.84485740
    38.14676627       68.63597085        1.13068475       -0.39049630        1.84000000        0.84374554
    38.14858342       68.69305012        1.13182551       -0.39275542        1.84000000        0.84263546
    38.15017090       68.75012938        1.13296337       -0.39501857        1.84000000        0.84152719
    38.15152769       68.80720865        1.13409833       -0.39728573        1.84000000        0.84042072
    38.15265275       68.86428791        1.13523038       -0.39955690        1.84000000        0.83931607
    38.15354505       68.92136718        1.13635950       -0.40183205        1.84000000        0.83821322
    38.15420355       68.97844644        1.13748570       -0.40411118        1.84000000        0.83711220
    38.15462720       69.03552571        1.13860896       -0.40639426        1.84000000        0.83601300
    38.15481496       69.09260497        1.13972927       -0.40868130        1.84000000        0.83491562
