#  Theta paroi en deg Angle Choc en deg       Kp           Inverse Mach       Mach amont       Mach aval
     0.00000000       11.77574399        0.00000000        0.79591837        4.90000000
     1.15807352       11.77809071        0.00212919        0.79467476        4.90000000        4.89961233
     1.40278088       11.78137420        0.00292494        0.79421843        4.90000000        4.89907013
     1.66361479       11.78746797        0.00387175        0.79368125        4.90000000        4.89806451
     1.94463474       11.79824553        0.00499731        0.79305060        4.90000000        4.89628799
     2.23613286       11.81558041        0.00627320        0.79234582        4.90000000        4.89343608
     2.53279792       11.84134613        0.00767921        0.79158117        4.90000000        4.88920950
     2.83323515       11.87741620        0.00920916        0.79076287        4.90000000        4.88331717
     3.13806270       11.92566415        0.01086719        0.78989158        4.90000000        4.87547958
     3.44880268       11.98796350        0.01266451        0.78896450        4.90000000        4.86543252
     3.76735241       12.06618775        0.01461745        0.78797665        4.90000000        4.85293080
     4.03868536       12.14441201        0.01636821        0.78710744        4.90000000        4.84055166
     4.27939559       12.22263626        0.01798822        0.78631622        4.90000000        4.82829114
     4.49843528       12.30086052        0.01951684        0.78558058        4.90000000        4.81614541
     4.70123005       12.37908478        0.02097830        0.78488673        4.90000000        4.80411083
     4.89133705       12.45730903        0.02238866        0.78422550        4.90000000        4.79218389
     5.07122487       12.53553329        0.02375918        0.78359047        4.90000000        4.78036122
     5.24268209       12.61375754        0.02509806        0.78297694        4.90000000        4.76863959
     5.40704955       12.69198180        0.02641147        0.78238135        4.90000000        4.75701589
     5.56536023       12.77020606        0.02770418        0.78180095        4.90000000        4.74548715
     5.71842811       12.84843031        0.02897997        0.78123356        4.90000000        4.73405049
     5.86690702       12.92665457        0.03024185        0.78067740        4.90000000        4.72270316
     6.01133054       13.00487882        0.03149231        0.78013102        4.90000000        4.71144252
     6.15214035       13.08310308        0.03273339        0.77959323        4.90000000        4.70026600
     6.28970652       13.16132734        0.03396680        0.77906300        4.90000000        4.68917117
     6.42434234       13.23955159        0.03519398        0.77853947        4.90000000        4.67815567
     6.55631570       13.31777585        0.03641616        0.77802191        4.90000000        4.66721722
     6.68585747       13.39600010        0.03763440        0.77750966        4.90000000        4.65635365
     6.81316828       13.47422436        0.03884962        0.77700218        4.90000000        4.64556286
     6.93842355       13.55244862        0.04006261        0.77649896        4.90000000        4.63484281
     7.06177769       13.63067287        0.04127406        0.77599958        4.90000000        4.62419157
     7.18336736       13.70889713        0.04248460        0.77550364        4.90000000        4.61360726
     7.30331413       13.78712138        0.04369476        0.77501081        4.90000000        4.60308806
     7.42172673       13.86534564        0.04490502        0.77452078        4.90000000        4.59263223
     7.53870274       13.94356990        0.04611581        0.77403326        4.90000000        4.58223811
     7.65433020       14.02179415        0.04732752        0.77354801        4.90000000        4.57190406
     7.76868873       14.10001841        0.04854049        0.77306480        4.90000000        4.56162852
     7.88185068       14.17824266        0.04975502        0.77258342        4.90000000        4.55141001
     7.99388197       14.25646692        0.05097141        0.77210368        4.90000000        4.54124705
     8.10484284       14.33469118        0.05218990        0.77162541        4.90000000        4.53113826
     8.21478855       14.41291543        0.05341072        0.77114844        4.90000000        4.52108228
     8.32376986       14.49113969        0.05463408        0.77067263        4.90000000        4.51107781
     8.43183354       14.56936394        0.05586017        0.77019784        4.90000000        4.50112359
     8.53902283       14.64758820        0.05708917        0.76972395        4.90000000        4.49121842
     8.64537774       14.72581246        0.05832123        0.76925083        4.90000000        4.48136112
     8.75093540       14.80403671        0.05955650        0.76877839        4.90000000        4.47155057
     8.85573035       14.88226097        0.06079512        0.76830652        4.90000000        4.46178566
     8.95979473       14.96048522        0.06203720        0.76783512        4.90000000        4.45206535
     9.06315856       15.03870948        0.06328286        0.76736410        4.90000000        4.44238862
     9.16584990       15.11693374        0.06453220        0.76689339        4.90000000        4.43275450
     9.26789504       15.19515799        0.06578533        0.76642290        4.90000000        4.42316202
     9.36931862       15.27338225        0.06704232        0.76595257        4.90000000        4.41361027
     9.47014380       15.35160650        0.06830326        0.76548232        4.90000000        4.40409838
     9.57039236       15.42983076        0.06956822        0.76501208        4.90000000        4.39462547
     9.67008482       15.50805502        0.07083728        0.76454181        4.90000000        4.38519074
     9.76924054       15.58627927        0.07211050        0.76407143        4.90000000        4.37579337
     9.86787782       15.66450353        0.07338794        0.76360090        4.90000000        4.36643259
     9.96601392       15.74272778        0.07466965        0.76313016        4.90000000        4.35710767
    10.06366523       15.82095204        0.07595570        0.76265917        4.90000000        4.34781787
    10.16084725       15.89917630        0.07724611        0.76218787        4.90000000        4.33856250
    10.25757472       15.97740055        0.07854095        0.76171623        4.90000000        4.32934089
    10.35386162       16.05562481        0.07984024        0.76124421        4.90000000        4.32015238
    10.44972123       16.13384906        0.08114404        0.76077175        4.90000000        4.31099634
    10.54516623       16.21207332        0.08245237        0.76029883        4.90000000        4.30187216
    10.64020865       16.29029758        0.08376526        0.75982541        4.90000000        4.29277926
    10.73486001       16.36852183        0.08508275        0.75935145        4.90000000        4.28371706
    10.82913124       16.44674609        0.08640487        0.75887693        4.90000000        4.27468501
    10.92303283       16.52497034        0.08773163        0.75840180        4.90000000        4.26568258
    11.01657481       16.60319460        0.08906308        0.75792605        4.90000000        4.25670925
    11.10976672       16.68141886        0.09039922        0.75744963        4.90000000        4.24776451
    11.20261775       16.75964311        0.09174008        0.75697253        4.90000000        4.23884790
    11.29513669       16.83786737        0.09308567        0.75649472        4.90000000        4.22995893
    11.38733193       16.91609162        0.09443602        0.75601617        4.90000000        4.22109716
    11.47921156       16.99431588        0.09579114        0.75553686        4.90000000        4.21226214
    11.57078335       17.07254014        0.09715105        0.75505676        4.90000000        4.20345346
    11.66205472       17.15076439        0.09851575        0.75457585        4.90000000        4.19467070
    11.75303282       17.22898865        0.09988527        0.75409412        4.90000000        4.18591346
    11.84372457       17.30721290        0.10125961        0.75361154        4.90000000        4.17718136
    11.93413656       17.38543716        0.10263878        0.75312808        4.90000000        4.16847404
    12.02427517       17.46366142        0.10402279        0.75264374        4.90000000        4.15979111
    12.11414655       17.54188567        0.10541165        0.75215849        4.90000000        4.15113225
    12.20375662       17.62010993        0.10680537        0.75167232        4.90000000        4.14249710
    12.29311109       17.69833418        0.10820396        0.75118521        4.90000000        4.13388535
    12.38221546       17.77655844        0.10960741        0.75069714        4.90000000        4.12529667
    12.47107505       17.85478270        0.11101574        0.75020809        4.90000000        4.11673075
    12.55969499       17.93300695        0.11242894        0.74971806        4.90000000        4.10818731
    12.64808025       18.01123121        0.11384703        0.74922702        4.90000000        4.09966605
    12.73623562       18.08945546        0.11527001        0.74873497        4.90000000        4.09116669
    12.82416574       18.16767972        0.11669787        0.74824188        4.90000000        4.08268896
    12.91187507       18.24590398        0.11813062        0.74774775        4.90000000        4.07423260
    12.99936800       18.32412823        0.11956826        0.74725256        4.90000000        4.06579736
    13.08664870       18.40235249        0.12101080        0.74675630        4.90000000        4.05738299
    13.17372124       18.48057674        0.12245822        0.74625896        4.90000000        4.04898925
    13.26058957       18.55880100        0.12391054        0.74576053        4.90000000        4.04061592
    13.34725752       18.63702526        0.12536775        0.74526099        4.90000000        4.03226276
    13.43372880       18.71524951        0.12682984        0.74476033        4.90000000        4.02392956
    13.52000699       18.79347377        0.12829683        0.74425855        4.90000000        4.01561611
    13.60609559       18.87169802        0.12976870        0.74375562        4.90000000        4.00732221
    13.69199798       18.94992228        0.13124545        0.74325156        4.90000000        3.99904766
    13.77771746       19.02814654        0.13272709        0.74274633        4.90000000        3.99079227
    13.86325721       19.10637079        0.13421360        0.74223994        4.90000000        3.98255585
    13.94862035       19.18459505        0.13570498        0.74173237        4.90000000        3.97433823
    14.03380988       19.26281930        0.13720124        0.74122362        4.90000000        3.96613923
    14.11882875       19.34104356        0.13870236        0.74071368        4.90000000        3.95795867
    14.20367980       19.41926782        0.14020834        0.74020253        4.90000000        3.94979640
    14.28836579       19.49749207        0.14171919        0.73969017        4.90000000        3.94165226
    14.37288944       19.57571633        0.14323488        0.73917660        4.90000000        3.93352610
    14.45725337       19.65394058        0.14475542        0.73866180        4.90000000        3.92541775
    14.54146013       19.73216484        0.14628080        0.73814577        4.90000000        3.91732709
    14.62551221       19.81038910        0.14781102        0.73762850        4.90000000        3.90925397
    14.70941204       19.88861335        0.14934607        0.73710998        4.90000000        3.90119824
    14.79316197       19.96683761        0.15088594        0.73659020        4.90000000        3.89315979
    14.87676432       20.04506186        0.15243063        0.73606916        4.90000000        3.88513848
    14.96022131       20.12328612        0.15398014        0.73554686        4.90000000        3.87713419
    15.04353515       20.20151038        0.15553444        0.73502328        4.90000000        3.86914679
    15.12670795       20.27973463        0.15709354        0.73449842        4.90000000        3.86117617
    15.20974181       20.35795889        0.15865744        0.73397227        4.90000000        3.85322222
    15.29263875       20.43618314        0.16022611        0.73344483        4.90000000        3.84528482
    15.37540074       20.51440740        0.16179957        0.73291608        4.90000000        3.83736387
    15.45802972       20.59263166        0.16337779        0.73238604        4.90000000        3.82945926
    15.54052758       20.67085591        0.16496077        0.73185468        4.90000000        3.82157090
    15.62289614       20.74908017        0.16654850        0.73132200        4.90000000        3.81369868
    15.70513722       20.82730442        0.16814097        0.73078801        4.90000000        3.80584251
    15.78725257       20.90552868        0.16973818        0.73025268        4.90000000        3.79800229
    15.86924390       20.98375294        0.17134012        0.72971603        4.90000000        3.79017794
    15.95111288       21.06197719        0.17294677        0.72917803        4.90000000        3.78236937
    16.03286116       21.14020145        0.17455814        0.72863869        4.90000000        3.77457649
    16.11449033       21.21842570        0.17617420        0.72809801        4.90000000        3.76679922
    16.19600196       21.29664996        0.17779496        0.72755597        4.90000000        3.75903749
    16.27739757       21.37487422        0.17942040        0.72701257        4.90000000        3.75129121
    16.35867866       21.45309847        0.18105051        0.72646781        4.90000000        3.74356030
    16.43984670       21.53132273        0.18268529        0.72592169        4.90000000        3.73584470
    16.52090310       21.60954698        0.18432472        0.72537419        4.90000000        3.72814432
    16.60184927       21.68777124        0.18596879        0.72482532        4.90000000        3.72045911
    16.68268659       21.76599550        0.18761750        0.72427506        4.90000000        3.71278900
    16.76341639       21.84421975        0.18927084        0.72372342        4.90000000        3.70513391
    16.84403997       21.92244401        0.19092879        0.72317040        4.90000000        3.69749379
    16.92455862       22.00066827        0.19259134        0.72261598        4.90000000        3.68986856
    17.00497360       22.07889252        0.19425849        0.72206016        4.90000000        3.68225818
    17.08528615       22.15711678        0.19593023        0.72150294        4.90000000        3.67466257
    17.16549745       22.23534103        0.19760654        0.72094431        4.90000000        3.66708169
    17.24560869       22.31356529        0.19928741        0.72038428        4.90000000        3.65951548
    17.32562102       22.39178955        0.20097284        0.71982283        4.90000000        3.65196387
    17.40553559       22.47001380        0.20266281        0.71925996        4.90000000        3.64442682
    17.48535348       22.54823806        0.20435731        0.71869567        4.90000000        3.63690428
    17.56507580       22.62646231        0.20605633        0.71812996        4.90000000        3.62939620
    17.64470360       22.70468657        0.20775986        0.71756282        4.90000000        3.62190252
    17.72423793       22.78291083        0.20946790        0.71699424        4.90000000        3.61442319
    17.80367981       22.86113508        0.21118042        0.71642423        4.90000000        3.60695817
    17.88303024       22.93935934        0.21289742        0.71585278        4.90000000        3.59950742
    17.96229019       23.01758359        0.21461888        0.71527989        4.90000000        3.59207089
    18.04146065       23.09580785        0.21634480        0.71470554        4.90000000        3.58464852
    18.12054254       23.17403211        0.21807516        0.71412975        4.90000000        3.57724029
    18.19953680       23.25225636        0.21980996        0.71355250        4.90000000        3.56984615
    18.27844432       23.33048062        0.22154917        0.71297379        4.90000000        3.56246605
    18.35726602       23.40870487        0.22329280        0.71239363        4.90000000        3.55509997
    18.43600275       23.48692913        0.22504082        0.71181199        4.90000000        3.54774785
    18.51465537       23.56515339        0.22679323        0.71122889        4.90000000        3.54040965
    18.59322472       23.64337764        0.22855001        0.71064432        4.90000000        3.53308535
    18.67171163       23.72160190        0.23031115        0.71005827        4.90000000        3.52577491
    18.75011691       23.79982615        0.23207665        0.70947074        4.90000000        3.51847828
    18.82844135       23.87805041        0.23384648        0.70888173        4.90000000        3.51119543
    18.90668573       23.95627467        0.23562064        0.70829124        4.90000000        3.50392633
    18.98485081       24.03449892        0.23739911        0.70769926        4.90000000        3.49667095
    19.06293734       24.11272318        0.23918188        0.70710578        4.90000000        3.48942924
    19.14094607       24.19094743        0.24096895        0.70651081        4.90000000        3.48220119
    19.21887771       24.26917169        0.24276029        0.70591434        4.90000000        3.47498674
    19.29673298       24.34739595        0.24455590        0.70531637        4.90000000        3.46778588
    19.37451256       24.42562020        0.24635576        0.70471689        4.90000000        3.46059857
    19.45221715       24.50384446        0.24815986        0.70411590        4.90000000        3.45342479
    19.52984742       24.58206871        0.24996819        0.70351340        4.90000000        3.44626449
    19.60740402       24.66029297        0.25178073        0.70290939        4.90000000        3.43911765
    19.68488762       24.73851723        0.25359748        0.70230386        4.90000000        3.43198425
    19.76229883       24.81674148        0.25541841        0.70169680        4.90000000        3.42486425
    19.83963829       24.89496574        0.25724353        0.70108822        4.90000000        3.41775762
    19.91690660       24.97318999        0.25907281        0.70047812        4.90000000        3.41066434
    19.99410439       25.05141425        0.26090624        0.69986648        4.90000000        3.40358438
    20.07123222       25.12963851        0.26274381        0.69925331        4.90000000        3.39651771
    20.14829069       25.20786276        0.26458550        0.69863859        4.90000000        3.38946430
    20.22528037       25.28608702        0.26643131        0.69802234        4.90000000        3.38242414
    20.30220182       25.36431127        0.26828122        0.69740454        4.90000000        3.37539719
    20.37905560       25.44253553        0.27013522        0.69678520        4.90000000        3.36838342
    20.45584223       25.52075979        0.27199329        0.69616430        4.90000000        3.36138281
    20.53256226       25.59898404        0.27385542        0.69554185        4.90000000        3.35439534
    20.60921620       25.67720830        0.27572160        0.69491784        4.90000000        3.34742098
    20.68580459       25.75543255        0.27759181        0.69429227        4.90000000        3.34045971
    20.76232791       25.83365681        0.27946604        0.69366514        4.90000000        3.33351150
    20.83878666       25.91188107        0.28134429        0.69303644        4.90000000        3.32657632
    20.91518134       25.99010532        0.28322652        0.69240617        4.90000000        3.31965416
    20.99151242       26.06832958        0.28511274        0.69177432        4.90000000        3.31274499
    21.06778038       26.14655383        0.28700293        0.69114090        4.90000000        3.30584878
    21.14398567       26.22477809        0.28889707        0.69050589        4.90000000        3.29896551
    21.22012875       26.30300235        0.29079515        0.68986930        4.90000000        3.29209517
    21.29621006       26.38122660        0.29269715        0.68923113        4.90000000        3.28523772
    21.37223007       26.45945086        0.29460307        0.68859136        4.90000000        3.27839314
    21.44818918       26.53767511        0.29651290        0.68795000        4.90000000        3.27156141
    21.52408782       26.61589937        0.29842660        0.68730704        4.90000000        3.26474251
    21.59992642       26.69412363        0.30034418        0.68666248        4.90000000        3.25793642
    21.67570538       26.77234788        0.30226562        0.68601631        4.90000000        3.25114311
    21.75142511       26.85057214        0.30419090        0.68536854        4.90000000        3.24436256
    21.82708601       26.92879639        0.30612001        0.68471916        4.90000000        3.23759475
    21.90268845       27.00702065        0.30805294        0.68406816        4.90000000        3.23083965
    21.97823283       27.08524491        0.30998967        0.68341554        4.90000000        3.22409725
    22.05371953       27.16346916        0.31193020        0.68276131        4.90000000        3.21736753
    22.12914891       27.24169342        0.31387449        0.68210544        4.90000000        3.21065045
    22.20452134       27.31991767        0.31582255        0.68144795        4.90000000        3.20394600
    22.27983717       27.39814193        0.31777435        0.68078883        4.90000000        3.19725416
    22.35509676       27.47636619        0.31972989        0.68012807        4.90000000        3.19057491
    22.43030045       27.55459044        0.32168915        0.67946567        4.90000000        3.18390823
    22.50544859       27.63281470        0.32365211        0.67880162        4.90000000        3.17725408
    22.58054150       27.71103895        0.32561876        0.67813594        4.90000000        3.17061246
    22.65557951       27.78926321        0.32758908        0.67746860        4.90000000        3.16398334
    22.73056295       27.86748747        0.32956307        0.67679960        4.90000000        3.15736670
    22.80549214       27.94571172        0.33154070        0.67612895        4.90000000        3.15076252
    22.88036739       28.02393598        0.33352197        0.67545664        4.90000000        3.14417078
    22.95518900       28.10216023        0.33550686        0.67478266        4.90000000        3.13759145
    23.02995727       28.18038449        0.33749535        0.67410702        4.90000000        3.13102452
    23.10467251       28.25860875        0.33948742        0.67342970        4.90000000        3.12446996
    23.17933500       28.33683300        0.34148308        0.67275071        4.90000000        3.11792775
    23.25394502       28.41505726        0.34348229        0.67207003        4.90000000        3.11139788
    23.32850286       28.49328151        0.34548505        0.67138767        4.90000000        3.10488032
    23.40300880       28.57150577        0.34749134        0.67070363        4.90000000        3.09837505
    23.47746311       28.64973003        0.34950115        0.67001789        4.90000000        3.09188205
    23.55186604       28.72795428        0.35151446        0.66933046        4.90000000        3.08540129
    23.62621788       28.80617854        0.35353126        0.66864133        4.90000000        3.07893277
    23.70051887       28.88440279        0.35555152        0.66795049        4.90000000        3.07247644
    23.77476927       28.96262705        0.35757525        0.66725795        4.90000000        3.06603231
    23.84896932       29.04085131        0.35960242        0.66656370        4.90000000        3.05960034
    23.92311927       29.11907556        0.36163302        0.66586773        4.90000000        3.05318051
    23.99721936       29.19729982        0.36366703        0.66517004        4.90000000        3.04677280
    24.07126983       29.27552407        0.36570444        0.66447063        4.90000000        3.04037719
    24.14527091       29.35374833        0.36774523        0.66376949        4.90000000        3.03399367
    24.21922282       29.43197259        0.36978939        0.66306662        4.90000000        3.02762220
    24.29312578       29.51019684        0.37183690        0.66236202        4.90000000        3.02126277
    24.36698003       29.58842110        0.37388776        0.66165567        4.90000000        3.01491535
    24.44078577       29.66664535        0.37594193        0.66094758        4.90000000        3.00857993
    24.51454322       29.74486961        0.37799941        0.66023774        4.90000000        3.00225649
    24.58825258       29.82309387        0.38006019        0.65952615        4.90000000        2.99594499
    24.66191406       29.90131812        0.38212425        0.65881280        4.90000000        2.98964543
    24.73552785       29.97954238        0.38419156        0.65809770        4.90000000        2.98335778
    24.80909417       30.05776663        0.38626213        0.65738082        4.90000000        2.97708202
    24.88261319       30.13599089        0.38833593        0.65666218        4.90000000        2.97081812
    24.95608510       30.21421515        0.39041294        0.65594176        4.90000000        2.96456608
    25.02951010       30.29243940        0.39249316        0.65521956        4.90000000        2.95832585
    25.10288837       30.37066366        0.39457656        0.65449558        4.90000000        2.95209743
    25.17622009       30.44888791        0.39666314        0.65376982        4.90000000        2.94588079
    25.24950542       30.52711217        0.39875287        0.65304226        4.90000000        2.93967591
    25.32274455       30.60533643        0.40084574        0.65231290        4.90000000        2.93348277
    25.39593764       30.68356068        0.40294173        0.65158174        4.90000000        2.92730135
    25.46908485       30.76178494        0.40504084        0.65084878        4.90000000        2.92113162
    25.54218636       30.84000919        0.40714304        0.65011400        4.90000000        2.91497357
    25.61524232       30.91823345        0.40924832        0.64937741        4.90000000        2.90882717
    25.68825288       30.99645771        0.41135666        0.64863900        4.90000000        2.90269240
    25.76121821       31.07468196        0.41346805        0.64789877        4.90000000        2.89656924
    25.83413844       31.15290622        0.41558247        0.64715671        4.90000000        2.89045766
    25.90701373       31.23113047        0.41769991        0.64641281        4.90000000        2.88435765
    25.97984422       31.30935473        0.41982035        0.64566707        4.90000000        2.87826918
    26.05263005       31.38757899        0.42194377        0.64491949        4.90000000        2.87219224
    26.12537137       31.46580324        0.42407016        0.64417006        4.90000000        2.86612679
    26.19806830       31.54402750        0.42619951        0.64341877        4.90000000        2.86007282
    26.27072098       31.62225175        0.42833180        0.64266563        4.90000000        2.85403030
    26.34332953       31.70047601        0.43046700        0.64191062        4.90000000        2.84799922
    26.41589409       31.77870027        0.43260512        0.64115374        4.90000000        2.84197955
    26.48841478       31.85692452        0.43474612        0.64039499        4.90000000        2.83597126
    26.56089171       31.93514878        0.43689000        0.63963436        4.90000000        2.82997435
    26.63332502       32.01337303        0.43903674        0.63887185        4.90000000        2.82398877
    26.70571481       32.09159729        0.44118632        0.63810745        4.90000000        2.81801452
    26.77806120       32.16982155        0.44333873        0.63734115        4.90000000        2.81205157
    26.85036429       32.24804580        0.44549395        0.63657295        4.90000000        2.80609990
    26.92262421       32.32627006        0.44765197        0.63580284        4.90000000        2.80015948
    26.99484104       32.40449431        0.44981277        0.63503083        4.90000000        2.79423029
    27.06701490       32.48271857        0.45197633        0.63425690        4.90000000        2.78831231
    27.13914589       32.56094283        0.45414264        0.63348105        4.90000000        2.78240552
    27.21123410       32.63916708        0.45631167        0.63270327        4.90000000        2.77650989
    27.28327963       32.71739134        0.45848343        0.63192355        4.90000000        2.77062541
    27.35528258       32.79561559        0.46065788        0.63114190        4.90000000        2.76475204
    27.42724302       32.87383985        0.46283502        0.63035831        4.90000000        2.75888977
    27.49916106       32.95206411        0.46501482        0.62957277        4.90000000        2.75303858
    27.57103678       33.03028836        0.46719728        0.62878527        4.90000000        2.74719843
    27.64287026       33.10851262        0.46938237        0.62799581        4.90000000        2.74136932
    27.71466159       33.18673688        0.47157008        0.62720438        4.90000000        2.73555121
    27.78641084       33.26496113        0.47376039        0.62641099        4.90000000        2.72974408
    27.85811808       33.34318539        0.47595329        0.62561561        4.90000000        2.72394791
    27.92978340       33.42140964        0.47814876        0.62481825        4.90000000        2.71816268
    28.00140687       33.49963390        0.48034678        0.62401890        4.90000000        2.71238836
    28.07298856       33.57785816        0.48254734        0.62321756        4.90000000        2.70662493
    28.14452853       33.65608241        0.48475042        0.62241421        4.90000000        2.70087238
    28.21602685       33.73430667        0.48695600        0.62160886        4.90000000        2.69513066
    28.28748358       33.81253092        0.48916408        0.62080149        4.90000000        2.68939977
    28.35889880       33.89075518        0.49137462        0.61999211        4.90000000        2.68367968
    28.43027255       33.96897944        0.49358763        0.61918069        4.90000000        2.67797036
    28.50160489       34.04720369        0.49580307        0.61836725        4.90000000        2.67227179
    28.57289588       34.12542795        0.49802093        0.61755176        4.90000000        2.66658395
    28.64414558       34.20365220        0.50024120        0.61673424        4.90000000        2.66090682
    28.71535402       34.28187646        0.50246386        0.61591466        4.90000000        2.65524037
    28.78652127       34.36010072        0.50468889        0.61509302        4.90000000        2.64958458
    28.85764737       34.43832497        0.50691629        0.61426932        4.90000000        2.64393943
    28.92873236       34.51654923        0.50914602        0.61344355        4.90000000        2.63830489
    28.99977629       34.59477348        0.51137807        0.61261571        4.90000000        2.63268094
    29.07077921       34.67299774        0.51361243        0.61178578        4.90000000        2.62706755
    29.14174114       34.75122200        0.51584909        0.61095376        4.90000000        2.62146471
    29.21266212       34.82944625        0.51808801        0.61011964        4.90000000        2.61587239
    29.28354220       34.90767051        0.52032920        0.60928342        4.90000000        2.61029056
    29.35438140       34.98589476        0.52257262        0.60844509        4.90000000        2.60471921
    29.42517976       35.06411902        0.52481827        0.60760465        4.90000000        2.59915830
    29.49593731       35.14234328        0.52706613        0.60676208        4.90000000        2.59360782
    29.56665407       35.22056753        0.52931618        0.60591738        4.90000000        2.58806774
    29.63733007       35.29879179        0.53156840        0.60507054        4.90000000        2.58253804
    29.70796533       35.37701604        0.53382278        0.60422156        4.90000000        2.57701869
    29.77855989       35.45524030        0.53607930        0.60337043        4.90000000        2.57150968
    29.84911375       35.53346456        0.53833794        0.60251714        4.90000000        2.56601097
    29.91962694       35.61168881        0.54059870        0.60166168        4.90000000        2.56052255
    29.99009947       35.68991307        0.54286154        0.60080406        4.90000000        2.55504439
    30.06053137       35.76813732        0.54512645        0.59994425        4.90000000        2.54957646
    30.13092263       35.84636158        0.54739343        0.59908225        4.90000000        2.54411875
    30.20127328       35.92458584        0.54966244        0.59821807        4.90000000        2.53867123
    30.27158332       36.00281009        0.55193347        0.59735168        4.90000000        2.53323387
    30.34185276       36.08103435        0.55420651        0.59648308        4.90000000        2.52780666
    30.41208162       36.15925860        0.55648154        0.59561226        4.90000000        2.52238956
    30.48226988       36.23748286        0.55875854        0.59473922        4.90000000        2.51698257
    30.55241757       36.31570712        0.56103750        0.59386395        4.90000000        2.51158564
    30.62252467       36.39393137        0.56331840        0.59298644        4.90000000        2.50619876
    30.69259118       36.47215563        0.56560122        0.59210669        4.90000000        2.50082190
    30.76261712       36.55037988        0.56788594        0.59122468        4.90000000        2.49545505
    30.83260246       36.62860414        0.57017255        0.59034040        4.90000000        2.49009817
    30.90254721       36.70682840        0.57246103        0.58945386        4.90000000        2.48475124
    30.97245136       36.78505265        0.57475136        0.58856504        4.90000000        2.47941425
    31.04231490       36.86327691        0.57704353        0.58767394        4.90000000        2.47408716
    31.11213782       36.94150116        0.57933752        0.58678054        4.90000000        2.46876995
    31.18192011       37.01972542        0.58163331        0.58588483        4.90000000        2.46346260
    31.25166175       37.09794968        0.58393089        0.58498682        4.90000000        2.45816509
    31.32136273       37.17617393        0.58623023        0.58408649        4.90000000        2.45287738
    31.39102303       37.25439819        0.58853133        0.58318384        4.90000000        2.44759947
    31.46064263       37.33262244        0.59083416        0.58227885        4.90000000        2.44233131
    31.53022152       37.41084670        0.59313871        0.58137152        4.90000000        2.43707290
    31.59975967       37.48907096        0.59544496        0.58046183        4.90000000        2.43182420
    31.66925705       37.56729521        0.59775288        0.57954979        4.90000000        2.42658520
    31.73871365       37.64551947        0.60006248        0.57863538        4.90000000        2.42135587
    31.80812944       37.72374372        0.60237372        0.57771859        4.90000000        2.41613618
    31.87750438       37.80196798        0.60468660        0.57679942        4.90000000        2.41092611
    31.94683846       37.88019224        0.60700108        0.57587785        4.90000000        2.40572564
    32.01613163       37.95841649        0.60931717        0.57495388        4.90000000        2.40053474
    32.08538386       38.03664075        0.61163483        0.57402751        4.90000000        2.39535340
    32.15459512       38.11486500        0.61395406        0.57309871        4.90000000        2.39018158
    32.22376538       38.19308926        0.61627483        0.57216748        4.90000000        2.38501927
    32.29289460       38.27131352        0.61859712        0.57123381        4.90000000        2.37986644
    32.36198273       38.34953777        0.62092093        0.57029770        4.90000000        2.37472306
    32.43102974       38.42776203        0.62324623        0.56935913        4.90000000        2.36958911
    32.50003558       38.50598628        0.62557301        0.56841810        4.90000000        2.36446458
    32.56900021       38.58421054        0.62790124        0.56747459        4.90000000        2.35934943
    32.63792359       38.66243480        0.63023092        0.56652860        4.90000000        2.35424364
    32.70680567       38.74065905        0.63256202        0.56558012        4.90000000        2.34914719
    32.77564640       38.81888331        0.63489452        0.56462913        4.90000000        2.34406006
    32.84444573       38.89710756        0.63722842        0.56367564        4.90000000        2.33898222
    32.91320361       38.97533182        0.63956368        0.56271962        4.90000000        2.33391365
    32.98191999       39.05355608        0.64190030        0.56176107        4.90000000        2.32885432
    33.05059480       39.13178033        0.64423826        0.56079999        4.90000000        2.32380421
    33.11922801       39.21000459        0.64657754        0.55983635        4.90000000        2.31876330
    33.18781954       39.28822884        0.64891811        0.55887015        4.90000000        2.31373157
    33.25636934       39.36645310        0.65125998        0.55790139        4.90000000        2.30870899
    33.32487735       39.44467736        0.65360311        0.55693004        4.90000000        2.30369553
    33.39334351       39.52290161        0.65594748        0.55595611        4.90000000        2.29869118
    33.46176775       39.60112587        0.65829310        0.55497957        4.90000000        2.29369591
    33.53015001       39.67935012        0.66063992        0.55400043        4.90000000        2.28870970
    33.59849023       39.75757438        0.66298794        0.55301867        4.90000000        2.28373252
    33.66678832       39.83579864        0.66533715        0.55203428        4.90000000        2.27876436
    33.73504423       39.91402289        0.66768751        0.55104725        4.90000000        2.27380518
    33.80325789       39.99224715        0.67003902        0.55005757        4.90000000        2.26885497
    33.87142921       40.07047140        0.67239165        0.54906522        4.90000000        2.26391370
    33.93955814       40.14869566        0.67474540        0.54807021        4.90000000        2.25898135
    34.00764458       40.22691992        0.67710024        0.54707252        4.90000000        2.25405789
    34.07568847       40.30514417        0.67945615        0.54607213        4.90000000        2.24914331
    34.14368972       40.38336843        0.68181312        0.54506904        4.90000000        2.24423758
    34.21164826       40.46159268        0.68417113        0.54406324        4.90000000        2.23934067
    34.27956400       40.53981694        0.68653016        0.54305471        4.90000000        2.23445257
    34.34743686       40.61804120        0.68889019        0.54204345        4.90000000        2.22957325
    34.41526676       40.69626545        0.69125121        0.54102944        4.90000000        2.22470268
    34.48305361       40.77448971        0.69361320        0.54001268        4.90000000        2.21984085
    34.55079732       40.85271396        0.69597614        0.53899314        4.90000000        2.21498773
    34.61849781       40.93093822        0.69834002        0.53797083        4.90000000        2.21014330
    34.68615497       41.00916248        0.70070481        0.53694572        4.90000000        2.20530754
    34.75376873       41.08738673        0.70307050        0.53591781        4.90000000        2.20048042
    34.82133898       41.16561099        0.70543707        0.53488709        4.90000000        2.19566192
    34.88886563       41.24383524        0.70780451        0.53385354        4.90000000        2.19085202
    34.95634860       41.32205950        0.71017279        0.53281716        4.90000000        2.18605069
    35.02378776       41.40028376        0.71254189        0.53177793        4.90000000        2.18125791
    35.09118303       41.47850801        0.71491181        0.53073584        4.90000000        2.17647367
    35.15853431       41.55673227        0.71728252        0.52969087        4.90000000        2.17169793
    35.22584149       41.63495652        0.71965401        0.52864302        4.90000000        2.16693068
    35.29310446       41.71318078        0.72202625        0.52759228        4.90000000        2.16217189
    35.36032313       41.79140504        0.72439924        0.52653862        4.90000000        2.15742154
    35.42749738       41.86962929        0.72677294        0.52548205        4.90000000        2.15267960
    35.49462711       41.94785355        0.72914735        0.52442255        4.90000000        2.14794606
    35.56171221       42.02607780        0.73152244        0.52336010        4.90000000        2.14322089
    35.62875255       42.10430206        0.73389821        0.52229469        4.90000000        2.13850408
    35.69574803       42.18252632        0.73627462        0.52122631        4.90000000        2.13379559
    35.76269854       42.26075057        0.73865167        0.52015496        4.90000000        2.12909540
    35.82960396       42.33897483        0.74102934        0.51908060        4.90000000        2.12440350
    35.89646416       42.41719908        0.74340760        0.51800324        4.90000000        2.11971986
    35.96327903       42.49542334        0.74578644        0.51692286        4.90000000        2.11504446
    36.03004845       42.57364760        0.74816585        0.51583945        4.90000000        2.11037728
    36.09677230       42.65187185        0.75054579        0.51475299        4.90000000        2.10571829
    36.16345044       42.73009611        0.75292627        0.51366347        4.90000000        2.10106747
    36.23008276       42.80832036        0.75530726        0.51257088        4.90000000        2.09642481
    36.29666912       42.88654462        0.75768873        0.51147520        4.90000000        2.09179027
    36.36320940       42.96476888        0.76007068        0.51037643        4.90000000        2.08716384
    36.42970346       43.04299313        0.76245309        0.50927454        4.90000000        2.08254549
    36.49615118       43.12121739        0.76483593        0.50816953        4.90000000        2.07793521
    36.56255241       43.19944164        0.76721920        0.50706138        4.90000000        2.07333297
    36.62890703       43.27766590        0.76960287        0.50595007        4.90000000        2.06873875
    36.69521489       43.35589016        0.77198692        0.50483560        4.90000000        2.06415252
    36.76147586       43.43411441        0.77437134        0.50371795        4.90000000        2.05957428
    36.82768980       43.51233867        0.77675610        0.50259710        4.90000000        2.05500398
    36.89385655       43.59056292        0.77914120        0.50147305        4.90000000        2.05044162
    36.95997599       43.66878718        0.78152662        0.50034577        4.90000000        2.04588718
    37.02604795       43.74701144        0.78391233        0.49921526        4.90000000        2.04134062
    37.09207231       43.82523569        0.78629831        0.49808149        4.90000000        2.03680193
    37.15804890       43.90345995        0.78868456        0.49694446        4.90000000        2.03227109
    37.22397758       43.98168421        0.79107105        0.49580415        4.90000000        2.02774807
    37.28985819       44.05990846        0.79345776        0.49466054        4.90000000        2.02323286
    37.35569059       44.13813272        0.79584468        0.49351362        4.90000000        2.01872543
    37.42147460       44.21635697        0.79823179        0.49236338        4.90000000        2.01422576
    37.48721009       44.29458123        0.80061907        0.49120980        4.90000000        2.00973384
    37.55289688       44.37280549        0.80300651        0.49005287        4.90000000        2.00524963
    37.61853482       44.45102974        0.80539408        0.48889257        4.90000000        2.00077313
    37.68412374       44.52925400        0.80778176        0.48772888        4.90000000        1.99630430
    37.74966348       44.60747825        0.81016955        0.48656179        4.90000000        1.99184312
    37.81515388       44.68570251        0.81255742        0.48539129        4.90000000        1.98738959
    37.88059477       44.76392677        0.81494535        0.48421735        4.90000000        1.98294367
    37.94598597       44.84215102        0.81733333        0.48303997        4.90000000        1.97850534
    38.01132732       44.92037528        0.81972134        0.48185913        4.90000000        1.97407459
    38.07661864       44.99859953        0.82210936        0.48067481        4.90000000        1.96965139
    38.14185976       45.07682379        0.82449737        0.47948699        4.90000000        1.96523572
    38.20705050       45.15504805        0.82688536        0.47829566        4.90000000        1.96082756
    38.27219069       45.23327230        0.82927330        0.47710081        4.90000000        1.95642689
    38.33728013       45.31149656        0.83166119        0.47590241        4.90000000        1.95203370
    38.40231866       45.38972081        0.83404899        0.47470046        4.90000000        1.94764795
    38.46730609       45.46794507        0.83643670        0.47349493        4.90000000        1.94326964
    38.53224223       45.54616933        0.83882429        0.47228581        4.90000000        1.93889873
    38.59712689       45.62439358        0.84121176        0.47107308        4.90000000        1.93453521
    38.66195989       45.70261784        0.84359907        0.46985672        4.90000000        1.93017906
    38.72674103       45.78084209        0.84598622        0.46863672        4.90000000        1.92583026
    38.79147012       45.85906635        0.84837318        0.46741306        4.90000000        1.92148878
    38.85614697       45.93729061        0.85075993        0.46618572        4.90000000        1.91715462
    38.92077137       46.01551486        0.85314647        0.46495469        4.90000000        1.91282774
    38.98534314       46.09373912        0.85553276        0.46371994        4.90000000        1.90850813
    39.04986206       46.17196337        0.85791880        0.46248147        4.90000000        1.90419577
    39.11432795       46.25018763        0.86030457        0.46123925        4.90000000        1.89989063
    39.17874058       46.32841189        0.86269004        0.45999327        4.90000000        1.89559270
    39.24309976       46.40663614        0.86507521        0.45874350        4.90000000        1.89130197
    39.30740528       46.48486040        0.86746004        0.45748993        4.90000000        1.88701840
    39.37165693       46.56308465        0.86984453        0.45623254        4.90000000        1.88274198
    39.43585449       46.64130891        0.87222866        0.45497131        4.90000000        1.87847269
    39.49999774       46.71953317        0.87461240        0.45370623        4.90000000        1.87421050
    39.56408649       46.79775742        0.87699575        0.45243728        4.90000000        1.86995541
    39.62812049       46.87598168        0.87937867        0.45116443        4.90000000        1.86570739
    39.69209955       46.95420593        0.88176117        0.44988767        4.90000000        1.86146642
    39.75602342       47.03243019        0.88414321        0.44860698        4.90000000        1.85723249
    39.81989190       47.11065445        0.88652478        0.44732234        4.90000000        1.85300556
    39.88370474       47.18887870        0.88890586        0.44603373        4.90000000        1.84878563
    39.94746173       47.26710296        0.89128644        0.44474113        4.90000000        1.84457267
    40.01116262       47.34532721        0.89366649        0.44344452        4.90000000        1.84036667
    40.07480720       47.42355147        0.89604600        0.44214389        4.90000000        1.83616761
    40.13839522       47.50177573        0.89842495        0.44083921        4.90000000        1.83197546
    40.20192645       47.57999998        0.90080332        0.43953046        4.90000000        1.82779021
    40.26540064       47.65822424        0.90318110        0.43821763        4.90000000        1.82361183
    40.32881756       47.73644849        0.90555827        0.43690069        4.90000000        1.81944032
    40.39217696       47.81467275        0.90793480        0.43557962        4.90000000        1.81527565
    40.45547859       47.89289701        0.91031069        0.43425440        4.90000000        1.81111780
    40.51872221       47.97112126        0.91268591        0.43292502        4.90000000        1.80696676
    40.58190757       48.04934552        0.91506045        0.43159144        4.90000000        1.80282250
    40.64503442       48.12756977        0.91743429        0.43025366        4.90000000        1.79868501
    40.70810249       48.20579403        0.91980740        0.42891164        4.90000000        1.79455426
    40.77111154       48.28401829        0.92217978        0.42756537        4.90000000        1.79043025
    40.83406129       48.36224254        0.92455141        0.42621483        4.90000000        1.78631294
    40.89695151       48.44046680        0.92692226        0.42486000        4.90000000        1.78220233
    40.95978190       48.51869105        0.92929233        0.42350085        4.90000000        1.77809840
    41.02255222       48.59691531        0.93166158        0.42213735        4.90000000        1.77400112
    41.08526219       48.67513957        0.93403001        0.42076950        4.90000000        1.76991048
    41.14791154       48.75336382        0.93639760        0.41939727        4.90000000        1.76582645
    41.21049999       48.83158808        0.93876432        0.41802063        4.90000000        1.76174904
    41.27302728       48.90981233        0.94113017        0.41663957        4.90000000        1.75767820
    41.33549312       48.98803659        0.94349512        0.41525405        4.90000000        1.75361393
    41.39789723       49.06626085        0.94585915        0.41386407        4.90000000        1.74955621
    41.46023933       49.14448510        0.94822226        0.41246959        4.90000000        1.74550502
    41.52251913       49.22270936        0.95058441        0.41107059        4.90000000        1.74146034
    41.58473635       49.30093361        0.95294560        0.40966705        4.90000000        1.73742216
    41.64689069       49.37915787        0.95530580        0.40825894        4.90000000        1.73339045
    41.70898186       49.45738213        0.95766500        0.40684625        4.90000000        1.72936520
    41.77100956       49.53560638        0.96002318        0.40542895        4.90000000        1.72534640
    41.83297349       49.61383064        0.96238033        0.40400701        4.90000000        1.72133402
    41.89487337       49.69205489        0.96473641        0.40258041        4.90000000        1.71732805
    41.95670887       49.77027915        0.96709143        0.40114912        4.90000000        1.71332846
    42.01847969       49.84850341        0.96944535        0.39971313        4.90000000        1.70933525
    42.08018554       49.92672766        0.97179817        0.39827241        4.90000000        1.70534840
    42.14182608       50.00495192        0.97414986        0.39682693        4.90000000        1.70136788
    42.20340101       50.08317617        0.97650040        0.39537666        4.90000000        1.69739368
    42.26491002       50.16140043        0.97884979        0.39392159        4.90000000        1.69342579
    42.32635277       50.23962469        0.98119799        0.39246169        4.90000000        1.68946419
    42.38772895       50.31784894        0.98354500        0.39099693        4.90000000        1.68550885
    42.44903824       50.39607320        0.98589080        0.38952728        4.90000000        1.68155977
    42.51028030       50.47429745        0.98823537        0.38805273        4.90000000        1.67761693
    42.57145480       50.55252171        0.99057868        0.38657324        4.90000000        1.67368030
    42.63256142       50.63074597        0.99292073        0.38508879        4.90000000        1.66974988
    42.69359980       50.70897022        0.99526150        0.38359935        4.90000000        1.66582564
    42.75456962       50.78719448        0.99760096        0.38210489        4.90000000        1.66190758
    42.81547053       50.86541873        0.99993911        0.38060540        4.90000000        1.65799566
    42.87630218       50.94364299        1.00227592        0.37910083        4.90000000        1.65408989
    42.93706423       51.02186725        1.00461137        0.37759118        4.90000000        1.65019023
    42.99775632       51.10009150        1.00694546        0.37607639        4.90000000        1.64629668
    43.05837810       51.17831576        1.00927815        0.37455646        4.90000000        1.64240922
    43.11892921       51.25654001        1.01160944        0.37303135        4.90000000        1.63852782
    43.17940929       51.33476427        1.01393931        0.37150104        4.90000000        1.63465249
    43.23981798       51.41298853        1.01626773        0.36996549        4.90000000        1.63078319
    43.30015491       51.49121278        1.01859470        0.36842468        4.90000000        1.62691992
    43.36041970       51.56943704        1.02092018        0.36687857        4.90000000        1.62306265
    43.42061199       51.64766129        1.02324418        0.36532715        4.90000000        1.61921138
    43.48073140       51.72588555        1.02556666        0.36377038        4.90000000        1.61536608
    43.54077754       51.80410981        1.02788762        0.36220823        4.90000000        1.61152674
    43.60075004       51.88233406        1.03020703        0.36064067        4.90000000        1.60769335
    43.66064851       51.96055832        1.03252488        0.35906768        4.90000000        1.60386588
    43.72047255       52.03878257        1.03484114        0.35748922        4.90000000        1.60004433
    43.78022178       52.11700683        1.03715581        0.35590526        4.90000000        1.59622868
    43.83989580       52.19523109        1.03946887        0.35431578        4.90000000        1.59241891
    43.89949421       52.27345534        1.04178029        0.35272074        4.90000000        1.58861500
    43.95901660       52.35167960        1.04409006        0.35112011        4.90000000        1.58481695
    44.01846257       52.42990385        1.04639816        0.34951386        4.90000000        1.58102474
    44.07783171       52.50812811        1.04870458        0.34790196        4.90000000        1.57723834
    44.13712360       52.58635237        1.05100930        0.34628438        4.90000000        1.57345775
    44.19633782       52.66457662        1.05331230        0.34466108        4.90000000        1.56968296
    44.25547396       52.74280088        1.05561356        0.34303204        4.90000000        1.56591394
    44.31453158       52.82102513        1.05791307        0.34139722        4.90000000        1.56215068
    44.37351027       52.89924939        1.06021081        0.33975659        4.90000000        1.55839316
    44.43240958       52.97747365        1.06250676        0.33811012        4.90000000        1.55464138
    44.49122909       53.05569790        1.06480091        0.33645778        4.90000000        1.55089532
    44.54996835       53.13392216        1.06709323        0.33479952        4.90000000        1.54715495
    44.60862691       53.21214641        1.06938371        0.33313532        4.90000000        1.54342028
    44.66720434       53.29037067        1.07167234        0.33146515        4.90000000        1.53969128
    44.72570017       53.36859493        1.07395909        0.32978897        4.90000000        1.53596793
    44.78411396       53.44681918        1.07624395        0.32810674        4.90000000        1.53225023
    44.84244525       53.52504344        1.07852690        0.32641844        4.90000000        1.52853816
    44.90069356       53.60326769        1.08080793        0.32472402        4.90000000        1.52483171
    44.95885844       53.68149195        1.08308702        0.32302346        4.90000000        1.52113086
    45.01693941       53.75971621        1.08536414        0.32131671        4.90000000        1.51743559
    45.07493599       53.83794046        1.08763929        0.31960374        4.90000000        1.51374590
    45.13284772       53.91616472        1.08991245        0.31788452        4.90000000        1.51006177
    45.19067410       53.99438897        1.09218359        0.31615901        4.90000000        1.50638319
    45.24841464       54.07261323        1.09445271        0.31442718        4.90000000        1.50271013
    45.30606886       54.15083749        1.09671978        0.31268898        4.90000000        1.49904259
    45.36363625       54.22906174        1.09898479        0.31094438        4.90000000        1.49538056
    45.42111631       54.30728600        1.10124772        0.30919335        4.90000000        1.49172402
    45.47850855       54.38551025        1.10350855        0.30743584        4.90000000        1.48807295
    45.53581245       54.46373451        1.10576727        0.30567182        4.90000000        1.48442735
    45.59302749       54.54195877        1.10802387        0.30390126        4.90000000        1.48078720
    45.65015316       54.62018302        1.11027831        0.30212410        4.90000000        1.47715248
    45.70718893       54.69840728        1.11253059        0.30034032        4.90000000        1.47352318
    45.76413428       54.77663153        1.11478069        0.29854987        4.90000000        1.46989930
    45.82098867       54.85485579        1.11702860        0.29675272        4.90000000        1.46628081
    45.87775157       54.93308005        1.11927429        0.29494882        4.90000000        1.46266771
    45.93442242       55.01130430        1.12151774        0.29313814        4.90000000        1.45905998
    45.99100070       55.08952856        1.12375895        0.29132064        4.90000000        1.45545760
    46.04748584       55.16775282        1.12599790        0.28949627        4.90000000        1.45186057
    46.10387729       55.24597707        1.12823456        0.28766500        4.90000000        1.44826887
    46.16017448       55.32420133        1.13046892        0.28582678        4.90000000        1.44468249
    46.21637685       55.40242558        1.13270097        0.28398158        4.90000000        1.44110142
    46.27248383       55.48064984        1.13493069        0.28212935        4.90000000        1.43752564
    46.32849485       55.55887410        1.13715806        0.28027004        4.90000000        1.43395514
    46.38440931       55.63709835        1.13938306        0.27840363        4.90000000        1.43038991
    46.44022664       55.71532261        1.14160568        0.27653006        4.90000000        1.42682993
    46.49594623       55.79354686        1.14382590        0.27464929        4.90000000        1.42327520
    46.55156750       55.87177112        1.14604370        0.27276127        4.90000000        1.41972571
    46.60708984       55.94999538        1.14825907        0.27086598        4.90000000        1.41618143
    46.66251264       56.02821963        1.15047199        0.26896335        4.90000000        1.41264235
    46.71783529       56.10644389        1.15268245        0.26705335        4.90000000        1.40910848
    46.77305717       56.18466814        1.15489042        0.26513593        4.90000000        1.40557978
    46.82817765       56.26289240        1.15709590        0.26321105        4.90000000        1.40205626
    46.88319610       56.34111666        1.15929886        0.26127866        4.90000000        1.39853790
    46.93811189       56.41934091        1.16149928        0.25933872        4.90000000        1.39502469
    46.99292438       56.49756517        1.16369716        0.25739117        4.90000000        1.39151661
    47.04763291       56.57578942        1.16589247        0.25543598        4.90000000        1.38801365
    47.10223684       56.65401368        1.16808520        0.25347309        4.90000000        1.38451581
    47.15673550       56.73223794        1.17027533        0.25150247        4.90000000        1.38102307
    47.21112824       56.81046219        1.17246285        0.24952405        4.90000000        1.37753542
    47.26541436       56.88868645        1.17464774        0.24753780        4.90000000        1.37405285
    47.31959321       56.96691070        1.17682997        0.24554366        4.90000000        1.37057535
    47.37366410       57.04513496        1.17900955        0.24354159        4.90000000        1.36710290
    47.42762633       57.12335922        1.18118644        0.24153153        4.90000000        1.36363550
    47.48147921       57.20158347        1.18336063        0.23951345        4.90000000        1.36017313
    47.53522204       57.27980773        1.18553212        0.23748728        4.90000000        1.35671578
    47.58885411       57.35803198        1.18770087        0.23545297        4.90000000        1.35326345
    47.64237469       57.43625624        1.18986687        0.23341049        4.90000000        1.34981612
    47.69578308       57.51448050        1.19203011        0.23135977        4.90000000        1.34637378
    47.74907854       57.59270475        1.19419058        0.22930076        4.90000000        1.34293642
    47.80226034       57.67092901        1.19634825        0.22723341        4.90000000        1.33950403
    47.85532772       57.74915326        1.19850310        0.22515768        4.90000000        1.33607659
    47.90827995       57.82737752        1.20065513        0.22307350        4.90000000        1.33265411
    47.96111627       57.90560178        1.20280432        0.22098082        4.90000000        1.32923657
    48.01383591       57.98382603        1.20495064        0.21887959        4.90000000        1.32582395
    48.06643811       58.06205029        1.20709409        0.21676976        4.90000000        1.32241625
    48.11892208       58.14027454        1.20923464        0.21465127        4.90000000        1.31901346
    48.17128705       58.21849880        1.21137229        0.21252407        4.90000000        1.31561556
    48.22353221       58.29672306        1.21350701        0.21038809        4.90000000        1.31222256
    48.27565677       58.37494731        1.21563879        0.20824329        4.90000000        1.30883443
    48.32765993       58.45317157        1.21776762        0.20608961        4.90000000        1.30545117
    48.37954086       58.53139582        1.21989347        0.20392699        4.90000000        1.30207277
    48.43129875       58.60962008        1.22201633        0.20175537        4.90000000        1.29869921
    48.48293276       58.68784434        1.22413618        0.19957470        4.90000000        1.29533050
    48.53444207       58.76606859        1.22625301        0.19738491        4.90000000        1.29196661
    48.58582581       58.84429285        1.22836681        0.19518596        4.90000000        1.28860755
    48.63708315       58.92251710        1.23047755        0.19297777        4.90000000        1.28525330
    48.68821321       59.00074136        1.23258523        0.19076030        4.90000000        1.28190384
    48.73921513       59.07896562        1.23468981        0.18853347        4.90000000        1.27855919
    48.79008803       59.15718987        1.23679130        0.18629723        4.90000000        1.27521931
    48.84083102       59.23541413        1.23888967        0.18405153        4.90000000        1.27188421
    48.89144321       59.31363838        1.24098491        0.18179628        4.90000000        1.26855387
    48.94192369       59.39186264        1.24307699        0.17953145        4.90000000        1.26522830
    48.99227156       59.47008690        1.24516591        0.17725695        4.90000000        1.26190746
    49.04248588       59.54831115        1.24725166        0.17497273        4.90000000        1.25859137
    49.09256574       59.62653541        1.24933420        0.17267872        4.90000000        1.25528001
    49.14251019       59.70475966        1.25141353        0.17037487        4.90000000        1.25197338
    49.19231828       59.78298392        1.25348964        0.16806110        4.90000000        1.24867145
    49.24198906       59.86120818        1.25556250        0.16573734        4.90000000        1.24537423
    49.29152156       59.93943243        1.25763210        0.16340354        4.90000000        1.24208171
    49.34091480       60.01765669        1.25969843        0.16105963        4.90000000        1.23879388
    49.39016781       60.09588094        1.26176146        0.15870554        4.90000000        1.23551073
    49.43927958       60.17410520        1.26382119        0.15634120        4.90000000        1.23223226
    49.48824911       60.25232946        1.26587760        0.15396654        4.90000000        1.22895845
    49.53707539       60.33055371        1.26793067        0.15158150        4.90000000        1.22568929
    49.58575740       60.40877797        1.26998038        0.14918601        4.90000000        1.22242479
    49.63429409       60.48700222        1.27202673        0.14677999        4.90000000        1.21916493
    49.68268443       60.56522648        1.27406969        0.14436337        4.90000000        1.21590971
    49.73092736       60.64345074        1.27610925        0.14193609        4.90000000        1.21265911
    49.77902181       60.72167499        1.27814540        0.13949807        4.90000000        1.20941313
    49.82696671       60.79989925        1.28017811        0.13704924        4.90000000        1.20617176
    49.87476098       60.87812350        1.28220738        0.13458953        4.90000000        1.20293501
    49.92240352       60.95634776        1.28423319        0.13211886        4.90000000        1.19970285
    49.96989321       61.03457202        1.28625552        0.12963716        4.90000000        1.19647528
    50.01722895       61.11279627        1.28827435        0.12714435        4.90000000        1.19325229
    50.06440960       61.19102053        1.29028968        0.12464036        4.90000000        1.19003389
    50.11143401       61.26924478        1.29230148        0.12212511        4.90000000        1.18682006
    50.15830105       61.34746904        1.29430975        0.11959853        4.90000000        1.18361079
    50.20500954       61.42569330        1.29631446        0.11706054        4.90000000        1.18040608
    50.25155831       61.50391755        1.29831560        0.11451105        4.90000000        1.17720592
    50.29794616       61.58214181        1.30031316        0.11195000        4.90000000        1.17401031
    50.34417191       61.66036606        1.30230712        0.10937730        4.90000000        1.17081923
    50.39023434       61.73859032        1.30429746        0.10679287        4.90000000        1.16763269
    50.43613222       61.81681458        1.30628417        0.10419663        4.90000000        1.16445068
    50.48186432       61.89503883        1.30826723        0.10158850        4.90000000        1.16127319
    50.52742939       61.97326309        1.31024664        0.09896839        4.90000000        1.15810022
    50.57282618       62.05148734        1.31222237        0.09633623        4.90000000        1.15493175
    50.61805339       62.12971160        1.31419440        0.09369192        4.90000000        1.15176779
    50.66310975       62.20793586        1.31616273        0.09103540        4.90000000        1.14860833
    50.70799396       62.28616011        1.31812734        0.08836656        4.90000000        1.14545336
    50.75270470       62.36438437        1.32008822        0.08568533        4.90000000        1.14230288
    50.79724064       62.44260862        1.32204534        0.08299161        4.90000000        1.13915689
    50.84160045       62.52083288        1.32399870        0.08028532        4.90000000        1.13601537
    50.88578276       62.59905714        1.32594827        0.07756638        4.90000000        1.13287832
    50.92978622       62.67728139        1.32789405        0.07483469        4.90000000        1.12974575
    50.97360943       62.75550565        1.32983602        0.07209016        4.90000000        1.12661763
    51.01725099       62.83372990        1.33177416        0.06933271        4.90000000        1.12349398
    51.06070951       62.91195416        1.33370846        0.06656223        4.90000000        1.12037478
    51.10398354       62.99017842        1.33563890        0.06377865        4.90000000        1.11726003
    51.14707166       63.06840267        1.33756547        0.06098186        4.90000000        1.11414973
    51.18997239       63.14662693        1.33948816        0.05817177        4.90000000        1.11104386
    51.23268427       63.22485118        1.34140695        0.05534829        4.90000000        1.10794243
    51.27520582       63.30307544        1.34332182        0.05251133        4.90000000        1.10484544
    51.31753552       63.38129970        1.34523276        0.04966078        4.90000000        1.10175288
    51.35967186       63.45952395        1.34713976        0.04679655        4.90000000        1.09866474
    51.40161330       63.53774821        1.34904280        0.04391854        4.90000000        1.09558102
    51.44335830       63.61597246        1.35094186        0.04102665        4.90000000        1.09250172
    51.48490528       63.69419672        1.35283694        0.03812079        4.90000000        1.08942684
    51.52625266       63.77242098        1.35472801        0.03520085        4.90000000        1.08635637
    51.56739883       63.85064523        1.35661507        0.03226673        4.90000000        1.08329030
    51.60834219       63.92886949        1.35849809        0.02931833        4.90000000        1.08022865
    51.64908109       64.00709374        1.36037706        0.02635555        4.90000000        1.07717139
    51.68961388       64.08531800        1.36225198        0.02337828        4.90000000        1.07411853
    51.72993888       64.16354226        1.36412281        0.02038641        4.90000000        1.07107007
    51.77005442       64.24176651        1.36598956        0.01737984        4.90000000        1.06802601
    51.80995877       64.31999077        1.36785220        0.01435847        4.90000000        1.06498633
    51.84965022       64.39821502        1.36971072        0.01132218        4.90000000        1.06195105
    51.88912702       64.47643928        1.37156511        0.00827088        4.90000000        1.05892015
    51.92838741       64.55466354        1.37341535        0.00520443        4.90000000        1.05589364
    51.96742960       64.63288779        1.37526142        0.00212275        4.90000000        1.05287151
    52.00625179       64.71111205        1.37710332       -0.00097429        4.90000000        1.04985376
    52.04485215       64.78933630        1.37894103       -0.00408680        4.90000000        1.04684040
    52.08322885       64.86756056        1.38077453       -0.00721489        4.90000000        1.04383141
    52.12138003       64.94578482        1.38260381       -0.01035868        4.90000000        1.04082679
    52.15930379       65.02400907        1.38442885       -0.01351828        4.90000000        1.03782656
    52.19699824       65.10223333        1.38624965       -0.01669381        4.90000000        1.03483069
    52.23446145       65.18045758        1.38806619       -0.01988539        4.90000000        1.03183920
    52.27169148       65.25868184        1.38987844       -0.02309313        4.90000000        1.02885208
    52.30868635       65.33690610        1.39168641       -0.02631715        4.90000000        1.02586933
    52.34544408       65.41513035        1.39349007       -0.02955759        4.90000000        1.02289096
    52.38196265       65.49335461        1.39528941       -0.03281455        4.90000000        1.01991695
    52.41824003       65.57157886        1.39708442       -0.03608816        4.90000000        1.01694731
    52.45427417       65.64980312        1.39887507       -0.03937855        4.90000000        1.01398205
    52.49006298       65.72802738        1.40066137       -0.04268584        4.90000000        1.01102115
    52.52560435       65.80625163        1.40244329       -0.04601016        4.90000000        1.00806462
    52.56089617       65.88447589        1.40422082       -0.04935164        4.90000000        1.00511246
    52.59593627       65.96270014        1.40599395       -0.05271040        4.90000000        1.00216468
    52.63072248       66.04092440        1.40776266       -0.05608657        4.90000000        0.99922126
    52.66525261       66.11914866        1.40952693       -0.05948029        4.90000000        0.99628221
    52.69952442       66.19737291        1.41128676       -0.06289168        4.90000000        0.99334754
    52.73353566       66.27559717        1.41304213       -0.06632089        4.90000000        0.99041724
    52.76728407       66.35382143        1.41479302       -0.06976804        4.90000000        0.98749132
    52.80076732       66.43204568        1.41653943       -0.07323327        4.90000000        0.98456976
    52.83398310       66.51026994        1.41828134       -0.07671672        4.90000000        0.98165259
    52.86692904       66.58849419        1.42001873       -0.08021852        4.90000000        0.97873980
    52.89960276       66.66671845        1.42175159       -0.08373882        4.90000000        0.97583138
    52.93200186       66.74494271        1.42347991       -0.08727776        4.90000000        0.97292735
    52.96412389       66.82316696        1.42520367       -0.09083547        4.90000000        0.97002770
    52.99596638       66.90139122        1.42692286       -0.09441211        4.90000000        0.96713244
    53.02752684       66.97961547        1.42863746       -0.09800781        4.90000000        0.96424157
    53.05880274       67.05783973        1.43034747       -0.10162272        4.90000000        0.96135509
    53.08979153       67.13606399        1.43205286       -0.10525699        4.90000000        0.95847300
    53.12049062       67.21428824        1.43375363       -0.10891077        4.90000000        0.95559531
    53.15089739       67.29251250        1.43544976       -0.11258420        4.90000000        0.95272202
    53.18100921       67.37073675        1.43714124       -0.11627743        4.90000000        0.94985313
    53.21082338       67.44896101        1.43882805       -0.11999063        4.90000000        0.94698865
    53.24033721       67.52718527        1.44051018       -0.12372394        4.90000000        0.94412858
    53.26954795       67.60540952        1.44218762       -0.12747752        4.90000000        0.94127293
    53.29845282       67.68363378        1.44386035       -0.13125152        4.90000000        0.93842169
    53.32704902       67.76185803        1.44552835       -0.13504610        4.90000000        0.93557488
    53.35533371       67.84008229        1.44719163       -0.13886142        4.90000000        0.93273249
    53.38330402       67.91830655        1.44885015       -0.14269764        4.90000000        0.92989453
    53.41095703       67.99653080        1.45050391       -0.14655492        4.90000000        0.92706101
    53.43828979       68.07475506        1.45215290       -0.15043343        4.90000000        0.92423193
    53.46529934       68.15297931        1.45379710       -0.15433333        4.90000000        0.92140729
    53.49198266       68.23120357        1.45543650       -0.15825479        4.90000000        0.91858710
    53.51833668       68.30942783        1.45707108       -0.16219797        4.90000000        0.91577138
    53.54435833       68.38765208        1.45870083       -0.16616304        4.90000000        0.91296011
    53.57004447       68.46587634        1.46032575       -0.17015018        4.90000000        0.91015331
    53.59539194       68.54410059        1.46194580       -0.17415955        4.90000000        0.90735098
    53.62039754       68.62232485        1.46356099       -0.17819132        4.90000000        0.90455314
    53.64505803       68.70054911        1.46517129       -0.18224568        4.90000000        0.90175978
    53.66937011       68.77877336        1.46677670       -0.18632280        4.90000000        0.89897091
    53.69333047       68.85699762        1.46837720       -0.19042286        4.90000000        0.89618654
    53.71693575       68.93522187        1.46997277       -0.19454603        4.90000000        0.89340668
    53.74018253       69.01344613        1.47156341       -0.19869250        4.90000000        0.89063134
    53.76306737       69.09167039        1.47314910       -0.20286245        4.90000000        0.88786051
    53.78558677       69.16989464        1.47472983       -0.20705606        4.90000000        0.88509422
    53.80773721       69.24811890        1.47630558       -0.21127352        4.90000000        0.88233246
    53.82951511       69.32634315        1.47787635       -0.21551502        4.90000000        0.87957524
    53.85091684       69.40456741        1.47944211       -0.21978074        4.90000000        0.87682259
    53.87193872       69.48279167        1.48100285       -0.22407088        4.90000000        0.87407449
    53.89257706       69.56101592        1.48255857       -0.22838562        4.90000000        0.87133096
    53.91282808       69.63924018        1.48410924       -0.23272516        4.90000000        0.86859202
    53.93268798       69.71746443        1.48565486       -0.23708970        4.90000000        0.86585766
    53.95215290       69.79568869        1.48719541       -0.24147942        4.90000000        0.86312791
    53.97121893       69.87391295        1.48873088       -0.24589454        4.90000000        0.86040276
    53.98988212       69.95213720        1.49026126       -0.25033524        4.90000000        0.85768223
    54.00813846       70.03036146        1.49178652       -0.25480173        4.90000000        0.85496633
    54.02598389       70.10858571        1.49330667       -0.25929422        4.90000000        0.85225507
    54.04341431       70.18680997        1.49482168       -0.26381290        4.90000000        0.84954845
    54.06042554       70.26503423        1.49633154       -0.26835798        4.90000000        0.84684650
    54.07701338       70.34325848        1.49783625       -0.27292968        4.90000000        0.84414923
    54.09317356       70.42148274        1.49933577       -0.27752819        4.90000000        0.84145663
    54.10890175       70.49970699        1.50083012       -0.28215374        4.90000000        0.83876873
    54.12419356       70.57793125        1.50231926       -0.28680653        4.90000000        0.83608554
    54.13904457       70.65615551        1.50380318       -0.29148677        4.90000000        0.83340707
    54.15345027       70.73437976        1.50528189       -0.29619470        4.90000000        0.83073333
    54.16740611       70.81260402        1.50675535       -0.30093051        4.90000000        0.82806434
    54.18090747       70.89082827        1.50822356       -0.30569443        4.90000000        0.82540010
    54.19394969       70.96905253        1.50968650       -0.31048668        4.90000000        0.82274064
    54.20652802       71.04727679        1.51114416       -0.31530749        4.90000000        0.82008596
    54.21863767       71.12550104        1.51259653       -0.32015707        4.90000000        0.81743608
    54.23027378       71.20372530        1.51404360       -0.32503566        4.90000000        0.81479101
    54.24143142       71.28194955        1.51548535       -0.32994347        4.90000000        0.81215077
    54.25210559       71.36017381        1.51692176       -0.33488075        4.90000000        0.80951537
    54.26229125       71.43839807        1.51835283       -0.33984771        4.90000000        0.80688483
    54.27198327       71.51662232        1.51977855       -0.34484460        4.90000000        0.80425917
    54.28117645       71.59484658        1.52119889       -0.34987164        4.90000000        0.80163839
    54.28986554       71.67307083        1.52261384       -0.35492907        4.90000000        0.79902251
    54.29804520       71.75129509        1.52402340       -0.36001713        4.90000000        0.79641156
    54.30571002       71.82951935        1.52542755       -0.36513605        4.90000000        0.79380554
    54.31285453       71.90774360        1.52682627       -0.37028608        4.90000000        0.79120448
    54.31947319       71.98596786        1.52821956       -0.37546745        4.90000000        0.78860839
    54.32556035       72.06419211        1.52960739       -0.38068042        4.90000000        0.78601729
    54.33111033       72.14241637        1.53098976       -0.38592522        4.90000000        0.78343119
    54.33611734       72.22064063        1.53236666       -0.39120209        4.90000000        0.78085012
    54.34057553       72.29886488        1.53373806       -0.39651130        4.90000000        0.77827410
    54.34447895       72.37708914        1.53510396       -0.40185308        4.90000000        0.77570313
    54.34782159       72.45531339        1.53646434       -0.40722769        4.90000000        0.77313725
    54.35059735       72.53353765        1.53781919       -0.41263538        4.90000000        0.77057646
    54.35280004       72.61176191        1.53916850       -0.41807639        4.90000000        0.76802080
    54.35442339       72.68998616        1.54051225       -0.42355099        4.90000000        0.76547028
    54.35546105       72.76821042        1.54185043       -0.42905944        4.90000000        0.76292492
    54.35590657       72.84643467        1.54318302       -0.43460198        4.90000000        0.76038475
