#  Theta paroi en deg Angle Choc en deg       Kp           Inverse Mach       Mach amont       Mach aval
     0.00000000       34.62353548        0.00000000        0.43181818        1.76000000
     2.10207678       34.62519677        0.00850494        0.42791095        1.76000000        1.75993560
     2.50589336       34.62752122        0.01145948        0.42655623        1.76000000        1.75984550
     2.95325239       34.63183511        0.01511225        0.42488315        1.76000000        1.75967830
     3.44232717       34.63946476        0.01952838        0.42286295        1.76000000        1.75938267
     3.95007184       34.65173646        0.02454794        0.42056993        1.76000000        1.75890736
     4.46238245       34.66997651        0.03003340        0.41806780        1.76000000        1.75820132
     4.97309040       34.69551121        0.03589906        0.41539631        1.76000000        1.75721379
     5.48026325       34.72966687        0.04209773        0.41257741        1.76000000        1.75589443
     5.98398410       34.77376978        0.04860721        0.40962155        1.76000000        1.75419352
     6.48525198       34.82914624        0.05542143        0.40653175        1.76000000        1.75206206
     6.89975619       34.88452271        0.06130197        0.40386866        1.76000000        1.74993529
     7.25787319       34.93989917        0.06655735        0.40149108        1.76000000        1.74781319
     7.57603210       34.99527563        0.07135974        0.39932027        1.76000000        1.74569571
     7.86420815       35.05065210        0.07581624        0.39730723        1.76000000        1.74358282
     8.12895032       35.10602856        0.07999861        0.39541918        1.76000000        1.74147449
     8.37480864       35.16140503        0.08395752        0.39363294        1.76000000        1.73937068
     8.60508318       35.21678149        0.08773029        0.39193146        1.76000000        1.73727137
     8.82224982       35.27215796        0.09134527        0.39030179        1.76000000        1.73517651
     9.02821756       35.32753442        0.09482454        0.38873384        1.76000000        1.73308609
     9.22449178       35.38291089        0.09818573        0.38721955        1.76000000        1.73100006
     9.41228232       35.43828735        0.10144309        0.38575240        1.76000000        1.72891840
     9.59257736       35.49366382        0.10460840        0.38432702        1.76000000        1.72684107
     9.76619517       35.54904028        0.10769146        0.38293893        1.76000000        1.72476804
     9.93382170       35.60441674        0.11070054        0.38158434        1.76000000        1.72269929
    10.09603808       35.65979321        0.11364270        0.38026002        1.76000000        1.72063478
    10.25334128       35.71516967        0.11652402        0.37896320        1.76000000        1.71857448
    10.40615995       35.77054614        0.11934976        0.37769146        1.76000000        1.71651837
    10.55486651       35.82592260        0.12212452        0.37644271        1.76000000        1.71446641
    10.69978686       35.88129907        0.12485232        0.37521509        1.76000000        1.71241857
    10.84120784       35.93667553        0.12753676        0.37400697        1.76000000        1.71037483
    10.97938343       35.99205200        0.13018099        0.37281689        1.76000000        1.70833516
    11.11453961       36.04742846        0.13278786        0.37164355        1.76000000        1.70629953
    11.24687845       36.10280492        0.13535991        0.37048578        1.76000000        1.70426790
    11.37658142       36.15818139        0.13789943        0.36934254        1.76000000        1.70224027
    11.50381209       36.21355785        0.14040849        0.36821285        1.76000000        1.70021659
    11.62871853       36.26893432        0.14288897        0.36709587        1.76000000        1.69819684
    11.75143522       36.32431078        0.14534260        0.36599080        1.76000000        1.69618099
    11.87208467       36.37968725        0.14777092        0.36489693        1.76000000        1.69416902
    11.99077883       36.43506371        0.15017538        0.36381358        1.76000000        1.69216089
    12.10762032       36.49044018        0.15255728        0.36274016        1.76000000        1.69015660
    12.22270343       36.54581664        0.15491784        0.36167610        1.76000000        1.68815610
    12.33611503       36.60119311        0.15725819        0.36062088        1.76000000        1.68615937
    12.44793534       36.65656957        0.15957934        0.35957404        1.76000000        1.68416639
    12.55823857       36.71194603        0.16188226        0.35853511        1.76000000        1.68217713
    12.66709359       36.76732250        0.16416784        0.35750369        1.76000000        1.68019157
    12.77456436       36.82269896        0.16643691        0.35647939        1.76000000        1.67820968
    12.88071046       36.87807543        0.16869024        0.35546185        1.76000000        1.67623144
    12.98558742       36.93345189        0.17092855        0.35445074        1.76000000        1.67425682
    13.08924717       36.98882836        0.17315251        0.35344574        1.76000000        1.67228580
    13.19173827       37.04420482        0.17536276        0.35244655        1.76000000        1.67031837
    13.29310624       37.09958129        0.17755989        0.35145290        1.76000000        1.66835448
    13.39339382       37.15495775        0.17974445        0.35046453        1.76000000        1.66639412
    13.49264117       37.21033422        0.18191696        0.34948118        1.76000000        1.66443727
    13.59088609       37.26571068        0.18407792        0.34850263        1.76000000        1.66248391
    13.68816422       37.32108714        0.18622780        0.34752866        1.76000000        1.66053401
    13.78450918       37.37646361        0.18836702        0.34655906        1.76000000        1.65858754
    13.87995272       37.43184007        0.19049601        0.34559363        1.76000000        1.65664449
    13.97452490       37.48721654        0.19261516        0.34463218        1.76000000        1.65470484
    14.06825414       37.54259300        0.19472483        0.34367455        1.76000000        1.65276857
    14.16116740       37.59796947        0.19682538        0.34272055        1.76000000        1.65083564
    14.25329026       37.65334593        0.19891714        0.34177004        1.76000000        1.64890604
    14.34464702       37.70872240        0.20100043        0.34082285        1.76000000        1.64697976
    14.43526077       37.76409886        0.20307554        0.33987885        1.76000000        1.64505676
    14.52515347       37.81947533        0.20514277        0.33893789        1.76000000        1.64313703
    14.61434603       37.87485179        0.20720239        0.33799984        1.76000000        1.64122055
    14.70285841       37.93022825        0.20925465        0.33706459        1.76000000        1.63930730
    14.79070961       37.98560472        0.21129981        0.33613199        1.76000000        1.63739725
    14.87791779       38.04098118        0.21333809        0.33520195        1.76000000        1.63549039
    14.96450029       38.09635765        0.21536972        0.33427435        1.76000000        1.63358670
    15.05047370       38.15173411        0.21739493        0.33334908        1.76000000        1.63168615
    15.13585386       38.20711058        0.21941390        0.33242605        1.76000000        1.62978873
    15.22065596       38.26248704        0.22142685        0.33150515        1.76000000        1.62789442
    15.30489455       38.31786351        0.22343395        0.33058629        1.76000000        1.62600321
    15.38858359       38.37323997        0.22543540        0.32966938        1.76000000        1.62411506
    15.47173641       38.42861643        0.22743135        0.32875434        1.76000000        1.62222997
    15.55436588       38.48399290        0.22942198        0.32784108        1.76000000        1.62034791
    15.63648431       38.53936936        0.23140744        0.32692952        1.76000000        1.61846886
    15.71810355       38.59474583        0.23338788        0.32601958        1.76000000        1.61659281
    15.79923498       38.65012229        0.23536346        0.32511119        1.76000000        1.61471975
    15.87988956       38.70549876        0.23733431        0.32420428        1.76000000        1.61284964
    15.96007782       38.76087522        0.23930057        0.32329878        1.76000000        1.61098248
    16.03980991       38.81625169        0.24126237        0.32239462        1.76000000        1.60911825
    16.11909562       38.87162815        0.24321982        0.32149173        1.76000000        1.60725692
    16.19794435       38.92700462        0.24517306        0.32059006        1.76000000        1.60539849
    16.27636520       38.98238108        0.24712219        0.31968954        1.76000000        1.60354293
    16.35436695       39.03775754        0.24906732        0.31879011        1.76000000        1.60169023
    16.43195804       39.09313401        0.25100858        0.31789173        1.76000000        1.59984037
    16.50914664       39.14851047        0.25294604        0.31699432        1.76000000        1.59799333
    16.58594065       39.20388694        0.25487983        0.31609785        1.76000000        1.59614911
    16.66234769       39.25926340        0.25681002        0.31520225        1.76000000        1.59430767
    16.73837515       39.31463987        0.25873672        0.31430748        1.76000000        1.59246901
    16.81403012       39.37001633        0.26066001        0.31341349        1.76000000        1.59063312
    16.88931953       39.42539280        0.26257998        0.31252023        1.76000000        1.58879996
    16.96425006       39.48076926        0.26449671        0.31162766        1.76000000        1.58696954
    17.03882815       39.53614573        0.26641028        0.31073573        1.76000000        1.58514183
    17.11306007       39.59152219        0.26832078        0.30984440        1.76000000        1.58331681
    17.18695188       39.64689865        0.27022826        0.30895363        1.76000000        1.58149448
    17.26050947       39.70227512        0.27213281        0.30806337        1.76000000        1.57967482
    17.33373853       39.75765158        0.27403450        0.30717359        1.76000000        1.57785781
    17.40664460       39.81302805        0.27593339        0.30628424        1.76000000        1.57604343
    17.47923302       39.86840451        0.27782955        0.30539530        1.76000000        1.57423168
    17.55150902       39.92378098        0.27972304        0.30450671        1.76000000        1.57242254
    17.62347762       39.97915744        0.28161393        0.30361846        1.76000000        1.57061599
    17.69514375       40.03453391        0.28350227        0.30273050        1.76000000        1.56881202
    17.76651216       40.08991037        0.28538811        0.30184279        1.76000000        1.56701062
    17.83758749       40.14528683        0.28727152        0.30095531        1.76000000        1.56521177
    17.90837422       40.20066330        0.28915255        0.30006802        1.76000000        1.56341545
    17.97887673       40.25603976        0.29103125        0.29918090        1.76000000        1.56162166
    18.04909928       40.31141623        0.29290767        0.29829390        1.76000000        1.55983038
    18.11904599       40.36679269        0.29478186        0.29740700        1.76000000        1.55804160
    18.18872090       40.42216916        0.29665387        0.29652018        1.76000000        1.55625530
    18.25812790       40.47754562        0.29852374        0.29563339        1.76000000        1.55447147
    18.32727082       40.53292209        0.30039151        0.29474662        1.76000000        1.55269009
    18.39615335       40.58829855        0.30225724        0.29385984        1.76000000        1.55091116
    18.46477911       40.64367502        0.30412095        0.29297301        1.76000000        1.54913467
    18.53315162       40.69905148        0.30598270        0.29208612        1.76000000        1.54736058
    18.60127430       40.75442794        0.30784252        0.29119913        1.76000000        1.54558891
    18.66915049       40.80980441        0.30970045        0.29031202        1.76000000        1.54381963
    18.73678345       40.86518087        0.31155653        0.28942477        1.76000000        1.54205272
    18.80417634       40.92055734        0.31341079        0.28853736        1.76000000        1.54028819
    18.87133225       40.97593380        0.31526326        0.28764975        1.76000000        1.53852601
    18.93825421       41.03131027        0.31711399        0.28676192        1.76000000        1.53676617
    19.00494515       41.08668673        0.31896300        0.28587386        1.76000000        1.53500867
    19.07140794       41.14206320        0.32081032        0.28498554        1.76000000        1.53325349
    19.13764539       41.19743966        0.32265599        0.28409694        1.76000000        1.53150061
    19.20366021       41.25281613        0.32450004        0.28320803        1.76000000        1.52975003
    19.26945509       41.30819259        0.32634249        0.28231880        1.76000000        1.52800173
    19.33503263       41.36356905        0.32818337        0.28142923        1.76000000        1.52625571
    19.40039535       41.41894552        0.33002272        0.28053929        1.76000000        1.52451195
    19.46554576       41.47432198        0.33186055        0.27964896        1.76000000        1.52277044
    19.53048627       41.52969845        0.33369689        0.27875822        1.76000000        1.52103117
    19.59521925       41.58507491        0.33553177        0.27786707        1.76000000        1.51929412
    19.65974703       41.64045138        0.33736522        0.27697546        1.76000000        1.51755930
    19.72407185       41.69582784        0.33919725        0.27608340        1.76000000        1.51582668
    19.78819592       41.75120431        0.34102788        0.27519085        1.76000000        1.51409625
    19.85212143       41.80658077        0.34285715        0.27429781        1.76000000        1.51236802
    19.91585047       41.86195724        0.34468507        0.27340425        1.76000000        1.51064195
    19.97938511       41.91733370        0.34651167        0.27251015        1.76000000        1.50891805
    20.04272736       41.97271016        0.34833696        0.27161551        1.76000000        1.50719630
    20.10587923       42.02808663        0.35016096        0.27072029        1.76000000        1.50547670
    20.16884262       42.08346309        0.35198369        0.26982449        1.76000000        1.50375922
    20.23161942       42.13883956        0.35380518        0.26892809        1.76000000        1.50204388
    20.29421150       42.19421602        0.35562544        0.26803106        1.76000000        1.50033064
    20.35662067       42.24959249        0.35744448        0.26713341        1.76000000        1.49861951
    20.41884869       42.30496895        0.35926233        0.26623510        1.76000000        1.49691047
    20.48089731       42.36034542        0.36107900        0.26533614        1.76000000        1.49520351
    20.54276821       42.41572188        0.36289450        0.26443649        1.76000000        1.49349862
    20.60446306       42.47109834        0.36470886        0.26353614        1.76000000        1.49179580
    20.66598350       42.52647481        0.36652209        0.26263508        1.76000000        1.49009504
    20.72733111       42.58185127        0.36833420        0.26173330        1.76000000        1.48839632
    20.78850745       42.63722774        0.37014520        0.26083078        1.76000000        1.48669963
    20.84951406       42.69260420        0.37195512        0.25992751        1.76000000        1.48500498
    20.91035244       42.74798067        0.37376396        0.25902347        1.76000000        1.48331234
    20.97102405       42.80335713        0.37557174        0.25811864        1.76000000        1.48162170
    21.03153033       42.85873360        0.37737847        0.25721302        1.76000000        1.47993307
    21.09187269       42.91411006        0.37918416        0.25630659        1.76000000        1.47824643
    21.15205251       42.96948653        0.38098882        0.25539934        1.76000000        1.47656177
    21.21207115       43.02486299        0.38279247        0.25449126        1.76000000        1.47487908
    21.27192993       43.08023945        0.38459512        0.25358232        1.76000000        1.47319836
    21.33163015       43.13561592        0.38639677        0.25267252        1.76000000        1.47151959
    21.39117310       43.19099238        0.38819744        0.25176185        1.76000000        1.46984277
    21.45056001       43.24636885        0.38999714        0.25085029        1.76000000        1.46816788
    21.50979212       43.30174531        0.39179588        0.24993784        1.76000000        1.46649493
    21.56887062       43.35712178        0.39359367        0.24902446        1.76000000        1.46482390
    21.62779670       43.41249824        0.39539051        0.24811017        1.76000000        1.46315478
    21.68657151       43.46787471        0.39718642        0.24719494        1.76000000        1.46148757
    21.74519618       43.52325117        0.39898141        0.24627876        1.76000000        1.45982226
    21.80367184       43.57862764        0.40077547        0.24536162        1.76000000        1.45815884
    21.86199956       43.63400410        0.40256863        0.24444351        1.76000000        1.45649729
    21.92018043       43.68938056        0.40436089        0.24352441        1.76000000        1.45483763
    21.97821548       43.74475703        0.40615225        0.24260432        1.76000000        1.45317982
    22.03610575       43.80013349        0.40794273        0.24168323        1.76000000        1.45152388
    22.09385225       43.85550996        0.40973233        0.24076112        1.76000000        1.44986979
    22.15145598       43.91088642        0.41152105        0.23983797        1.76000000        1.44821754
    22.20891790       43.96626289        0.41330891        0.23891379        1.76000000        1.44656712
    22.26623898       44.02163935        0.41509592        0.23798856        1.76000000        1.44491854
    22.32342014       44.07701582        0.41688206        0.23706227        1.76000000        1.44327177
    22.38046231       44.13239228        0.41866736        0.23613490        1.76000000        1.44162682
    22.43736641       44.18776874        0.42045182        0.23520645        1.76000000        1.43998367
    22.49413329       44.24314521        0.42223544        0.23427691        1.76000000        1.43834233
    22.55076385       44.29852167        0.42401824        0.23334627        1.76000000        1.43670278
    22.60725894       44.35389814        0.42580020        0.23241451        1.76000000        1.43506501
    22.66361939       44.40927460        0.42758135        0.23148162        1.76000000        1.43342902
    22.71984602       44.46465107        0.42936168        0.23054761        1.76000000        1.43179480
    22.77593965       44.52002753        0.43114119        0.22961244        1.76000000        1.43016234
    22.83190108       44.57540400        0.43291990        0.22867612        1.76000000        1.42853165
    22.88773107       44.63078046        0.43469781        0.22773864        1.76000000        1.42690270
    22.94343040       44.68615693        0.43647491        0.22679998        1.76000000        1.42527550
    22.99899981       44.74153339        0.43825122        0.22586014        1.76000000        1.42365004
    23.05444005       44.79690985        0.44002674        0.22491910        1.76000000        1.42202631
    23.10975184       44.85228632        0.44180147        0.22397686        1.76000000        1.42040430
    23.16493589       44.90766278        0.44357542        0.22303341        1.76000000        1.41878401
    23.21999290       44.96303925        0.44534858        0.22208873        1.76000000        1.41716543
    23.27492356       45.01841571        0.44712096        0.22114282        1.76000000        1.41554856
    23.32972854       45.07379218        0.44889256        0.22019567        1.76000000        1.41393339
    23.38440850       45.12916864        0.45066340        0.21924727        1.76000000        1.41231991
    23.43896410       45.18454511        0.45243345        0.21829761        1.76000000        1.41070812
    23.49339597       45.23992157        0.45420275        0.21734668        1.76000000        1.40909801
    23.54770474       45.29529804        0.45597127        0.21639446        1.76000000        1.40748958
    23.60189102       45.35067450        0.45773903        0.21544097        1.76000000        1.40588281
    23.65595542       45.40605096        0.45950602        0.21448617        1.76000000        1.40427771
    23.70989854       45.46142743        0.46127225        0.21353007        1.76000000        1.40267427
    23.76372095       45.51680389        0.46303773        0.21257265        1.76000000        1.40107247
    23.81742324       45.57218036        0.46480244        0.21161391        1.76000000        1.39947233
    23.87100596       45.62755682        0.46656640        0.21065384        1.76000000        1.39787382
    23.92446967       45.68293329        0.46832961        0.20969242        1.76000000        1.39627695
    23.97781491       45.73830975        0.47009206        0.20872966        1.76000000        1.39468171
    24.03104222       45.79368622        0.47185375        0.20776553        1.76000000        1.39308809
    24.08415211       45.84906268        0.47361470        0.20680004        1.76000000        1.39149609
    24.13714510       45.90443915        0.47537489        0.20583317        1.76000000        1.38990571
    24.19002171       45.95981561        0.47713433        0.20486492        1.76000000        1.38831693
    24.24278242       46.01519207        0.47889302        0.20389528        1.76000000        1.38672975
    24.29542771       46.07056854        0.48065097        0.20292423        1.76000000        1.38514417
    24.34795808       46.12594500        0.48240816        0.20195177        1.76000000        1.38356018
    24.40037399       46.18132147        0.48416460        0.20097790        1.76000000        1.38197778
    24.45267590       46.23669793        0.48592030        0.20000260        1.76000000        1.38039696
    24.50486427       46.29207440        0.48767524        0.19902586        1.76000000        1.37881772
    24.55693954       46.34745086        0.48942944        0.19804768        1.76000000        1.37724004
    24.60890215       46.40282733        0.49118289        0.19706805        1.76000000        1.37566394
    24.66075252       46.45820379        0.49293559        0.19608696        1.76000000        1.37408940
    24.71249108       46.51358025        0.49468754        0.19510440        1.76000000        1.37251641
    24.76411824       46.56895672        0.49643874        0.19412037        1.76000000        1.37094497
    24.81563442       46.62433318        0.49818919        0.19313485        1.76000000        1.36937509
    24.86703999       46.67970965        0.49993889        0.19214784        1.76000000        1.36780674
    24.91833537       46.73508611        0.50168784        0.19115932        1.76000000        1.36623993
    24.96952092       46.79046258        0.50343603        0.19016931        1.76000000        1.36467466
    25.02059704       46.84583904        0.50518347        0.18917777        1.76000000        1.36311091
    25.07156409       46.90121551        0.50693016        0.18818471        1.76000000        1.36154869
    25.12242242       46.95659197        0.50867610        0.18719012        1.76000000        1.35998799
    25.17317241       47.01196844        0.51042128        0.18619399        1.76000000        1.35842880
    25.22381440       47.06734490        0.51216570        0.18519631        1.76000000        1.35687113
    25.27434873       47.12272136        0.51390936        0.18419708        1.76000000        1.35531496
    25.32477573       47.17809783        0.51565227        0.18319628        1.76000000        1.35376029
    25.37509574       47.23347429        0.51739441        0.18219391        1.76000000        1.35220712
    25.42530909       47.28885076        0.51913579        0.18118996        1.76000000        1.35065545
    25.47541609       47.34422722        0.52087641        0.18018443        1.76000000        1.34910526
    25.52541705       47.39960369        0.52261626        0.17917730        1.76000000        1.34755656
    25.57531227       47.45498015        0.52435535        0.17816857        1.76000000        1.34600934
    25.62510206       47.51035662        0.52609366        0.17715823        1.76000000        1.34446359
    25.67478672       47.56573308        0.52783121        0.17614627        1.76000000        1.34291932
    25.72436652       47.62110955        0.52956798        0.17513269        1.76000000        1.34137652
    25.77384176       47.67648601        0.53130399        0.17411748        1.76000000        1.33983519
    25.82321270       47.73186247        0.53303921        0.17310062        1.76000000        1.33829531
    25.87247962       47.78723894        0.53477366        0.17208212        1.76000000        1.33675690
    25.92164278       47.84261540        0.53650733        0.17106197        1.76000000        1.33521993
    25.97070245       47.89799187        0.53824021        0.17004015        1.76000000        1.33368442
    26.01965888       47.95336833        0.53997231        0.16901666        1.76000000        1.33215035
    26.06851231       48.00874480        0.54170363        0.16799149        1.76000000        1.33061773
    26.11726300       48.06412126        0.54343415        0.16696464        1.76000000        1.32908654
    26.16591118       48.11949773        0.54516389        0.16593609        1.76000000        1.32755679
    26.21445709       48.17487419        0.54689283        0.16490585        1.76000000        1.32602847
    26.26290095       48.23025066        0.54862098        0.16387390        1.76000000        1.32450158
    26.31124300       48.28562712        0.55034832        0.16284023        1.76000000        1.32297611
    26.35948344       48.34100358        0.55207487        0.16180484        1.76000000        1.32145206
    26.40762249       48.39638005        0.55380061        0.16076773        1.76000000        1.31992943
    26.45566037       48.45175651        0.55552555        0.15972887        1.76000000        1.31840822
    26.50359728       48.50713298        0.55724968        0.15868827        1.76000000        1.31688842
    26.55143341       48.56250944        0.55897299        0.15764592        1.76000000        1.31537002
    26.59916897       48.61788591        0.56069550        0.15660182        1.76000000        1.31385303
    26.64680415       48.67326237        0.56241718        0.15555594        1.76000000        1.31233744
    26.69433913       48.72863884        0.56413805        0.15450829        1.76000000        1.31082324
    26.74177409       48.78401530        0.56585809        0.15345886        1.76000000        1.30931045
    26.78910921       48.83939176        0.56757731        0.15240765        1.76000000        1.30779904
    26.83634467       48.89476823        0.56929569        0.15135464        1.76000000        1.30628902
    26.88348064       48.95014469        0.57101325        0.15029982        1.76000000        1.30478039
    26.93051727       49.00552116        0.57272997        0.14924320        1.76000000        1.30327313
    26.97745474       49.06089762        0.57444585        0.14818476        1.76000000        1.30176726
    27.02429319       49.11627409        0.57616089        0.14712450        1.76000000        1.30026277
    27.07103279       49.17165055        0.57787509        0.14606240        1.76000000        1.29875964
    27.11767367       49.22702702        0.57958843        0.14499847        1.76000000        1.29725789
    27.16421598       49.28240348        0.58130093        0.14393269        1.76000000        1.29575751
    27.21065987       49.33777995        0.58301257        0.14286506        1.76000000        1.29425849
    27.25700547       49.39315641        0.58472336        0.14179557        1.76000000        1.29276083
    27.30325292       49.44853287        0.58643328        0.14072421        1.76000000        1.29126453
    27.34940233       49.50390934        0.58814234        0.13965098        1.76000000        1.28976958
    27.39545385       49.55928580        0.58985053        0.13857586        1.76000000        1.28827600
    27.44140758       49.61466227        0.59155785        0.13749886        1.76000000        1.28678376
    27.48726364       49.67003873        0.59326429        0.13641996        1.76000000        1.28529287
    27.53302216       49.72541520        0.59496986        0.13533916        1.76000000        1.28380332
    27.57868324       49.78079166        0.59667454        0.13425645        1.76000000        1.28231512
    27.62424698       49.83616813        0.59837834        0.13317182        1.76000000        1.28082826
    27.66971349       49.89154459        0.60008124        0.13208527        1.76000000        1.27934274
    27.71508288       49.94692106        0.60178326        0.13099679        1.76000000        1.27785855
    27.76035522       50.00229752        0.60348437        0.12990637        1.76000000        1.27637570
    27.80553063       50.05767398        0.60518459        0.12881401        1.76000000        1.27489417
    27.85060918       50.11305045        0.60688390        0.12771969        1.76000000        1.27341398
    27.89559096       50.16842691        0.60858230        0.12662341        1.76000000        1.27193511
    27.94047605       50.22380338        0.61027979        0.12552517        1.76000000        1.27045757
    27.98526454       50.27917984        0.61197636        0.12442495        1.76000000        1.26898134
    28.02995650       50.33455631        0.61367202        0.12332275        1.76000000        1.26750644
    28.07455199       50.38993277        0.61536675        0.12221857        1.76000000        1.26603285
    28.11905110       50.44530924        0.61706055        0.12111239        1.76000000        1.26456057
    28.16345388       50.50068570        0.61875341        0.12000421        1.76000000        1.26308961
    28.20776039       50.55606216        0.62044535        0.11889402        1.76000000        1.26161996
    28.25197071       50.61143863        0.62213634        0.11778181        1.76000000        1.26015162
    28.29608487       50.66681509        0.62382639        0.11666758        1.76000000        1.25868458
    28.34010293       50.72219156        0.62551549        0.11555133        1.76000000        1.25721885
    28.38402496       50.77756802        0.62720363        0.11443303        1.76000000        1.25575442
    28.42785098       50.83294449        0.62889082        0.11331269        1.76000000        1.25429128
    28.47158105       50.88832095        0.63057705        0.11219030        1.76000000        1.25282945
    28.51521520       50.94369742        0.63226232        0.11106586        1.76000000        1.25136891
    28.55875347       50.99907388        0.63394661        0.10993935        1.76000000        1.24990967
    28.60219590       51.05445035        0.63562993        0.10881076        1.76000000        1.24845171
    28.64554252       51.10982681        0.63731228        0.10768010        1.76000000        1.24699505
    28.68879335       51.16520327        0.63899364        0.10654735        1.76000000        1.24553968
    28.73194843       51.22057974        0.64067402        0.10541251        1.76000000        1.24408559
    28.77500777       51.27595620        0.64235340        0.10427557        1.76000000        1.24263279
    28.81797140       51.33133267        0.64403179        0.10313652        1.76000000        1.24118127
    28.86083932       51.38670913        0.64570918        0.10199536        1.76000000        1.23973103
    28.90361157       51.44208560        0.64738557        0.10085207        1.76000000        1.23828207
    28.94628813       51.49746206        0.64906094        0.09970666        1.76000000        1.23683439
    28.98886903       51.55283853        0.65073531        0.09855912        1.76000000        1.23538798
    29.03135428       51.60821499        0.65240866        0.09740943        1.76000000        1.23394285
    29.07374386       51.66359146        0.65408098        0.09625759        1.76000000        1.23249899
    29.11603779       51.71896792        0.65575228        0.09510360        1.76000000        1.23105640
    29.15823606       51.77434438        0.65742255        0.09394745        1.76000000        1.22961509
    29.20033866       51.82972085        0.65909179        0.09278912        1.76000000        1.22817504
    29.24234559       51.88509731        0.66075998        0.09162862        1.76000000        1.22673625
    29.28425684       51.94047378        0.66242713        0.09046594        1.76000000        1.22529873
    29.32607238       51.99585024        0.66409323        0.08930106        1.76000000        1.22386248
    29.36779221       52.05122671        0.66575828        0.08813399        1.76000000        1.22242749
    29.40941631       52.10660317        0.66742227        0.08696471        1.76000000        1.22099375
    29.45094465       52.16197964        0.66908520        0.08579322        1.76000000        1.21956128
    29.49237722       52.21735610        0.67074706        0.08461951        1.76000000        1.21813007
    29.53371397       52.27273257        0.67240784        0.08344357        1.76000000        1.21670011
    29.57495490       52.32810903        0.67406755        0.08226541        1.76000000        1.21527141
    29.61609995       52.38348549        0.67572618        0.08108500        1.76000000        1.21384396
    29.65714910       52.43886196        0.67738372        0.07990235        1.76000000        1.21241776
    29.69810232       52.49423842        0.67904017        0.07871744        1.76000000        1.21099282
    29.73895955       52.54961489        0.68069553        0.07753027        1.76000000        1.20956912
    29.77972076       52.60499135        0.68234978        0.07634084        1.76000000        1.20814668
    29.82038591       52.66036782        0.68400293        0.07514913        1.76000000        1.20672548
    29.86095494       52.71574428        0.68565497        0.07395513        1.76000000        1.20530553
    29.90142782       52.77112075        0.68730590        0.07275885        1.76000000        1.20388683
    29.94180447       52.82649721        0.68895570        0.07156028        1.76000000        1.20246937
    29.98208486       52.88187367        0.69060438        0.07035940        1.76000000        1.20105315
    30.02226892       52.93725014        0.69225193        0.06915621        1.76000000        1.19963817
    30.06235659       52.99262660        0.69389834        0.06795071        1.76000000        1.19822444
    30.10234782       53.04800307        0.69554362        0.06674288        1.76000000        1.19681195
    30.14224253       53.10337953        0.69718775        0.06553272        1.76000000        1.19540069
    30.18204067       53.15875600        0.69883074        0.06432022        1.76000000        1.19399068
    30.22174215       53.21413246        0.70047256        0.06310538        1.76000000        1.19258190
    30.26134691       53.26950893        0.70211323        0.06188819        1.76000000        1.19117436
    30.30085488       53.32488539        0.70375274        0.06066864        1.76000000        1.18976805
    30.34026598       53.38026186        0.70539108        0.05944672        1.76000000        1.18836298
    30.37958013       53.43563832        0.70702824        0.05822243        1.76000000        1.18695914
    30.41879724       53.49101478        0.70866422        0.05699576        1.76000000        1.18555654
    30.45791725       53.54639125        0.71029902        0.05576671        1.76000000        1.18415516
    30.49694005       53.60176771        0.71193264        0.05453526        1.76000000        1.18275502
    30.53586556       53.65714418        0.71356505        0.05330141        1.76000000        1.18135611
    30.57469369       53.71252064        0.71519627        0.05206516        1.76000000        1.17995843
    30.61342435       53.76789711        0.71682629        0.05082648        1.76000000        1.17856198
    30.65205744       53.82327357        0.71845509        0.04958539        1.76000000        1.17716676
    30.69059287       53.87865004        0.72008268        0.04834187        1.76000000        1.17577276
    30.72903053       53.93402650        0.72170905        0.04709592        1.76000000        1.17437999
    30.76737032       53.98940297        0.72333420        0.04584752        1.76000000        1.17298845
    30.80561214       54.04477943        0.72495812        0.04459667        1.76000000        1.17159813
    30.84375588       54.10015589        0.72658080        0.04334336        1.76000000        1.17020904
    30.88180144       54.15553236        0.72820225        0.04208760        1.76000000        1.16882117
    30.91974869       54.21090882        0.72982245        0.04082936        1.76000000        1.16743453
    30.95759753       54.26628529        0.73144140        0.03956864        1.76000000        1.16604911
    30.99534785       54.32166175        0.73305909        0.03830544        1.76000000        1.16466492
    31.03299951       54.37703822        0.73467552        0.03703975        1.76000000        1.16328194
    31.07055241       54.43241468        0.73629069        0.03577156        1.76000000        1.16190019
    31.10800642       54.48779115        0.73790459        0.03450086        1.76000000        1.16051966
    31.14536141       54.54316761        0.73951721        0.03322765        1.76000000        1.15914035
    31.18261726       54.59854407        0.74112855        0.03195192        1.76000000        1.15776226
    31.21977384       54.65392054        0.74273861        0.03067367        1.76000000        1.15638539
    31.25683102       54.70929700        0.74434737        0.02939288        1.76000000        1.15500974
    31.29378865       54.76467347        0.74595484        0.02810955        1.76000000        1.15363531
    31.33064662       54.82004993        0.74756100        0.02682368        1.76000000        1.15226210
    31.36740477       54.87542640        0.74916586        0.02553525        1.76000000        1.15089011
    31.40406298       54.93080286        0.75076941        0.02424425        1.76000000        1.14951934
    31.44062108       54.98617933        0.75237164        0.02295069        1.76000000        1.14814978
    31.47707895       55.04155579        0.75397254        0.02165456        1.76000000        1.14678145
    31.51343643       55.09693226        0.75557212        0.02035584        1.76000000        1.14541433
    31.54969337       55.15230872        0.75717036        0.01905453        1.76000000        1.14404843
    31.58584962       55.20768518        0.75876727        0.01775063        1.76000000        1.14268374
    31.62190504       55.26306165        0.76036283        0.01644412        1.76000000        1.14132028
    31.65785945       55.31843811        0.76195704        0.01513500        1.76000000        1.13995803
    31.69371270       55.37381458        0.76354990        0.01382326        1.76000000        1.13859699
    31.72946465       55.42919104        0.76514139        0.01250890        1.76000000        1.13723718
    31.76511511       55.48456751        0.76673153        0.01119191        1.76000000        1.13587858
    31.80066392       55.53994397        0.76832029        0.00987228        1.76000000        1.13452119
    31.83611093       55.59532044        0.76990767        0.00855000        1.76000000        1.13316503
    31.87145595       55.65069690        0.77149368        0.00722508        1.76000000        1.13181008
    31.90669882       55.70607337        0.77307829        0.00589749        1.76000000        1.13045634
    31.94183936       55.76144983        0.77466152        0.00456723        1.76000000        1.12910383
    31.97687740       55.81682629        0.77624335        0.00323431        1.76000000        1.12775253
    32.01181277       55.87220276        0.77782377        0.00189870        1.76000000        1.12640244
    32.04664527       55.92757922        0.77940279        0.00056040        1.76000000        1.12505357
    32.08137473       55.98295569        0.78098039       -0.00078059        1.76000000        1.12370592
    32.11600097       56.03833215        0.78255658       -0.00212428        1.76000000        1.12235949
    32.15052378       56.09370862        0.78413134       -0.00347067        1.76000000        1.12101427
    32.18494300       56.14908508        0.78570467       -0.00481979        1.76000000        1.11967027
    32.21925842       56.20446155        0.78727656       -0.00617162        1.76000000        1.11832748
    32.25346986       56.25983801        0.78884702       -0.00752619        1.76000000        1.11698591
    32.28757711       56.31521448        0.79041603       -0.00888349        1.76000000        1.11564556
    32.32157998       56.37059094        0.79198359       -0.01024353        1.76000000        1.11430643
    32.35547828       56.42596740        0.79354969       -0.01160633        1.76000000        1.11296851
    32.38927178       56.48134387        0.79511433       -0.01297188        1.76000000        1.11163182
    32.42296030       56.53672033        0.79667750       -0.01434019        1.76000000        1.11029634
    32.45654363       56.59209680        0.79823919       -0.01571128        1.76000000        1.10896208
    32.49002156       56.64747326        0.79979941       -0.01708514        1.76000000        1.10762903
    32.52339387       56.70284973        0.80135815       -0.01846179        1.76000000        1.10629721
    32.55666036       56.75822619        0.80291540       -0.01984122        1.76000000        1.10496661
    32.58982080       56.81360266        0.80447115       -0.02122346        1.76000000        1.10363722
    32.62287498       56.86897912        0.80602540       -0.02260850        1.76000000        1.10230906
    32.65582269       56.92435558        0.80757814       -0.02399636        1.76000000        1.10098212
    32.68866370       56.97973205        0.80912937       -0.02538703        1.76000000        1.09965639
    32.72139778       57.03510851        0.81067909       -0.02678053        1.76000000        1.09833189
    32.75402471       57.09048498        0.81222728       -0.02817686        1.76000000        1.09700861
    32.78654426       57.14586144        0.81377395       -0.02957603        1.76000000        1.09568655
    32.81895620       57.20123791        0.81531908       -0.03097805        1.76000000        1.09436572
    32.85126030       57.25661437        0.81686267       -0.03238292        1.76000000        1.09304610
    32.88345632       57.31199084        0.81840472       -0.03379065        1.76000000        1.09172771
    32.91554402       57.36736730        0.81994522       -0.03520124        1.76000000        1.09041055
    32.94752317       57.42274377        0.82148416       -0.03661471        1.76000000        1.08909461
    32.97939352       57.47812023        0.82302155       -0.03803107        1.76000000        1.08777989
    33.01115483       57.53349669        0.82455736       -0.03945030        1.76000000        1.08646640
    33.04280685       57.58887316        0.82609161       -0.04087244        1.76000000        1.08515414
    33.07434933       57.64424962        0.82762427       -0.04229747        1.76000000        1.08384310
    33.10578203       57.69962609        0.82915535       -0.04372541        1.76000000        1.08253329
    33.13710469       57.75500255        0.83068485       -0.04515627        1.76000000        1.08122471
    33.16831706       57.81037902        0.83221275       -0.04659005        1.76000000        1.07991736
    33.19941887       57.86575548        0.83373905       -0.04802675        1.76000000        1.07861123
    33.23040987       57.92113195        0.83526374       -0.04946639        1.76000000        1.07730634
    33.26128979       57.97650841        0.83678683       -0.05090897        1.76000000        1.07600268
    33.29205838       58.03188488        0.83830829       -0.05235450        1.76000000        1.07470025
    33.32271536       58.08726134        0.83982814       -0.05380299        1.76000000        1.07339905
    33.35326047       58.14263780        0.84134636       -0.05525443        1.76000000        1.07209908
    33.38369343       58.19801427        0.84286294       -0.05670885        1.76000000        1.07080035
    33.41401398       58.25339073        0.84437789       -0.05816624        1.76000000        1.06950285
    33.44422183       58.30876720        0.84589119       -0.05962661        1.76000000        1.06820659
    33.47431671       58.36414366        0.84740284       -0.06108997        1.76000000        1.06691156
    33.50429834       58.41952013        0.84891283       -0.06255632        1.76000000        1.06561778
    33.53416643       58.47489659        0.85042117       -0.06402567        1.76000000        1.06432522
    33.56392070       58.53027306        0.85192784       -0.06549803        1.76000000        1.06303391
    33.59356087       58.58564952        0.85343283       -0.06697341        1.76000000        1.06174384
    33.62308664       58.64102598        0.85493615       -0.06845181        1.76000000        1.06045501
    33.65249773       58.69640245        0.85643778       -0.06993323        1.76000000        1.05916742
    33.68179384       58.75177891        0.85793773       -0.07141769        1.76000000        1.05788107
    33.71097467       58.80715538        0.85943597       -0.07290519        1.76000000        1.05659596
    33.74003992       58.86253184        0.86093252       -0.07439574        1.76000000        1.05531210
    33.76898929       58.91790831        0.86242737       -0.07588934        1.76000000        1.05402949
    33.79782249       58.97328477        0.86392050       -0.07738600        1.76000000        1.05274812
    33.82653920       59.02866124        0.86541191       -0.07888573        1.76000000        1.05146800
    33.85513912       59.08403770        0.86690160       -0.08038853        1.76000000        1.05018912
    33.88362193       59.13941417        0.86838956       -0.08189441        1.76000000        1.04891150
    33.91198733       59.19479063        0.86987579       -0.08340337        1.76000000        1.04763512
    33.94023499       59.25016709        0.87136028       -0.08491543        1.76000000        1.04636000
    33.96836460       59.30554356        0.87284302       -0.08643058        1.76000000        1.04508613
    33.99637585       59.36092002        0.87432401       -0.08794884        1.76000000        1.04381352
    34.02426840       59.41629649        0.87580325       -0.08947021        1.76000000        1.04254216
    34.05204194       59.47167295        0.87728072       -0.09099470        1.76000000        1.04127205
    34.07969614       59.52704942        0.87875642       -0.09252231        1.76000000        1.04000321
    34.10723066       59.58242588        0.88023035       -0.09405305        1.76000000        1.03873562
    34.13464518       59.63780235        0.88170250       -0.09558692        1.76000000        1.03746929
    34.16193936       59.69317881        0.88317286       -0.09712394        1.76000000        1.03620422
    34.18911287       59.74855528        0.88464144       -0.09866411        1.76000000        1.03494042
    34.21616536       59.80393174        0.88610822       -0.10020743        1.76000000        1.03367788
    34.24309650       59.85930820        0.88757319       -0.10175391        1.76000000        1.03241660
    34.26990594       59.91468467        0.88903636       -0.10330355        1.76000000        1.03115659
    34.29659333       59.97006113        0.89049771       -0.10485637        1.76000000        1.02989785
    34.32315833       60.02543760        0.89195725       -0.10641237        1.76000000        1.02864037
    34.34960058       60.08081406        0.89341496       -0.10797155        1.76000000        1.02738416
    34.37591974       60.13619053        0.89487083       -0.10953392        1.76000000        1.02612923
    34.40211544       60.19156699        0.89632488       -0.11109949        1.76000000        1.02487557
    34.42818732       60.24694346        0.89777708       -0.11266826        1.76000000        1.02362318
    34.45413503       60.30231992        0.89922743       -0.11424023        1.76000000        1.02237207
    34.47995820       60.35769639        0.90067593       -0.11581542        1.76000000        1.02112224
    34.50565646       60.41307285        0.90212257       -0.11739383        1.76000000        1.01987368
    34.53122945       60.46844931        0.90356734       -0.11897547        1.76000000        1.01862640
    34.55667679       60.52382578        0.90501025       -0.12056034        1.76000000        1.01738041
    34.58199811       60.57920224        0.90645128       -0.12214844        1.76000000        1.01613570
    34.60719304       60.63457871        0.90789042       -0.12373979        1.76000000        1.01489227
    34.63226119       60.68995517        0.90932768       -0.12533438        1.76000000        1.01365013
    34.65720219       60.74533164        0.91076304       -0.12693223        1.76000000        1.01240927
    34.68201564       60.80070810        0.91219651       -0.12853333        1.76000000        1.01116971
    34.70670117       60.85608457        0.91362807       -0.13013771        1.76000000        1.00993143
    34.73125839       60.91146103        0.91505772       -0.13174535        1.76000000        1.00869445
    34.75568689       60.96683749        0.91648545       -0.13335626        1.76000000        1.00745876
    34.77998630       61.02221396        0.91791127       -0.13497046        1.76000000        1.00622436
    34.80415620       61.07759042        0.91933515       -0.13658794        1.76000000        1.00499126
    34.82819621       61.13296689        0.92075710       -0.13820872        1.76000000        1.00375947
    34.85210591       61.18834335        0.92217711       -0.13983279        1.76000000        1.00252897
    34.87588491       61.24371982        0.92359517       -0.14146016        1.76000000        1.00129977
    34.89953280       61.29909628        0.92501129       -0.14309085        1.76000000        1.00007188
    34.92304917       61.35447275        0.92642545       -0.14472484        1.76000000        0.99884529
    34.94643359       61.40984921        0.92783764       -0.14636215        1.76000000        0.99762001
    34.96968567       61.46522568        0.92924787       -0.14800278        1.76000000        0.99639604
    34.99280498       61.52060214        0.93065612       -0.14964674        1.76000000        0.99517337
    35.01579109       61.57597860        0.93206239       -0.15129404        1.76000000        0.99395202
    35.03864359       61.63135507        0.93346668       -0.15294467        1.76000000        0.99273199
    35.06136206       61.68673153        0.93486898       -0.15459864        1.76000000        0.99151327
    35.08394605       61.74210800        0.93626928       -0.15625596        1.76000000        0.99029587
    35.10639514       61.79748446        0.93766758       -0.15791663        1.76000000        0.98907979
    35.12870890       61.85286093        0.93906386       -0.15958065        1.76000000        0.98786503
    35.15088689       61.90823739        0.94045814       -0.16124804        1.76000000        0.98665159
    35.17292866       61.96361386        0.94185039       -0.16291880        1.76000000        0.98543948
    35.19483377       62.01899032        0.94324062       -0.16459292        1.76000000        0.98422869
    35.21660179       62.07436679        0.94462881       -0.16627042        1.76000000        0.98301924
    35.23823226       62.12974325        0.94601497       -0.16795129        1.76000000        0.98181112
    35.25972473       62.18511971        0.94739909       -0.16963555        1.76000000        0.98060432
    35.28107875       62.24049618        0.94878115       -0.17132320        1.76000000        0.97939887
    35.30229386       62.29587264        0.95016116       -0.17301424        1.76000000        0.97819475
    35.32336959       62.35124911        0.95153911       -0.17470868        1.76000000        0.97699197
    35.34430550       62.40662557        0.95291499       -0.17640651        1.76000000        0.97579053
    35.36510110       62.46200204        0.95428880       -0.17810775        1.76000000        0.97459044
    35.38575595       62.51737850        0.95566054       -0.17981240        1.76000000        0.97339168
    35.40626956       62.57275497        0.95703018       -0.18152046        1.76000000        0.97219428
    35.42664145       62.62813143        0.95839774       -0.18323193        1.76000000        0.97099823
    35.44687117       62.68350789        0.95976320       -0.18494683        1.76000000        0.96980353
    35.46695821       62.73888436        0.96112656       -0.18666515        1.76000000        0.96861018
    35.48690211       62.79426082        0.96248782       -0.18838689        1.76000000        0.96741818
    35.50670237       62.84963729        0.96384695       -0.19011207        1.76000000        0.96622755
    35.52635852       62.90501375        0.96520397       -0.19184068        1.76000000        0.96503827
    35.54587005       62.96039022        0.96655887       -0.19357273        1.76000000        0.96385036
    35.56523647       63.01576668        0.96791163       -0.19530822        1.76000000        0.96266381
    35.58445729       63.07114315        0.96926226       -0.19704715        1.76000000        0.96147863
    35.60353200       63.12651961        0.97061075       -0.19878953        1.76000000        0.96029482
    35.62246011       63.18189608        0.97195708       -0.20053536        1.76000000        0.95911237
    35.64124110       63.23727254        0.97330126       -0.20228465        1.76000000        0.95793131
    35.65987447       63.29264900        0.97464328       -0.20403739        1.76000000        0.95675161
    35.67835970       63.34802547        0.97598314       -0.20579359        1.76000000        0.95557330
    35.69669628       63.40340193        0.97732082       -0.20755325        1.76000000        0.95439637
    35.71488370       63.45877840        0.97865633       -0.20931637        1.76000000        0.95322081
    35.73292142       63.51415486        0.97998965       -0.21108297        1.76000000        0.95204665
    35.75080894       63.56953133        0.98132078       -0.21285303        1.76000000        0.95087387
    35.76854571       63.62490779        0.98264972       -0.21462657        1.76000000        0.94970248
    35.78613120       63.68028426        0.98397645       -0.21640358        1.76000000        0.94853248
    35.80356489       63.73566072        0.98530098       -0.21818407        1.76000000        0.94736388
    35.82084624       63.79103719        0.98662329       -0.21996804        1.76000000        0.94619668
    35.83797471       63.84641365        0.98794338       -0.22175548        1.76000000        0.94503087
    35.85494975       63.90179011        0.98926125       -0.22354642        1.76000000        0.94386647
    35.87177082       63.95716658        0.99057689       -0.22534083        1.76000000        0.94270347
    35.88843736       64.01254304        0.99189029       -0.22713874        1.76000000        0.94154188
    35.90494884       64.06791951        0.99320145       -0.22894013        1.76000000        0.94038170
    35.92130468       64.12329597        0.99451035       -0.23074501        1.76000000        0.93922293
    35.93750434       64.17867244        0.99581701       -0.23255339        1.76000000        0.93806557
    35.95354725       64.23404890        0.99712140       -0.23436525        1.76000000        0.93690964
    35.96943284       64.28942537        0.99842352       -0.23618061        1.76000000        0.93575512
    35.98516055       64.34480183        0.99972338       -0.23799947        1.76000000        0.93460202
    36.00072980       64.40017830        1.00102095       -0.23982182        1.76000000        0.93345035
    36.01614002       64.45555476        1.00231624       -0.24164768        1.76000000        0.93230011
    36.03139063       64.51093122        1.00360924       -0.24347702        1.76000000        0.93115130
    36.04648104       64.56630769        1.00489994       -0.24530987        1.76000000        0.93000392
    36.06141068       64.62168415        1.00618833       -0.24714622        1.76000000        0.92885798
    36.07617896       64.67706062        1.00747442       -0.24898607        1.76000000        0.92771347
    36.09078528       64.73243708        1.00875820       -0.25082941        1.76000000        0.92657041
    36.10522905       64.78781355        1.01003965       -0.25267626        1.76000000        0.92542879
    36.11950967       64.84319001        1.01131878       -0.25452661        1.76000000        0.92428862
    36.13362654       64.89856648        1.01259557       -0.25638046        1.76000000        0.92314989
    36.14757905       64.95394294        1.01387002       -0.25823781        1.76000000        0.92201262
    36.16136660       65.00931940        1.01514213       -0.26009866        1.76000000        0.92087681
    36.17498857       65.06469587        1.01641189       -0.26196301        1.76000000        0.91974245
    36.18844435       65.12007233        1.01767929       -0.26383086        1.76000000        0.91860955
    36.20173332       65.17544880        1.01894433       -0.26570221        1.76000000        0.91747812
    36.21485486       65.23082526        1.02020700       -0.26757705        1.76000000        0.91634815
    36.22780834       65.28620173        1.02146729       -0.26945540        1.76000000        0.91521966
    36.24059312       65.34157819        1.02272520       -0.27133724        1.76000000        0.91409263
    36.25320859       65.39695466        1.02398073       -0.27322257        1.76000000        0.91296708
    36.26565411       65.45233112        1.02523386       -0.27511139        1.76000000        0.91184301
    36.27792902       65.50770759        1.02648459       -0.27700371        1.76000000        0.91072042
    36.29003270       65.56308405        1.02773292       -0.27889952        1.76000000        0.90959931
    36.30196450       65.61846051        1.02897883       -0.28079881        1.76000000        0.90847969
    36.31372375       65.67383698        1.03022232       -0.28270160        1.76000000        0.90736156
    36.32530982       65.72921344        1.03146339       -0.28460786        1.76000000        0.90624493
    36.33672204       65.78458991        1.03270204       -0.28651761        1.76000000        0.90512979
    36.34795975       65.83996637        1.03393824       -0.28843084        1.76000000        0.90401615
    36.35902229       65.89534284        1.03517200       -0.29034754        1.76000000        0.90290401
    36.36990899       65.95071930        1.03640331       -0.29226772        1.76000000        0.90179338
    36.38061918       66.00609577        1.03763217       -0.29419136        1.76000000        0.90068425
    36.39115218       66.06147223        1.03885857       -0.29611848        1.76000000        0.89957664
    36.40150731       66.11684870        1.04008250       -0.29804906        1.76000000        0.89847054
    36.41168389       66.17222516        1.04130395       -0.29998310        1.76000000        0.89736596
    36.42168123       66.22760162        1.04252293       -0.30192060        1.76000000        0.89626290
    36.43149865       66.28297809        1.04373942       -0.30386155        1.76000000        0.89516137
    36.44113545       66.33835455        1.04495342       -0.30580595        1.76000000        0.89406136
    36.45059093       66.39373102        1.04616491       -0.30775380        1.76000000        0.89296289
    36.45986439       66.44910748        1.04737391       -0.30970509        1.76000000        0.89186595
    36.46895512       66.50448395        1.04858039       -0.31165981        1.76000000        0.89077054
    36.47786242       66.55986041        1.04978436       -0.31361797        1.76000000        0.88967668
    36.48658557       66.61523688        1.05098580       -0.31557955        1.76000000        0.88858436
    36.49512386       66.67061334        1.05218471       -0.31754456        1.76000000        0.88749359
    36.50347657       66.72598980        1.05338109       -0.31951298        1.76000000        0.88640437
    36.51164297       66.78136627        1.05457492       -0.32148481        1.76000000        0.88531670
    36.51962233       66.83674273        1.05576621       -0.32346005        1.76000000        0.88423059
    36.52741393       66.89211920        1.05695494       -0.32543869        1.76000000        0.88314604
    36.53501702       66.94749566        1.05814111       -0.32742072        1.76000000        0.88206306
    36.54243087       67.00287213        1.05932471       -0.32940614        1.76000000        0.88098164
    36.54965473       67.05824859        1.06050574       -0.33139493        1.76000000        0.87990180
    36.55668785       67.11362506        1.06168418       -0.33338710        1.76000000        0.87882353
    36.56352950       67.16900152        1.06286004       -0.33538264        1.76000000        0.87774683
    36.57017890       67.22437799        1.06403331       -0.33738154        1.76000000        0.87667172
    36.57663529       67.27975445        1.06520397       -0.33938378        1.76000000        0.87559819
    36.58289793       67.33513091        1.06637203       -0.34138938        1.76000000        0.87452626
    36.58896604       67.39050738        1.06753748       -0.34339830        1.76000000        0.87345591
    36.59483884       67.44588384        1.06870031       -0.34541056        1.76000000        0.87238716
    36.60051557       67.50126031        1.06986051       -0.34742613        1.76000000        0.87132001
    36.60599544       67.55663677        1.07101809       -0.34944502        1.76000000        0.87025446
    36.61127767       67.61201324        1.07217302       -0.35146721        1.76000000        0.86919052
    36.61636147       67.66738970        1.07332531       -0.35349269        1.76000000        0.86812818
    36.62124606       67.72276617        1.07447494       -0.35552145        1.76000000        0.86706747
    36.62593063       67.77814263        1.07562192       -0.35755349        1.76000000        0.86600837
    36.63041438       67.83351910        1.07676624       -0.35958879        1.76000000        0.86495089
    36.63469652       67.88889556        1.07790788       -0.36162735        1.76000000        0.86389503
    36.63877623       67.94427202        1.07904685       -0.36366915        1.76000000        0.86284080
    36.64265270       67.99964849        1.08018313       -0.36571418        1.76000000        0.86178821
    36.64632513       68.05502495        1.08131672       -0.36776244        1.76000000        0.86073725
    36.64979267       68.11040142        1.08244761       -0.36981390        1.76000000        0.85968793
    36.65305452       68.16577788        1.08357580       -0.37186857        1.76000000        0.85864026
    36.65610984       68.22115435        1.08470128       -0.37392642        1.76000000        0.85759423
    36.65895780       68.27653081        1.08582404       -0.37598744        1.76000000        0.85654986
    36.66159756       68.33190728        1.08694408       -0.37805163        1.76000000        0.85550713
    36.66402828       68.38728374        1.08806138       -0.38011897        1.76000000        0.85446607
    36.66624912       68.44266021        1.08917595       -0.38218945        1.76000000        0.85342667
    36.66825923       68.49803667        1.09028778       -0.38426305        1.76000000        0.85238894
    36.67005774       68.55341313        1.09139685       -0.38633976        1.76000000        0.85135288
    36.67164381       68.60878960        1.09250317       -0.38841957        1.76000000        0.85031849
    36.67301657       68.66416606        1.09360672       -0.39050246        1.76000000        0.84928578
    36.67417515       68.71954253        1.09470750       -0.39258842        1.76000000        0.84825475
    36.67511868       68.77491899        1.09580550       -0.39467744        1.76000000        0.84722541
    36.67584629       68.83029546        1.09690072       -0.39676949        1.76000000        0.84619776
    36.67635709       68.88567192        1.09799314       -0.39886456        1.76000000        0.84517181
    36.67665021       68.94104839        1.09908277       -0.40096264        1.76000000        0.84414755
    36.67672474       68.99642485        1.10016959       -0.40306371        1.76000000        0.84312500
