#  Theta paroi en deg Angle Choc en deg       Kp           Inverse Mach       Mach amont       Mach aval
     0.00000000       24.62431835        0.00000000        0.58333333        2.40000000
     1.82576161       24.62627962        0.00590632        0.58070040        2.40000000        2.39988840
     2.19795552       24.62902379        0.00806338        0.57974619        2.40000000        2.39973227
     2.60056727       24.63411663        0.01066969        0.57859836        2.40000000        2.39944258
     3.03586525       24.64312395        0.01378209        0.57723483        2.40000000        2.39893045
     3.48573257       24.65761152        0.01729787        0.57570380        2.40000000        2.39810731
     3.93938660       24.67914514        0.02113245        0.57404481        2.40000000        2.39688516
     4.39259727       24.70929060        0.02523815        0.57228073        2.40000000        2.39517689
     4.84458390       24.74961367        0.02959437        0.57042243        2.40000000        2.39289668
     5.29617055       24.80168016        0.03419799        0.56847315        2.40000000        2.38996045
     5.74888326       24.86705584        0.03905737        0.56643127        2.40000000        2.38628641
     6.12616236       24.93243152        0.04328930        0.56466574        2.40000000        2.38262636
     6.45449077       24.99780720        0.04710444        0.56308391        2.40000000        2.37898014
     6.74816878       25.06318288        0.05061980        0.56163437        2.40000000        2.37534756
     7.01586896       25.12855856        0.05390788        0.56028529        2.40000000        2.37172846
     7.26327981       25.19393425        0.05701712        0.55901543        2.40000000        2.36812265
     7.49435060       25.25930993        0.05998161        0.55780984        2.40000000        2.36452996
     7.71194400       25.32468561        0.06282638        0.55665755        2.40000000        2.36095024
     7.91820649       25.39006129        0.06557040        0.55555024        2.40000000        2.35738332
     8.11479235       25.45543697        0.06822843        0.55448143        2.40000000        2.35382904
     8.30300559       25.52081265        0.07081218        0.55344599        2.40000000        2.35028723
     8.48389383       25.58618833        0.07333115        0.55243976        2.40000000        2.34675774
     8.65831237       25.65156402        0.07579313        0.55145930        2.40000000        2.34324043
     8.82696931       25.71693970        0.07820462        0.55050177        2.40000000        2.33973513
     8.99045805       25.78231538        0.08057107        0.54956477        2.40000000        2.33624170
     9.14928116       25.84769106        0.08289714        0.54864626        2.40000000        2.33276000
     9.30386830       25.91306674        0.08518682        0.54774446        2.40000000        2.32928987
     9.45458999       25.97844242        0.08744355        0.54685786        2.40000000        2.32583118
     9.60176807       26.04381811        0.08967036        0.54598513        2.40000000        2.32238380
     9.74568411       26.10919379        0.09186988        0.54512509        2.40000000        2.31894757
     9.88658584       26.17456947        0.09404444        0.54427673        2.40000000        2.31552237
    10.02469262       26.23994515        0.09619611        0.54343912        2.40000000        2.31210806
    10.16019955       26.30532083        0.09832672        0.54261145        2.40000000        2.30870452
    10.29328107       26.37069651        0.10043793        0.54179297        2.40000000        2.30531161
    10.42409374       26.43607220        0.10253121        0.54098303        2.40000000        2.30192921
    10.55277877       26.50144788        0.10460791        0.54018103        2.40000000        2.29855719
    10.67946387       26.56682356        0.10666923        0.53938643        2.40000000        2.29519544
    10.80426502       26.63219924        0.10871627        0.53859873        2.40000000        2.29184382
    10.92728789       26.69757492        0.11075004        0.53781748        2.40000000        2.28850222
    11.04862901       26.76295060        0.11277145        0.53704226        2.40000000        2.28517053
    11.16837682       26.82832629        0.11478134        0.53627270        2.40000000        2.28184862
    11.28661262       26.89370197        0.11678049        0.53550845        2.40000000        2.27853639
    11.40341127       26.95907765        0.11876960        0.53474917        2.40000000        2.27523372
    11.51884187       27.02445333        0.12074933        0.53399458        2.40000000        2.27194051
    11.63296838       27.08982901        0.12272028        0.53324438        2.40000000        2.26865664
    11.74585012       27.15520469        0.12468301        0.53249834        2.40000000        2.26538200
    11.85754217       27.22058038        0.12663805        0.53175619        2.40000000        2.26211650
    11.96809584       27.28595606        0.12858587        0.53101772        2.40000000        2.25886003
    12.07755897       27.35133174        0.13052694        0.53028272        2.40000000        2.25561249
    12.18597623       27.41670742        0.13246166        0.52955099        2.40000000        2.25237377
    12.29338944       27.48208310        0.13439044        0.52882234        2.40000000        2.24914377
    12.39983779       27.54745878        0.13631364        0.52809660        2.40000000        2.24592241
    12.50535806       27.61283447        0.13823160        0.52737361        2.40000000        2.24270959
    12.60998480       27.67821015        0.14014465        0.52665322        2.40000000        2.23950520
    12.71375057       27.74358583        0.14205309        0.52593527        2.40000000        2.23630916
    12.81668600       27.80896151        0.14395720        0.52521964        2.40000000        2.23312137
    12.91882003       27.87433719        0.14585726        0.52450618        2.40000000        2.22994175
    13.02017997       27.93971287        0.14775351        0.52379479        2.40000000        2.22677020
    13.12079168       28.00508856        0.14964619        0.52308533        2.40000000        2.22360664
    13.22067961       28.07046424        0.15153552        0.52237771        2.40000000        2.22045098
    13.31986696       28.13583992        0.15342173        0.52167180        2.40000000        2.21730313
    13.41837572       28.20121560        0.15530501        0.52096753        2.40000000        2.21416302
    13.51622679       28.26659128        0.15718554        0.52026478        2.40000000        2.21103056
    13.61344003       28.33196696        0.15906352        0.51956347        2.40000000        2.20790567
    13.71003432       28.39734265        0.16093910        0.51886350        2.40000000        2.20478826
    13.80602766       28.46271833        0.16281246        0.51816481        2.40000000        2.20167826
    13.90143721       28.52809401        0.16468374        0.51746731        2.40000000        2.19857559
    13.99627930       28.59346969        0.16655309        0.51677091        2.40000000        2.19548018
    14.09056956       28.65884537        0.16842065        0.51607556        2.40000000        2.19239194
    14.18432289       28.72422105        0.17028655        0.51538117        2.40000000        2.18931081
    14.27755357       28.78959674        0.17215092        0.51468769        2.40000000        2.18623671
    14.37027523       28.85497242        0.17401387        0.51399505        2.40000000        2.18316956
    14.46250092       28.92034810        0.17587551        0.51330318        2.40000000        2.18010930
    14.55424317       28.98572378        0.17773597        0.51261203        2.40000000        2.17705586
    14.64551396       29.05109946        0.17959533        0.51192154        2.40000000        2.17400916
    14.73632479       29.11647514        0.18145370        0.51123166        2.40000000        2.17096914
    14.82668672       29.18185083        0.18331117        0.51054233        2.40000000        2.16793573
    14.91661034       29.24722651        0.18516783        0.50985350        2.40000000        2.16490887
    15.00610585       29.31260219        0.18702376        0.50916512        2.40000000        2.16188848
    15.09518304       29.37797787        0.18887906        0.50847715        2.40000000        2.15887451
    15.18385134       29.44335355        0.19073379        0.50778954        2.40000000        2.15586689
    15.27211981       29.50872923        0.19258803        0.50710224        2.40000000        2.15286555
    15.35999720       29.57410492        0.19444185        0.50641521        2.40000000        2.14987045
    15.44749192       29.63948060        0.19629532        0.50572842        2.40000000        2.14688150
    15.53461210       29.70485628        0.19814851        0.50504181        2.40000000        2.14389867
    15.62136554       29.77023196        0.20000148        0.50435535        2.40000000        2.14092187
    15.70775981       29.83560764        0.20185428        0.50366901        2.40000000        2.13795107
    15.79380219       29.90098332        0.20370698        0.50298275        2.40000000        2.13498619
    15.87949972       29.96635901        0.20555963        0.50229653        2.40000000        2.13202719
    15.96485919       30.03173469        0.20741228        0.50161031        2.40000000        2.12907400
    16.04988719       30.09711037        0.20926498        0.50092407        2.40000000        2.12612658
    16.13459006       30.16248605        0.21111778        0.50023778        2.40000000        2.12318486
    16.21897395       30.22786173        0.21297073        0.49955139        2.40000000        2.12024879
    16.30304482       30.29323741        0.21482387        0.49886488        2.40000000        2.11731833
    16.38680841       30.35861310        0.21667725        0.49817822        2.40000000        2.11439341
    16.47027030       30.42398878        0.21853090        0.49749138        2.40000000        2.11147399
    16.55343590       30.48936446        0.22038486        0.49680433        2.40000000        2.10856002
    16.63631045       30.55474014        0.22223918        0.49611705        2.40000000        2.10565144
    16.71889901       30.62011582        0.22409388        0.49542951        2.40000000        2.10274821
    16.80120650       30.68549150        0.22594900        0.49474168        2.40000000        2.09985028
    16.88323771       30.75086719        0.22780458        0.49405353        2.40000000        2.09695759
    16.96499726       30.81624287        0.22966064        0.49336505        2.40000000        2.09407011
    17.04648965       30.88161855        0.23151722        0.49267620        2.40000000        2.09118778
    17.12771925       30.94699423        0.23337434        0.49198697        2.40000000        2.08831057
    17.20869030       31.01236991        0.23523204        0.49129733        2.40000000        2.08543841
    17.28940692       31.07774559        0.23709034        0.49060725        2.40000000        2.08257128
    17.36987310       31.14312127        0.23894926        0.48991673        2.40000000        2.07970912
    17.45009276       31.20849696        0.24080883        0.48922572        2.40000000        2.07685190
    17.53006965       31.27387264        0.24266907        0.48853422        2.40000000        2.07399956
    17.60980749       31.33924832        0.24453001        0.48784220        2.40000000        2.07115206
    17.68930983       31.40462400        0.24639167        0.48714964        2.40000000        2.06830937
    17.76858017       31.46999968        0.24825407        0.48645652        2.40000000        2.06547145
    17.84762190       31.53537536        0.25011722        0.48576283        2.40000000        2.06263824
    17.92643832       31.60075105        0.25198115        0.48506854        2.40000000        2.05980972
    18.00503264       31.66612673        0.25384588        0.48437363        2.40000000        2.05698584
    18.08340801       31.73150241        0.25571141        0.48367810        2.40000000        2.05416656
    18.16156748       31.79687809        0.25757778        0.48298191        2.40000000        2.05135185
    18.23951402       31.86225377        0.25944499        0.48228505        2.40000000        2.04854166
    18.31725053       31.92762945        0.26131306        0.48158750        2.40000000        2.04573597
    18.39477983       31.99300514        0.26318201        0.48088925        2.40000000        2.04293472
    18.47210469       32.05838082        0.26505184        0.48019028        2.40000000        2.04013789
    18.54922779       32.12375650        0.26692257        0.47949057        2.40000000        2.03734544
    18.62615175       32.18913218        0.26879422        0.47879011        2.40000000        2.03455733
    18.70287916       32.25450786        0.27066679        0.47808888        2.40000000        2.03177353
    18.77941248       32.31988354        0.27254030        0.47738687        2.40000000        2.02899400
    18.85575417       32.38525923        0.27441475        0.47668406        2.40000000        2.02621872
    18.93190660       32.45063491        0.27629017        0.47598043        2.40000000        2.02344764
    19.00787210       32.51601059        0.27816655        0.47527598        2.40000000        2.02068073
    19.08365295       32.58138627        0.28004391        0.47457068        2.40000000        2.01791796
    19.15925136       32.64676195        0.28192225        0.47386452        2.40000000        2.01515930
    19.23466950       32.71213763        0.28380159        0.47315749        2.40000000        2.01240471
    19.30990948       32.77751332        0.28568192        0.47244957        2.40000000        2.00965417
    19.38497338       32.84288900        0.28756327        0.47174075        2.40000000        2.00690764
    19.45986322       32.90826468        0.28944563        0.47103102        2.40000000        2.00416509
    19.53458098       32.97364036        0.29132902        0.47032036        2.40000000        2.00142649
    19.60912860       33.03901604        0.29321343        0.46960876        2.40000000        1.99869182
    19.68350797       33.10439172        0.29509888        0.46889620        2.40000000        1.99596104
    19.75772093       33.16976741        0.29698536        0.46818268        2.40000000        1.99323412
    19.83176931       33.23514309        0.29887289        0.46746819        2.40000000        1.99051103
    19.90565487       33.30051877        0.30076147        0.46675270        2.40000000        1.98779175
    19.97937934       33.36589445        0.30265110        0.46603620        2.40000000        1.98507625
    20.05294442       33.43127013        0.30454179        0.46531869        2.40000000        1.98236449
    20.12635178       33.49664581        0.30643354        0.46460015        2.40000000        1.97965646
    20.19960304       33.56202150        0.30832635        0.46388057        2.40000000        1.97695213
    20.27269979       33.62739718        0.31022023        0.46315994        2.40000000        1.97425147
    20.34564359       33.69277286        0.31211518        0.46243825        2.40000000        1.97155444
    20.41843597       33.75814854        0.31401120        0.46171548        2.40000000        1.96886104
    20.49107842       33.82352422        0.31590830        0.46099163        2.40000000        1.96617123
    20.56357241       33.88889990        0.31780647        0.46026667        2.40000000        1.96348498
    20.63591938       33.95427559        0.31970571        0.45954061        2.40000000        1.96080227
    20.70812073       34.01965127        0.32160604        0.45881343        2.40000000        1.95812308
    20.78017784       34.08502695        0.32350745        0.45808512        2.40000000        1.95544739
    20.85209206       34.15040263        0.32540993        0.45735567        2.40000000        1.95277516
    20.92386472       34.21577831        0.32731350        0.45662506        2.40000000        1.95010637
    20.99549711       34.28115399        0.32921815        0.45589330        2.40000000        1.94744101
    21.06699051       34.34652968        0.33112388        0.45516036        2.40000000        1.94477905
    21.13834617       34.41190536        0.33303069        0.45442623        2.40000000        1.94212046
    21.20956530       34.47728104        0.33493858        0.45369091        2.40000000        1.93946522
    21.28064910       34.54265672        0.33684755        0.45295439        2.40000000        1.93681332
    21.35159877       34.60803240        0.33875760        0.45221665        2.40000000        1.93416473
    21.42241544       34.67340808        0.34066873        0.45147769        2.40000000        1.93151942
    21.49310026       34.73878377        0.34258093        0.45073750        2.40000000        1.92887738
    21.56365433       34.80415945        0.34449422        0.44999606        2.40000000        1.92623858
    21.63407874       34.86953513        0.34640857        0.44925337        2.40000000        1.92360301
    21.70437457       34.93491081        0.34832400        0.44850941        2.40000000        1.92097064
    21.77454286       35.00028649        0.35024050        0.44776418        2.40000000        1.91834146
    21.84458464       35.06566217        0.35215807        0.44701767        2.40000000        1.91571544
    21.91450093       35.13103786        0.35407671        0.44626986        2.40000000        1.91309256
    21.98429270       35.19641354        0.35599640        0.44552076        2.40000000        1.91047281
    22.05396096       35.26178922        0.35791717        0.44477034        2.40000000        1.90785616
    22.12350664       35.32716490        0.35983898        0.44401860        2.40000000        1.90524260
    22.19293069       35.39254058        0.36176186        0.44326553        2.40000000        1.90263211
    22.26223402       35.45791626        0.36368579        0.44251112        2.40000000        1.90002466
    22.33141754       35.52329195        0.36561077        0.44175537        2.40000000        1.89742025
    22.40048215       35.58866763        0.36753679        0.44099826        2.40000000        1.89481885
    22.46942872       35.65404331        0.36946386        0.44023978        2.40000000        1.89222044
    22.53825809       35.71941899        0.37139197        0.43947992        2.40000000        1.88962501
    22.60697112       35.78479467        0.37332111        0.43871869        2.40000000        1.88703254
    22.67556863       35.85017035        0.37525128        0.43795605        2.40000000        1.88444301
    22.74405144       35.91554604        0.37718249        0.43719202        2.40000000        1.88185640
    22.81242034       35.98092172        0.37911471        0.43642658        2.40000000        1.87927271
    22.88067611       36.04629740        0.38104796        0.43565972        2.40000000        1.87669191
    22.94881952       36.11167308        0.38298222        0.43489142        2.40000000        1.87411398
    23.01685135       36.17704876        0.38491750        0.43412170        2.40000000        1.87153891
    23.08477231       36.24242444        0.38685378        0.43335052        2.40000000        1.86896669
    23.15258316       36.30780013        0.38879106        0.43257790        2.40000000        1.86639730
    23.22028460       36.37317581        0.39072934        0.43180381        2.40000000        1.86383071
    23.28787734       36.43855149        0.39266861        0.43102825        2.40000000        1.86126693
    23.35536207       36.50392717        0.39460887        0.43025121        2.40000000        1.85870592
    23.42273948       36.56930285        0.39655011        0.42947268        2.40000000        1.85614769
    23.49001023       36.63467853        0.39849233        0.42869265        2.40000000        1.85359220
    23.55717498       36.70005422        0.40043552        0.42791113        2.40000000        1.85103946
    23.62423439       36.76542990        0.40237967        0.42712808        2.40000000        1.84848944
    23.69118908       36.83080558        0.40432479        0.42634352        2.40000000        1.84594212
    23.75803967       36.89618126        0.40627086        0.42555743        2.40000000        1.84339751
    23.82478680       36.96155694        0.40821789        0.42476980        2.40000000        1.84085557
    23.89143105       37.02693262        0.41016585        0.42398062        2.40000000        1.83831630
    23.95797302       37.09230830        0.41211476        0.42318989        2.40000000        1.83577969
    24.02441330       37.15768399        0.41406460        0.42239759        2.40000000        1.83324571
    24.09075245       37.22305967        0.41601537        0.42160373        2.40000000        1.83071437
    24.15699105       37.28843535        0.41796705        0.42080828        2.40000000        1.82818563
    24.22312964       37.35381103        0.41991965        0.42001125        2.40000000        1.82565950
    24.28916877       37.41918671        0.42187316        0.41921263        2.40000000        1.82313596
    24.35510899       37.48456239        0.42382757        0.41841240        2.40000000        1.82061500
    24.42095080       37.54993808        0.42578288        0.41761056        2.40000000        1.81809660
    24.48669474       37.61531376        0.42773908        0.41680710        2.40000000        1.81558075
    24.55234131       37.68068944        0.42969616        0.41600201        2.40000000        1.81306744
    24.61789100       37.74606512        0.43165412        0.41519529        2.40000000        1.81055666
    24.68334432       37.81144080        0.43361295        0.41438692        2.40000000        1.80804839
    24.74870175       37.87681648        0.43557264        0.41357690        2.40000000        1.80554263
    24.81396376       37.94219217        0.43753318        0.41276522        2.40000000        1.80303937
    24.87913082       38.00756785        0.43949458        0.41195188        2.40000000        1.80053858
    24.94420339       38.07294353        0.44145682        0.41113686        2.40000000        1.79804026
    25.00918192       38.13831921        0.44341990        0.41032015        2.40000000        1.79554441
    25.07406685       38.20369489        0.44538380        0.40950176        2.40000000        1.79305100
    25.13885863       38.26907057        0.44734853        0.40868166        2.40000000        1.79056003
    25.20355768       38.33444626        0.44931407        0.40785986        2.40000000        1.78807148
    25.26816442       38.39982194        0.45128042        0.40703634        2.40000000        1.78558536
    25.33267927       38.46519762        0.45324757        0.40621110        2.40000000        1.78310164
    25.39710264       38.53057330        0.45521551        0.40538413        2.40000000        1.78062031
    25.46143493       38.59594898        0.45718424        0.40455542        2.40000000        1.77814137
    25.52567653       38.66132466        0.45915375        0.40372496        2.40000000        1.77566480
    25.58982782       38.72670035        0.46112403        0.40289275        2.40000000        1.77319060
    25.65388920       38.79207603        0.46309508        0.40205878        2.40000000        1.77071876
    25.71786104       38.85745171        0.46506688        0.40122303        2.40000000        1.76824926
    25.78174369       38.92282739        0.46703943        0.40038551        2.40000000        1.76578210
    25.84553754       38.98820307        0.46901272        0.39954620        2.40000000        1.76331726
    25.90924292       39.05357875        0.47098674        0.39870509        2.40000000        1.76085475
    25.97286019       39.11895444        0.47296149        0.39786219        2.40000000        1.75839454
    26.03638969       39.18433012        0.47493696        0.39701747        2.40000000        1.75593663
    26.09983176       39.24970580        0.47691314        0.39617094        2.40000000        1.75348101
    26.16318673       39.31508148        0.47889002        0.39532258        2.40000000        1.75102768
    26.22645493       39.38045716        0.48086760        0.39447239        2.40000000        1.74857661
    26.28963668       39.44583284        0.48284586        0.39362035        2.40000000        1.74612781
    26.35273229       39.51120853        0.48482481        0.39276647        2.40000000        1.74368127
    26.41574207       39.57658421        0.48680442        0.39191073        2.40000000        1.74123697
    26.47866632       39.64195989        0.48878470        0.39105312        2.40000000        1.73879491
    26.54150534       39.70733557        0.49076563        0.39019364        2.40000000        1.73635509
    26.60425943       39.77271125        0.49274720        0.38933228        2.40000000        1.73391748
    26.66692886       39.83808693        0.49472942        0.38846903        2.40000000        1.73148209
    26.72951393       39.90346262        0.49671227        0.38760388        2.40000000        1.72904891
    26.79201491       39.96883830        0.49869573        0.38673683        2.40000000        1.72661792
    26.85443208       40.03421398        0.50067982        0.38586787        2.40000000        1.72418913
    26.91676569       40.09958966        0.50266451        0.38499698        2.40000000        1.72176251
    26.97901601       40.16496534        0.50464979        0.38412417        2.40000000        1.71933808
    27.04118330       40.23034102        0.50663567        0.38324942        2.40000000        1.71691581
    27.10326782       40.29571671        0.50862212        0.38237272        2.40000000        1.71449570
    27.16526980       40.36109239        0.51060915        0.38149408        2.40000000        1.71207775
    27.22718949       40.42646807        0.51259674        0.38061347        2.40000000        1.70966195
    27.28902714       40.49184375        0.51458489        0.37973089        2.40000000        1.70724828
    27.35078297       40.55721943        0.51657358        0.37884634        2.40000000        1.70483674
    27.41245721       40.62259511        0.51856281        0.37795980        2.40000000        1.70242733
    27.47405009       40.68797080        0.52055257        0.37707127        2.40000000        1.70002004
    27.53556184       40.75334648        0.52254285        0.37618074        2.40000000        1.69761486
    27.59699266       40.81872216        0.52453365        0.37528820        2.40000000        1.69521179
    27.65834276       40.88409784        0.52652495        0.37439364        2.40000000        1.69281081
    27.71961237       40.94947352        0.52851674        0.37349706        2.40000000        1.69041193
    27.78080167       41.01484920        0.53050902        0.37259845        2.40000000        1.68801513
    27.84191087       41.08022489        0.53250178        0.37169779        2.40000000        1.68562041
    27.90294017       41.14560057        0.53449500        0.37079509        2.40000000        1.68322776
    27.96388975       41.21097625        0.53648869        0.36989032        2.40000000        1.68083718
    28.02475981       41.27635193        0.53848283        0.36898350        2.40000000        1.67844866
    28.08555052       41.34172761        0.54047741        0.36807459        2.40000000        1.67606219
    28.14626206       41.40710329        0.54247242        0.36716361        2.40000000        1.67367778
    28.20689462       41.47247898        0.54446786        0.36625054        2.40000000        1.67129540
    28.26744837       41.53785466        0.54646372        0.36533536        2.40000000        1.66891506
    28.32792346       41.60323034        0.54845998        0.36441808        2.40000000        1.66653676
    28.38832007       41.66860602        0.55045664        0.36349869        2.40000000        1.66416048
    28.44863835       41.73398170        0.55245368        0.36257717        2.40000000        1.66178621
    28.50887847       41.79935738        0.55445111        0.36165352        2.40000000        1.65941396
    28.56904057       41.86473307        0.55644891        0.36072773        2.40000000        1.65704373
    28.62912481       41.93010875        0.55844707        0.35979980        2.40000000        1.65467549
    28.68913133       41.99548443        0.56044558        0.35886970        2.40000000        1.65230925
    28.74906028       42.06086011        0.56244444        0.35793744        2.40000000        1.64994500
    28.80891179       42.12623579        0.56444363        0.35700301        2.40000000        1.64758274
    28.86868599       42.19161147        0.56644315        0.35606640        2.40000000        1.64522247
    28.92838303       42.25698716        0.56844298        0.35512759        2.40000000        1.64286417
    28.98800303       42.32236284        0.57044312        0.35418659        2.40000000        1.64050784
    29.04754611       42.38773852        0.57244356        0.35324338        2.40000000        1.63815348
    29.10701240       42.45311420        0.57444429        0.35229796        2.40000000        1.63580108
    29.16640202       42.51848988        0.57644529        0.35135031        2.40000000        1.63345064
    29.22571508       42.58386556        0.57844657        0.35040042        2.40000000        1.63110215
    29.28495169       42.64924125        0.58044811        0.34944830        2.40000000        1.62875561
    29.34411197       42.71461693        0.58244990        0.34849393        2.40000000        1.62641101
    29.40319601       42.77999261        0.58445193        0.34753729        2.40000000        1.62406835
    29.46220392       42.84536829        0.58645420        0.34657839        2.40000000        1.62172762
    29.52113581       42.91074397        0.58845668        0.34561722        2.40000000        1.61938883
    29.57999176       42.97611965        0.59045939        0.34465376        2.40000000        1.61705195
    29.63877188       43.04149533        0.59246230        0.34368801        2.40000000        1.61471700
    29.69747624       43.10687102        0.59446540        0.34271995        2.40000000        1.61238397
    29.75610495       43.17224670        0.59646869        0.34174958        2.40000000        1.61005285
    29.81465807       43.23762238        0.59847216        0.34077690        2.40000000        1.60772363
    29.87313570       43.30299806        0.60047579        0.33980188        2.40000000        1.60539632
    29.93153791       43.36837374        0.60247958        0.33882453        2.40000000        1.60307091
    29.98986478       43.43374942        0.60448352        0.33784483        2.40000000        1.60074739
    30.04811638       43.49912511        0.60648760        0.33686278        2.40000000        1.59842577
    30.10629279       43.56450079        0.60849181        0.33587837        2.40000000        1.59610603
    30.16439405       43.62987647        0.61049614        0.33489158        2.40000000        1.59378818
    30.22242025       43.69525215        0.61250058        0.33390240        2.40000000        1.59147220
    30.28037144       43.76062783        0.61450513        0.33291084        2.40000000        1.58915810
    30.33824768       43.82600351        0.61650976        0.33191688        2.40000000        1.58684588
    30.39604903       43.89137920        0.61851447        0.33092051        2.40000000        1.58453552
    30.45377552       43.95675488        0.62051926        0.32992172        2.40000000        1.58222703
    30.51142724       44.02213056        0.62252411        0.32892050        2.40000000        1.57992040
    30.56900420       44.08750624        0.62452902        0.32791684        2.40000000        1.57761562
    30.62650647       44.15288192        0.62653396        0.32691074        2.40000000        1.57531270
    30.68393407       44.21825760        0.62853895        0.32590219        2.40000000        1.57301163
    30.74128706       44.28363329        0.63054395        0.32489117        2.40000000        1.57071241
    30.79856546       44.34900897        0.63254897        0.32387768        2.40000000        1.56841503
    30.85576932       44.41438465        0.63455400        0.32286170        2.40000000        1.56611949
    30.91289865       44.47976033        0.63655902        0.32184323        2.40000000        1.56382579
    30.96995350       44.54513601        0.63856403        0.32082226        2.40000000        1.56153392
    31.02693388       44.61051169        0.64056901        0.31979878        2.40000000        1.55924389
    31.08383982       44.67588738        0.64257396        0.31877278        2.40000000        1.55695568
    31.14067135       44.74126306        0.64457887        0.31774425        2.40000000        1.55466929
    31.19742847       44.80663874        0.64658372        0.31671318        2.40000000        1.55238473
    31.25411120       44.87201442        0.64858851        0.31567956        2.40000000        1.55010198
    31.31071956       44.93739010        0.65059323        0.31464338        2.40000000        1.54782105
    31.36725356       45.00276578        0.65259787        0.31360463        2.40000000        1.54554193
    31.42371321       45.06814147        0.65460241        0.31256330        2.40000000        1.54326462
    31.48009850       45.13351715        0.65660686        0.31151939        2.40000000        1.54098912
    31.53640946       45.19889283        0.65861119        0.31047288        2.40000000        1.53871542
    31.59264606       45.26426851        0.66061540        0.30942376        2.40000000        1.53644352
    31.64880832       45.32964419        0.66261948        0.30837202        2.40000000        1.53417342
    31.70489623       45.39501987        0.66462342        0.30731766        2.40000000        1.53190512
    31.76090978       45.46039556        0.66662721        0.30626066        2.40000000        1.52963860
    31.81684896       45.52577124        0.66863084        0.30520102        2.40000000        1.52737388
    31.87271376       45.59114692        0.67063429        0.30413871        2.40000000        1.52511094
    31.92850417       45.65652260        0.67263757        0.30307375        2.40000000        1.52284979
    31.98422018       45.72189828        0.67464066        0.30200610        2.40000000        1.52059042
    32.03986175       45.78727396        0.67664355        0.30093577        2.40000000        1.51833283
    32.09542888       45.85264965        0.67864623        0.29986274        2.40000000        1.51607702
    32.15092153       45.91802533        0.68064869        0.29878700        2.40000000        1.51382298
    32.20633968       45.98340101        0.68265092        0.29770854        2.40000000        1.51157071
    32.26168331       46.04877669        0.68465291        0.29662736        2.40000000        1.50932021
    32.31695238       46.11415237        0.68665466        0.29554344        2.40000000        1.50707148
    32.37214686       46.17952805        0.68865614        0.29445677        2.40000000        1.50482452
    32.42726672       46.24490374        0.69065736        0.29336735        2.40000000        1.50257932
    32.48231191       46.31027942        0.69265829        0.29227515        2.40000000        1.50033588
    32.53728240       46.37565510        0.69465894        0.29118018        2.40000000        1.49809420
    32.59217814       46.44103078        0.69665929        0.29008241        2.40000000        1.49585427
    32.64699909       46.50640646        0.69865934        0.28898185        2.40000000        1.49361610
    32.70174520       46.57178214        0.70065906        0.28787847        2.40000000        1.49137968
    32.75641644       46.63715783        0.70265846        0.28677227        2.40000000        1.48914501
    32.81101273       46.70253351        0.70465751        0.28566324        2.40000000        1.48691208
    32.86553403       46.76790919        0.70665622        0.28455137        2.40000000        1.48468091
    32.91998028       46.83328487        0.70865458        0.28343665        2.40000000        1.48245147
    32.97435143       46.89866055        0.71065256        0.28231906        2.40000000        1.48022378
    33.02864741       46.96403623        0.71265017        0.28119859        2.40000000        1.47799783
    33.08286817       47.02941192        0.71464739        0.28007524        2.40000000        1.47577362
    33.13701363       47.09478760        0.71664421        0.27894899        2.40000000        1.47355114
    33.19108372       47.16016328        0.71864062        0.27781983        2.40000000        1.47133040
    33.24507840       47.22553896        0.72063662        0.27668776        2.40000000        1.46911139
    33.29899756       47.29091464        0.72263218        0.27555275        2.40000000        1.46689411
    33.35284115       47.35629032        0.72462732        0.27441480        2.40000000        1.46467856
    33.40660909       47.42166601        0.72662200        0.27327390        2.40000000        1.46246474
    33.46030129       47.48704169        0.72861622        0.27213004        2.40000000        1.46025264
    33.51391769       47.55241737        0.73060998        0.27098320        2.40000000        1.45804226
    33.56745819       47.61779305        0.73260326        0.26983338        2.40000000        1.45583361
    33.62092271       47.68316873        0.73459606        0.26868056        2.40000000        1.45362668
    33.67431116       47.74854441        0.73658835        0.26752473        2.40000000        1.45142147
    33.72762345       47.81392010        0.73858014        0.26636588        2.40000000        1.44921797
    33.78085950       47.87929578        0.74057141        0.26520400        2.40000000        1.44701620
    33.83401920       47.94467146        0.74256216        0.26403907        2.40000000        1.44481613
    33.88710246       48.01004714        0.74455236        0.26287109        2.40000000        1.44261778
    33.94010919       48.07542282        0.74654202        0.26170005        2.40000000        1.44042114
    33.99303928       48.14079850        0.74853112        0.26052592        2.40000000        1.43822621
    34.04589263       48.20617419        0.75051965        0.25934871        2.40000000        1.43603299
    34.09866912       48.27154987        0.75250761        0.25816840        2.40000000        1.43384148
    34.15136867       48.33692555        0.75449498        0.25698497        2.40000000        1.43165167
    34.20399115       48.40230123        0.75648175        0.25579841        2.40000000        1.42946357
    34.25653646       48.46767691        0.75846791        0.25460872        2.40000000        1.42727717
    34.30900447       48.53305259        0.76045346        0.25341588        2.40000000        1.42509247
    34.36139509       48.59842827        0.76243838        0.25221988        2.40000000        1.42290947
    34.41370818       48.66380396        0.76442266        0.25102070        2.40000000        1.42072818
    34.46594362       48.72917964        0.76640629        0.24981834        2.40000000        1.41854858
    34.51810130       48.79455532        0.76838926        0.24861279        2.40000000        1.41637068
    34.57018108       48.85993100        0.77037157        0.24740402        2.40000000        1.41419447
    34.62218285       48.92530668        0.77235320        0.24619203        2.40000000        1.41201996
    34.67410646       48.99068236        0.77433414        0.24497680        2.40000000        1.40984714
    34.72595180       49.05605805        0.77631438        0.24375833        2.40000000        1.40767602
    34.77771872       49.12143373        0.77829392        0.24253660        2.40000000        1.40550659
    34.82940709       49.18680941        0.78027274        0.24131159        2.40000000        1.40333885
    34.88101677       49.25218509        0.78225083        0.24008331        2.40000000        1.40117280
    34.93254762       49.31756077        0.78422818        0.23885172        2.40000000        1.39900843
    34.98399950       49.38293645        0.78620478        0.23761683        2.40000000        1.39684576
    35.03537226       49.44831214        0.78818062        0.23637861        2.40000000        1.39468477
    35.08666575       49.51368782        0.79015570        0.23513705        2.40000000        1.39252547
    35.13787984       49.57906350        0.79213000        0.23389215        2.40000000        1.39036785
    35.18901435       49.64443918        0.79410351        0.23264389        2.40000000        1.38821192
    35.24006915       49.70981486        0.79607622        0.23139225        2.40000000        1.38605767
    35.29104407       49.77519054        0.79804812        0.23013723        2.40000000        1.38390510
    35.34193895       49.84056623        0.80001920        0.22887880        2.40000000        1.38175422
    35.39275364       49.90594191        0.80198946        0.22761696        2.40000000        1.37960501
    35.44348797       49.97131759        0.80395887        0.22635170        2.40000000        1.37745749
    35.49414178       50.03669327        0.80592744        0.22508299        2.40000000        1.37531164
    35.54471490       50.10206895        0.80789515        0.22381083        2.40000000        1.37316748
    35.59520715       50.16744463        0.80986199        0.22253520        2.40000000        1.37102499
    35.64561838       50.23282032        0.81182795        0.22125610        2.40000000        1.36888418
    35.69594839       50.29819600        0.81379303        0.21997350        2.40000000        1.36674505
    35.74619703       50.36357168        0.81575720        0.21868739        2.40000000        1.36460759
    35.79636410       50.42894736        0.81772046        0.21739776        2.40000000        1.36247181
    35.84644942       50.49432304        0.81968281        0.21610460        2.40000000        1.36033770
    35.89645282       50.55969872        0.82164422        0.21480789        2.40000000        1.35820527
    35.94637411       50.62507441        0.82360470        0.21350761        2.40000000        1.35607451
    35.99621309       50.69045009        0.82556423        0.21220376        2.40000000        1.35394542
    36.04596959       50.75582577        0.82752280        0.21089632        2.40000000        1.35181801
    36.09564340       50.82120145        0.82948040        0.20958528        2.40000000        1.34969227
    36.14523433       50.88657713        0.83143702        0.20827061        2.40000000        1.34756820
    36.19474218       50.95195281        0.83339264        0.20695232        2.40000000        1.34544581
    36.24416676       51.01732850        0.83534728        0.20563038        2.40000000        1.34332508
    36.29350786       51.08270418        0.83730090        0.20430477        2.40000000        1.34120602
    36.34276528       51.14807986        0.83925350        0.20297549        2.40000000        1.33908864
    36.39193881       51.21345554        0.84120507        0.20164253        2.40000000        1.33697292
    36.44102824       51.27883122        0.84315560        0.20030585        2.40000000        1.33485888
    36.49003336       51.34420690        0.84510508        0.19896546        2.40000000        1.33274650
    36.53895396       51.40958259        0.84705351        0.19762134        2.40000000        1.33063580
    36.58778982       51.47495827        0.84900086        0.19627347        2.40000000        1.32852676
    36.63654071       51.54033395        0.85094713        0.19492183        2.40000000        1.32641939
    36.68520644       51.60570963        0.85289231        0.19356642        2.40000000        1.32431369
    36.73378675       51.67108531        0.85483640        0.19220721        2.40000000        1.32220965
    36.78228144       51.73646099        0.85677937        0.19084420        2.40000000        1.32010729
    36.83069027       51.80183668        0.85872122        0.18947736        2.40000000        1.31800659
    36.87901302       51.86721236        0.86066195        0.18810669        2.40000000        1.31590756
    36.92724944       51.93258804        0.86260153        0.18673217        2.40000000        1.31381019
    36.97539931       51.99796372        0.86453996        0.18535377        2.40000000        1.31171450
    37.02346238       52.06333940        0.86647723        0.18397150        2.40000000        1.30962047
    37.07143841       52.12871508        0.86841334        0.18258532        2.40000000        1.30752811
    37.11932717       52.19409077        0.87034826        0.18119523        2.40000000        1.30543741
    37.16712841       52.25946645        0.87228199        0.17980121        2.40000000        1.30334839
    37.21484187       52.32484213        0.87421452        0.17840324        2.40000000        1.30126103
    37.26246731       52.39021781        0.87614585        0.17700132        2.40000000        1.29917533
    37.31000448       52.45559349        0.87807595        0.17559542        2.40000000        1.29709131
    37.35745311       52.52096917        0.88000482        0.17418552        2.40000000        1.29500895
    37.40481296       52.58634486        0.88193245        0.17277162        2.40000000        1.29292826
    37.45208376       52.65172054        0.88385883        0.17135369        2.40000000        1.29084923
    37.49926524       52.71709622        0.88578396        0.16993172        2.40000000        1.28877187
    37.54635715       52.78247190        0.88770781        0.16850570        2.40000000        1.28669618
    37.59335921       52.84784758        0.88963038        0.16707560        2.40000000        1.28462216
    37.64027115       52.91322326        0.89155166        0.16564141        2.40000000        1.28254981
    37.68709270       52.97859895        0.89347164        0.16420312        2.40000000        1.28047912
    37.73382358       53.04397463        0.89539031        0.16276071        2.40000000        1.27841010
    37.78046351       53.10935031        0.89730766        0.16131415        2.40000000        1.27634275
    37.82701222       53.17472599        0.89922368        0.15986345        2.40000000        1.27427707
    37.87346942       53.24010167        0.90113836        0.15840857        2.40000000        1.27221306
    37.91983482       53.30547735        0.90305169        0.15694950        2.40000000        1.27015072
    37.96610812       53.37085304        0.90496366        0.15548623        2.40000000        1.26809005
    38.01228905       53.43622872        0.90687426        0.15401874        2.40000000        1.26603104
    38.05837730       53.50160440        0.90878348        0.15254700        2.40000000        1.26397371
    38.10437258       53.56698008        0.91069132        0.15107101        2.40000000        1.26191805
    38.15027459       53.63235576        0.91259775        0.14959075        2.40000000        1.25986405
    38.19608302       53.69773144        0.91450277        0.14810620        2.40000000        1.25781173
    38.24179757       53.76310713        0.91640637        0.14661734        2.40000000        1.25576109
    38.28741793       53.82848281        0.91830854        0.14512416        2.40000000        1.25371211
    38.33294378       53.89385849        0.92020927        0.14362663        2.40000000        1.25166480
    38.37837482       53.95923417        0.92210856        0.14212474        2.40000000        1.24961917
    38.42371073       54.02460985        0.92400638        0.14061848        2.40000000        1.24757522
    38.46895118       54.08998553        0.92590274        0.13910782        2.40000000        1.24553293
    38.51409586       54.15536122        0.92779761        0.13759274        2.40000000        1.24349233
    38.55914444       54.22073690        0.92969100        0.13607324        2.40000000        1.24145339
    38.60409659       54.28611258        0.93158288        0.13454929        2.40000000        1.23941614
    38.64895198       54.35148826        0.93347326        0.13302087        2.40000000        1.23738055
    38.69371027       54.41686394        0.93536212        0.13148796        2.40000000        1.23534665
    38.73837113       54.48223962        0.93724945        0.12995055        2.40000000        1.23331442
    38.78293422       54.54761530        0.93913524        0.12840862        2.40000000        1.23128388
    38.82739920       54.61299099        0.94101948        0.12686215        2.40000000        1.22925501
    38.87176571       54.67836667        0.94290217        0.12531112        2.40000000        1.22722782
    38.91603342       54.74374235        0.94478328        0.12375552        2.40000000        1.22520231
    38.96020196       54.80911803        0.94666282        0.12219532        2.40000000        1.22317848
    39.00427099       54.87449371        0.94854077        0.12063050        2.40000000        1.22115634
    39.04824014       54.93986939        0.95041712        0.11906105        2.40000000        1.21913587
    39.09210905       55.00524508        0.95229186        0.11748695        2.40000000        1.21711709
    39.13587737       55.07062076        0.95416499        0.11590818        2.40000000        1.21510000
    39.17954473       55.13599644        0.95603649        0.11432472        2.40000000        1.21308459
    39.22311074       55.20137212        0.95790635        0.11273654        2.40000000        1.21107086
    39.26657504       55.26674780        0.95977456        0.11114364        2.40000000        1.20905882
    39.30993726       55.33212348        0.96164112        0.10954600        2.40000000        1.20704847
    39.35319701       55.39749917        0.96350601        0.10794358        2.40000000        1.20503981
    39.39635392       55.46287485        0.96536922        0.10633638        2.40000000        1.20303284
    39.43940758       55.52825053        0.96723075        0.10472437        2.40000000        1.20102756
    39.48235763       55.59362621        0.96909058        0.10310753        2.40000000        1.19902397
    39.52520365       55.65900189        0.97094870        0.10148585        2.40000000        1.19702207
    39.56794527       55.72437757        0.97280511        0.09985930        2.40000000        1.19502187
    39.61058207       55.78975326        0.97465979        0.09822787        2.40000000        1.19302336
    39.65311366       55.85512894        0.97651273        0.09659153        2.40000000        1.19102655
    39.69553962       55.92050462        0.97836393        0.09495026        2.40000000        1.18903143
    39.73785956       55.98588030        0.98021338        0.09330405        2.40000000        1.18703801
    39.78007306       56.05125598        0.98206106        0.09165287        2.40000000        1.18504629
    39.82217971       56.11663166        0.98390696        0.08999670        2.40000000        1.18305627
    39.86417907       56.18200735        0.98575108        0.08833553        2.40000000        1.18106795
    39.90607074       56.24738303        0.98759341        0.08666932        2.40000000        1.17908134
    39.94785429       56.31275871        0.98943393        0.08499807        2.40000000        1.17709642
    39.98952928       56.37813439        0.99127264        0.08332174        2.40000000        1.17511322
    40.03109529       56.44351007        0.99310952        0.08164033        2.40000000        1.17313171
    40.07255187       56.50888575        0.99494457        0.07995380        2.40000000        1.17115192
    40.11389859       56.57426144        0.99677778        0.07826214        2.40000000        1.16917383
    40.15513500       56.63963712        0.99860913        0.07656533        2.40000000        1.16719746
    40.19626066       56.70501280        1.00043862        0.07486333        2.40000000        1.16522279
    40.23727512       56.77038848        1.00226624        0.07315615        2.40000000        1.16324984
    40.27817792       56.83576416        1.00409198        0.07144374        2.40000000        1.16127860
    40.31896861       56.90113984        1.00591583        0.06972609        2.40000000        1.15930908
    40.35964671       56.96651553        1.00773777        0.06800318        2.40000000        1.15734128
    40.40021178       57.03189121        1.00955780        0.06627498        2.40000000        1.15537519
    40.44066333       57.09726689        1.01137591        0.06454148        2.40000000        1.15341082
    40.48100090       57.16264257        1.01319210        0.06280265        2.40000000        1.15144818
    40.52122400       57.22801825        1.01500634        0.06105847        2.40000000        1.14948725
    40.56133217       57.29339393        1.01681863        0.05930892        2.40000000        1.14752806
    40.60132491       57.35876962        1.01862896        0.05755397        2.40000000        1.14557058
    40.64120174       57.42414530        1.02043732        0.05579361        2.40000000        1.14361484
    40.68096217       57.48952098        1.02224370        0.05402781        2.40000000        1.14166082
    40.72060569       57.55489666        1.02404810        0.05225654        2.40000000        1.13970854
    40.76013181       57.62027234        1.02585049        0.05047979        2.40000000        1.13775798
    40.79954003       57.68564802        1.02765088        0.04869753        2.40000000        1.13580916
    40.83882984       57.75102371        1.02944925        0.04690974        2.40000000        1.13386208
    40.87800073       57.81639939        1.03124559        0.04511639        2.40000000        1.13191673
    40.91705218       57.88177507        1.03303990        0.04331747        2.40000000        1.12997313
    40.95598367       57.94715075        1.03483216        0.04151295        2.40000000        1.12803126
    40.99479467       58.01252643        1.03662236        0.03970280        2.40000000        1.12609114
    41.03348467       58.07790211        1.03841050        0.03788701        2.40000000        1.12415276
    41.07205313       58.14327780        1.04019656        0.03606554        2.40000000        1.12221613
    41.11049951       58.20865348        1.04198054        0.03423838        2.40000000        1.12028124
    41.14882327       58.27402916        1.04376242        0.03240550        2.40000000        1.11834811
    41.18702387       58.33940484        1.04554220        0.03056688        2.40000000        1.11641672
    41.22510076       58.40478052        1.04731987        0.02872250        2.40000000        1.11448710
    41.26305338       58.47015620        1.04909541        0.02687232        2.40000000        1.11255922
    41.30088119       58.53553189        1.05086882        0.02501633        2.40000000        1.11063311
    41.33858361       58.60090757        1.05264009        0.02315450        2.40000000        1.10870876
    41.37616007       58.66628325        1.05440920        0.02128680        2.40000000        1.10678616
    41.41361002       58.73165893        1.05617615        0.01941322        2.40000000        1.10486533
    41.45093287       58.79703461        1.05794094        0.01753372        2.40000000        1.10294627
    41.48812805       58.86241029        1.05970354        0.01564829        2.40000000        1.10102898
    41.52519497       58.92778598        1.06146395        0.01375690        2.40000000        1.09911345
    41.56213303       58.99316166        1.06322216        0.01185952        2.40000000        1.09719970
    41.59894166       59.05853734        1.06497816        0.00995612        2.40000000        1.09528772
    41.63562025       59.12391302        1.06673195        0.00804669        2.40000000        1.09337752
    41.67216820       59.18928870        1.06848350        0.00613120        2.40000000        1.09146910
    41.70858490       59.25466438        1.07023282        0.00420962        2.40000000        1.08956246
    41.74486973       59.32004007        1.07197989        0.00228192        2.40000000        1.08765761
    41.78102210       59.38541575        1.07372471        0.00034809        2.40000000        1.08575454
    41.81704136       59.45079143        1.07546725       -0.00159191        2.40000000        1.08385325
    41.85292689       59.51616711        1.07720753       -0.00353810        2.40000000        1.08195376
    41.88867807       59.58154279        1.07894551       -0.00549051        2.40000000        1.08005607
    41.92429427       59.64691847        1.08068121       -0.00744916        2.40000000        1.07816016
    41.95977482       59.71229416        1.08241460       -0.00941408        2.40000000        1.07626606
    41.99511910       59.77766984        1.08414567       -0.01138529        2.40000000        1.07437375
    42.03032645       59.84304552        1.08587443       -0.01336283        2.40000000        1.07248325
    42.06539621       59.90842120        1.08760085       -0.01534671        2.40000000        1.07059455
    42.10032772       59.97379688        1.08932492       -0.01733697        2.40000000        1.06870767
    42.13512032       60.03917256        1.09104665       -0.01933363        2.40000000        1.06682259
    42.16977334       60.10454824        1.09276602       -0.02133672        2.40000000        1.06493932
    42.20428610       60.16992393        1.09448302       -0.02334626        2.40000000        1.06305787
    42.23865792       60.23529961        1.09619763       -0.02536228        2.40000000        1.06117824
    42.27288810       60.30067529        1.09790986       -0.02738482        2.40000000        1.05930043
    42.30697596       60.36605097        1.09961969       -0.02941389        2.40000000        1.05742445
    42.34092081       60.43142665        1.10132711       -0.03144952        2.40000000        1.05555029
    42.37472193       60.49680233        1.10303212       -0.03349175        2.40000000        1.05367796
    42.40837862       60.56217802        1.10473470       -0.03554059        2.40000000        1.05180746
    42.44189017       60.62755370        1.10643484       -0.03759609        2.40000000        1.04993880
    42.47525584       60.69292938        1.10813254       -0.03965825        2.40000000        1.04807197
    42.50847493       60.75830506        1.10982779       -0.04172712        2.40000000        1.04620699
    42.54154670       60.82368074        1.11152057       -0.04380272        2.40000000        1.04434385
    42.57447041       60.88905642        1.11321087       -0.04588508        2.40000000        1.04248255
    42.60724532       60.95443211        1.11489870       -0.04797422        2.40000000        1.04062311
    42.63987069       61.01980779        1.11658403       -0.05007018        2.40000000        1.03876552
    42.67234575       61.08518347        1.11826686       -0.05217299        2.40000000        1.03690978
    42.70466975       61.15055915        1.11994719       -0.05428266        2.40000000        1.03505590
    42.73684193       61.21593483        1.12162499       -0.05639924        2.40000000        1.03320389
    42.76886151       61.28131051        1.12330026       -0.05852274        2.40000000        1.03135374
    42.80072771       61.34668620        1.12497300       -0.06065321        2.40000000        1.02950546
    42.83243976       61.41206188        1.12664318       -0.06279066        2.40000000        1.02765905
    42.86399686       61.47743756        1.12831081       -0.06493513        2.40000000        1.02581451
    42.89539822       61.54281324        1.12997588       -0.06708664        2.40000000        1.02397185
    42.92664303       61.60818892        1.13163836       -0.06924523        2.40000000        1.02213108
    42.95773049       61.67356460        1.13329827       -0.07141093        2.40000000        1.02029218
    42.98865978       61.73894029        1.13495558       -0.07358376        2.40000000        1.01845518
    43.01943009       61.80431597        1.13661028       -0.07576375        2.40000000        1.01662007
    43.05004058       61.86969165        1.13826238       -0.07795093        2.40000000        1.01478685
    43.08049043       61.93506733        1.13991185       -0.08014534        2.40000000        1.01295553
    43.11077878       62.00044301        1.14155869       -0.08234700        2.40000000        1.01112611
    43.14090481       62.06581869        1.14320289       -0.08455595        2.40000000        1.00929859
    43.17086765       62.13119438        1.14484444       -0.08677221        2.40000000        1.00747299
    43.20066644       62.19657006        1.14648333       -0.08899581        2.40000000        1.00564930
    43.23030032       62.26194574        1.14811955       -0.09122679        2.40000000        1.00382752
    43.25976842       62.32732142        1.14975310       -0.09346517        2.40000000        1.00200766
    43.28906985       62.39269710        1.15138396       -0.09571098        2.40000000        1.00018973
    43.31820373       62.45807278        1.15301213       -0.09796427        2.40000000        0.99837372
    43.34716917       62.52344847        1.15463759       -0.10022504        2.40000000        0.99655965
    43.37596526       62.58882415        1.15626033       -0.10249335        2.40000000        0.99474751
    43.40459111       62.65419983        1.15788036       -0.10476921        2.40000000        0.99293730
    43.43304578       62.71957551        1.15949765       -0.10705266        2.40000000        0.99112904
    43.46132837       62.78495119        1.16111220       -0.10934374        2.40000000        0.98932273
    43.48943794       62.85032687        1.16272399       -0.11164246        2.40000000        0.98751836
    43.51737356       62.91570256        1.16433303       -0.11394887        2.40000000        0.98571595
    43.54513428       62.98107824        1.16593930       -0.11626299        2.40000000        0.98391550
    43.57271915       63.04645392        1.16754279       -0.11858486        2.40000000        0.98211701
    43.60012722       63.11182960        1.16914350       -0.12091450        2.40000000        0.98032049
    43.62735752       63.17720528        1.17074140       -0.12325196        2.40000000        0.97852593
    43.65440908       63.24258096        1.17233651       -0.12559725        2.40000000        0.97673335
    43.68128091       63.30795665        1.17392879       -0.12795042        2.40000000        0.97494275
    43.70797203       63.37333233        1.17551826       -0.13031150        2.40000000        0.97315414
    43.73448144       63.43870801        1.17710489       -0.13268051        2.40000000        0.97136750
    43.76080814       63.50408369        1.17868867       -0.13505748        2.40000000        0.96958287
    43.78695112       63.56945937        1.18026961       -0.13744246        2.40000000        0.96780022
    43.81290934       63.63483505        1.18184769       -0.13983548        2.40000000        0.96601958
    43.83868180       63.70021074        1.18342289       -0.14223656        2.40000000        0.96424094
    43.86426745       63.76558642        1.18499522       -0.14464573        2.40000000        0.96246431
    43.88966525       63.83096210        1.18656466       -0.14706304        2.40000000        0.96068970
    43.91487415       63.89633778        1.18813121       -0.14948851        2.40000000        0.95891710
    43.93989308       63.96171346        1.18969484       -0.15192218        2.40000000        0.95714653
    43.96472097       64.02708914        1.19125557       -0.15436408        2.40000000        0.95537798
    43.98935676       64.09246483        1.19281336       -0.15681423        2.40000000        0.95361147
    44.01379935       64.15784051        1.19436823       -0.15927269        2.40000000        0.95184699
    44.03804766       64.22321619        1.19592015       -0.16173947        2.40000000        0.95008455
    44.06210057       64.28859187        1.19746913       -0.16421461        2.40000000        0.94832416
    44.08595697       64.35396755        1.19901514       -0.16669814        2.40000000        0.94656582
    44.10961576       64.41934323        1.20055818       -0.16919010        2.40000000        0.94480954
    44.13307579       64.48471892        1.20209824       -0.17169052        2.40000000        0.94305532
    44.15633593       64.55009460        1.20363532       -0.17419944        2.40000000        0.94130316
    44.17939503       64.61547028        1.20516940       -0.17671688        2.40000000        0.93955307
    44.20225194       64.68084596        1.20670047       -0.17924288        2.40000000        0.93780506
    44.22490549       64.74622164        1.20822853       -0.18177747        2.40000000        0.93605914
    44.24735450       64.81159732        1.20975356       -0.18432069        2.40000000        0.93431529
    44.26959780       64.87697301        1.21127556       -0.18687257        2.40000000        0.93257354
    44.29163419       64.94234869        1.21279452       -0.18943315        2.40000000        0.93083389
    44.31346247       65.00772437        1.21431043       -0.19200245        2.40000000        0.92909633
    44.33508143       65.07310005        1.21582328       -0.19458051        2.40000000        0.92736089
    44.35648984       65.13847573        1.21733306       -0.19716737        2.40000000        0.92562755
    44.37768647       65.20385141        1.21883976       -0.19976306        2.40000000        0.92389634
    44.39867009       65.26922710        1.22034338       -0.20236761        2.40000000        0.92216724
    44.41943943       65.33460278        1.22184389       -0.20498105        2.40000000        0.92044028
    44.43999325       65.39997846        1.22334131       -0.20760343        2.40000000        0.91871545
    44.46033027       65.46535414        1.22483561       -0.21023477        2.40000000        0.91699275
    44.48044921       65.53072982        1.22632678       -0.21287511        2.40000000        0.91527221
    44.50034877       65.59610550        1.22781482       -0.21552447        2.40000000        0.91355381
    44.52002767       65.66148119        1.22929972       -0.21818291        2.40000000        0.91183758
    44.53948457       65.72685687        1.23078148       -0.22085044        2.40000000        0.91012350
    44.55871817       65.79223255        1.23226007       -0.22352711        2.40000000        0.90841159
    44.57772713       65.85760823        1.23373549       -0.22621295        2.40000000        0.90670186
    44.59651011       65.92298391        1.23520774       -0.22890798        2.40000000        0.90499431
    44.61506575       65.98835959        1.23667679       -0.23161225        2.40000000        0.90328894
    44.63339269       66.05373527        1.23814266       -0.23432579        2.40000000        0.90158576
    44.65148955       66.11911096        1.23960532       -0.23704864        2.40000000        0.89988478
    44.66935495       66.18448664        1.24106476       -0.23978082        2.40000000        0.89818601
    44.68698748       66.24986232        1.24252098       -0.24252237        2.40000000        0.89648945
    44.70438575       66.31523800        1.24397397       -0.24527332        2.40000000        0.89479510
    44.72154832       66.38061368        1.24542372       -0.24803372        2.40000000        0.89310297
    44.73847377       66.44598936        1.24687022       -0.25080358        2.40000000        0.89141308
    44.75516065       66.51136505        1.24831347       -0.25358296        2.40000000        0.88972542
    44.77160751       66.57674073        1.24975344       -0.25637187        2.40000000        0.88804000
    44.78781288       66.64211641        1.25119014       -0.25917035        2.40000000        0.88635683
    44.80377528       66.70749209        1.25262355       -0.26197845        2.40000000        0.88467591
    44.81949323       66.77286777        1.25405366       -0.26479618        2.40000000        0.88299725
    44.83496523       66.83824345        1.25548047       -0.26762359        2.40000000        0.88132087
    44.85018975       66.90361914        1.25690397       -0.27046070        2.40000000        0.87964675
    44.86516527       66.96899482        1.25832415       -0.27330756        2.40000000        0.87797492
    44.87989025       67.03437050        1.25974099       -0.27616419        2.40000000        0.87630537
    44.89436315       67.09974618        1.26115450       -0.27903063        2.40000000        0.87463812
    44.90858239       67.16512186        1.26256465       -0.28190691        2.40000000        0.87297317
    44.92254641       67.23049754        1.26397145       -0.28479306        2.40000000        0.87131053
    44.93625361       67.29587323        1.26537488       -0.28768912        2.40000000        0.86965021
    44.94970239       67.36124891        1.26677493       -0.29059513        2.40000000        0.86799221
    44.96289114       67.42662459        1.26817160       -0.29351110        2.40000000        0.86633653
    44.97581823       67.49200027        1.26956487       -0.29643708        2.40000000        0.86468319
    44.98848202       67.55737595        1.27095474       -0.29937309        2.40000000        0.86303220
    45.00088085       67.62275163        1.27234119       -0.30231918        2.40000000        0.86138356
    45.01301307       67.68812732        1.27372423       -0.30527537        2.40000000        0.85973727
    45.02487698       67.75350300        1.27510383       -0.30824169        2.40000000        0.85809335
    45.03647089       67.81887868        1.27647999       -0.31121818        2.40000000        0.85645181
    45.04779310       67.88425436        1.27785270       -0.31420487        2.40000000        0.85481264
    45.05884188       67.94963004        1.27922196       -0.31720178        2.40000000        0.85317587
    45.06961550       68.01500572        1.28058774       -0.32020896        2.40000000        0.85154148
    45.08011220       68.08038141        1.28195005       -0.32322644        2.40000000        0.84990951
    45.09033023       68.14575709        1.28330888       -0.32625423        2.40000000        0.84827994
    45.10026780       68.21113277        1.28466420       -0.32929238        2.40000000        0.84665279
    45.10992312       68.27650845        1.28601603       -0.33234092        2.40000000        0.84502807
    45.11929439       68.34188413        1.28736434       -0.33539988        2.40000000        0.84340578
    45.12837977       68.40725981        1.28870913       -0.33846928        2.40000000        0.84178593
    45.13717745       68.47263550        1.29005038       -0.34154915        2.40000000        0.84016854
    45.14568555       68.53801118        1.29138810       -0.34463954        2.40000000        0.83855360
    45.15390222       68.60338686        1.29272226       -0.34774045        2.40000000        0.83694113
    45.16182557       68.66876254        1.29405286       -0.35085194        2.40000000        0.83533113
    45.16945372       68.73413822        1.29537990       -0.35397402        2.40000000        0.83372362
    45.17678473       68.79951390        1.29670336       -0.35710672        2.40000000        0.83211860
    45.18381668       68.86488959        1.29802323       -0.36025008        2.40000000        0.83051608
    45.19054764       68.93026527        1.29933950       -0.36340411        2.40000000        0.82891606
    45.19697564       68.99564095        1.30065217       -0.36656886        2.40000000        0.82731856
    45.20309870       69.06101663        1.30196122       -0.36974434        2.40000000        0.82572359
    45.20891484       69.12639231        1.30326665       -0.37293058        2.40000000        0.82413115
    45.21442203       69.19176799        1.30456845       -0.37612761        2.40000000        0.82254125
    45.21961827       69.25714368        1.30586660       -0.37933546        2.40000000        0.82095391
    45.22450150       69.32251936        1.30716110       -0.38255416        2.40000000        0.81936912
    45.22906968       69.38789504        1.30845193       -0.38578372        2.40000000        0.81778690
    45.23332072       69.45327072        1.30973910       -0.38902417        2.40000000        0.81620726
    45.23725253       69.51864640        1.31102258       -0.39227555        2.40000000        0.81463021
    45.24086301       69.58402208        1.31230237       -0.39553787        2.40000000        0.81305575
    45.24415002       69.64939777        1.31357847       -0.39881116        2.40000000        0.81148390
    45.24711143       69.71477345        1.31485085       -0.40209544        2.40000000        0.80991466
    45.24974508       69.78014913        1.31611952       -0.40539074        2.40000000        0.80834805
    45.25204878       69.84552481        1.31738446       -0.40869707        2.40000000        0.80678406
    45.25402034       69.91090049        1.31864566       -0.41201447        2.40000000        0.80522272
    45.25565755       69.97627617        1.31990311       -0.41534295        2.40000000        0.80366403
    45.25695816       70.04165186        1.32115681       -0.41868253        2.40000000        0.80210801
    45.25791994       70.10702754        1.32240674       -0.42203325        2.40000000        0.80055465
    45.25854062       70.17240322        1.32365289       -0.42539510        2.40000000        0.79900397
    45.25881789       70.23777890        1.32489526       -0.42876813        2.40000000        0.79745599
