#  Theta paroi en deg Angle Choc en deg       Kp           Inverse Mach       Mach amont       Mach aval
     0.00000000       51.37516713        0.00000000        0.21875000        1.28000000
     2.16617478       51.37632587        0.01057799        0.21324882        1.28000000        1.27997207
     2.48580138       51.37794716        0.01343429        0.21175810        1.28000000        1.27993298
     2.87378425       51.38095608        0.01725932        0.20975821        1.28000000        1.27986045
     3.31878724       51.38627773        0.02210228        0.20722015        1.28000000        1.27973219
     3.79230330       51.39483718        0.02775986        0.20424664        1.28000000        1.27952594
     4.27583115       51.40755953        0.03404454        0.20093255        1.28000000        1.27921948
     4.76017221       51.42536987        0.04082849        0.19734197        1.28000000        1.27879066
     5.24130951       51.44919329        0.04803051        0.19351478        1.28000000        1.27821744
     5.71779386       51.47995487        0.05559996        0.18947497        1.28000000        1.27747789
     6.18941033       51.51857970        0.06350579        0.18523621        1.28000000        1.27655029
     6.57677911       51.55720453        0.07029849        0.18157805        1.28000000        1.27562379
     6.90915570       51.59582937        0.07633711        0.17831318        1.28000000        1.27469840
     7.20243601       51.63445420        0.08182390        0.17533601        1.28000000        1.27377410
     7.46630425       51.67307903        0.08688568        0.17258032        1.28000000        1.27285089
     7.70713521       51.71170387        0.09160793        0.17000146        1.28000000        1.27192878
     7.92936750       51.75032870        0.09605139        0.16756770        1.28000000        1.27100776
     8.13622641       51.78895353        0.10026096        0.16525554        1.28000000        1.27008783
     8.33013545       51.82757836        0.10427093        0.16304709        1.28000000        1.26916898
     8.51296586       51.86620320        0.10810814        0.16092829        1.28000000        1.26825122
     8.68619513       51.90482803        0.11179406        0.15888793        1.28000000        1.26733453
     8.85101201       51.94345286        0.11534615        0.15691687        1.28000000        1.26641893
     9.00838836       51.98207770        0.11877883        0.15500756        1.28000000        1.26550440
     9.15912980       52.02070253        0.12210420        0.15315368        1.28000000        1.26459095
     9.30391220       52.05932736        0.12533248        0.15134988        1.28000000        1.26367856
     9.44330861       52.09795219        0.12847241        0.14959158        1.28000000        1.26276725
     9.57780949       52.13657703        0.13153154        0.14787483        1.28000000        1.26185700
     9.70783814       52.17520186        0.13451641        0.14619621        1.28000000        1.26094782
     9.83376262       52.21382669        0.13743278        0.14455270        1.28000000        1.26003971
     9.95590518       52.25245153        0.14028571        0.14294166        1.28000000        1.25913265
    10.07454963       52.29107636        0.14307967        0.14136074        1.28000000        1.25822665
    10.18994742       52.32970119        0.14581867        0.13980785        1.28000000        1.25732171
    10.30232240       52.36832602        0.14850628        0.13828110        1.28000000        1.25641782
    10.41187486       52.40695086        0.15114572        0.13677883        1.28000000        1.25551498
    10.51878471       52.44557569        0.15373990        0.13529949        1.28000000        1.25461320
    10.62321426       52.48420052        0.15629145        0.13384173        1.28000000        1.25371246
    10.72531048       52.52282536        0.15880276        0.13240427        1.28000000        1.25281277
    10.82520689       52.56145019        0.16127603        0.13098597        1.28000000        1.25191412
    10.92302521       52.60007502        0.16371325        0.12958579        1.28000000        1.25101651
    11.01887673       52.63869985        0.16611626        0.12820276        1.28000000        1.25011995
    11.11286348       52.67732469        0.16848676        0.12683600        1.28000000        1.24922442
    11.20507925       52.71594952        0.17082630        0.12548469        1.28000000        1.24832992
    11.29561050       52.75457435        0.17313632        0.12414806        1.28000000        1.24743646
    11.38453709       52.79319919        0.17541817        0.12282543        1.28000000        1.24654403
    11.47193294       52.83182402        0.17767309        0.12151613        1.28000000        1.24565263
    11.55786666       52.87044885        0.17990223        0.12021957        1.28000000        1.24476225
    11.64240201       52.90907368        0.18210667        0.11893516        1.28000000        1.24387291
    11.72559838       52.94769852        0.18428743        0.11766240        1.28000000        1.24298458
    11.80751120       52.98632335        0.18644544        0.11640078        1.28000000        1.24209728
    11.88819225       53.02494818        0.18858159        0.11514983        1.28000000        1.24121100
    11.96769001       53.06357302        0.19069670        0.11390912        1.28000000        1.24032573
    12.04604995       53.10219785        0.19279157        0.11267825        1.28000000        1.23944148
    12.12331476       53.14082268        0.19486691        0.11145683        1.28000000        1.23855824
    12.19952455       53.17944751        0.19692343        0.11024449        1.28000000        1.23767602
    12.27471714       53.21807235        0.19896178        0.10904089        1.28000000        1.23679480
    12.34892813       53.25669718        0.20098257        0.10784571        1.28000000        1.23591459
    12.42219116       53.29532201        0.20298639        0.10665863        1.28000000        1.23503539
    12.49453802       53.33394685        0.20497379        0.10547938        1.28000000        1.23415720
    12.56599876       53.37257168        0.20694529        0.10430767        1.28000000        1.23328000
    12.63660186       53.41119651        0.20890140        0.10314324        1.28000000        1.23240381
    12.70637433       53.44982134        0.21084258        0.10198585        1.28000000        1.23152862
    12.77534178       53.48844618        0.21276929        0.10083525        1.28000000        1.23065442
    12.84352857       53.52707101        0.21468195        0.09969123        1.28000000        1.22978122
    12.91095783       53.56569584        0.21658097        0.09855357        1.28000000        1.22890901
    12.97765161       53.60432068        0.21846674        0.09742205        1.28000000        1.22803779
    13.04363088       53.64294551        0.22033963        0.09629650        1.28000000        1.22716756
    13.10891565       53.68157034        0.22219999        0.09517672        1.28000000        1.22629832
    13.17352501       53.72019517        0.22404817        0.09406254        1.28000000        1.22543007
    13.23747719       53.75882001        0.22588448        0.09295377        1.28000000        1.22456280
    13.30078960       53.79744484        0.22770923        0.09185027        1.28000000        1.22369652
    13.36347890       53.83606967        0.22952273        0.09075187        1.28000000        1.22283121
    13.42556102       53.87469451        0.23132525        0.08965843        1.28000000        1.22196689
    13.48705123       53.91331934        0.23311707        0.08856980        1.28000000        1.22110354
    13.54796415       53.95194417        0.23489844        0.08748584        1.28000000        1.22024117
    13.60831382       53.99056900        0.23666963        0.08640642        1.28000000        1.21937978
    13.66811368       54.02919384        0.23843087        0.08533141        1.28000000        1.21851936
    13.72737665       54.06781867        0.24018239        0.08426070        1.28000000        1.21765990
    13.78611513       54.10644350        0.24192442        0.08319416        1.28000000        1.21680142
    13.84434105       54.14506834        0.24365717        0.08213168        1.28000000        1.21594391
    13.90206589       54.18369317        0.24538084        0.08107314        1.28000000        1.21508736
    13.95930065       54.22231800        0.24709565        0.08001846        1.28000000        1.21423178
    14.01605600       54.26094283        0.24880176        0.07896752        1.28000000        1.21337716
    14.07234214       54.29956767        0.25049939        0.07792022        1.28000000        1.21252350
    14.12816893       54.33819250        0.25218869        0.07687648        1.28000000        1.21167080
    14.18354590       54.37681733        0.25386984        0.07583620        1.28000000        1.21081906
    14.23848218       54.41544217        0.25554302        0.07479929        1.28000000        1.20996828
    14.29298664       54.45406700        0.25720837        0.07376567        1.28000000        1.20911845
    14.34706782       54.49269183        0.25886605        0.07273526        1.28000000        1.20826957
    14.40073397       54.53131666        0.26051622        0.07170797        1.28000000        1.20742165
    14.45399304       54.56994150        0.26215902        0.07068374        1.28000000        1.20657468
    14.50685276       54.60856633        0.26379459        0.06966247        1.28000000        1.20572866
    14.55932057       54.64719116        0.26542306        0.06864412        1.28000000        1.20488358
    14.61140368       54.68581600        0.26704457        0.06762859        1.28000000        1.20403946
    14.66310906       54.72444083        0.26865924        0.06661583        1.28000000        1.20319627
    14.71444346       54.76306566        0.27026720        0.06560578        1.28000000        1.20235403
    14.76541343       54.80169050        0.27186856        0.06459836        1.28000000        1.20151273
    14.81602529       54.84031533        0.27346345        0.06359351        1.28000000        1.20067238
    14.86628519       54.87894016        0.27505197        0.06259119        1.28000000        1.19983296
    14.91619908       54.91756499        0.27663423        0.06159132        1.28000000        1.19899448
    14.96577273       54.95618983        0.27821033        0.06059385        1.28000000        1.19815693
    15.01501174       54.99481466        0.27978039        0.05959873        1.28000000        1.19732032
    15.06392156       55.03343949        0.28134450        0.05860590        1.28000000        1.19648464
    15.11250743       55.07206433        0.28290276        0.05761532        1.28000000        1.19564990
    15.16077450       55.11068916        0.28445525        0.05662693        1.28000000        1.19481608
    15.20872773       55.14931399        0.28600208        0.05564068        1.28000000        1.19398320
    15.25637196       55.18793882        0.28754333        0.05465653        1.28000000        1.19315124
    15.30371188       55.22656366        0.28907909        0.05367443        1.28000000        1.19232020
    15.35075207       55.26518849        0.29060943        0.05269434        1.28000000        1.19149010
    15.39749695       55.30381332        0.29213445        0.05171620        1.28000000        1.19066091
    15.44395084       55.34243816        0.29365422        0.05073999        1.28000000        1.18983265
    15.49011794       55.38106299        0.29516882        0.04976566        1.28000000        1.18900531
    15.53600236       55.41968782        0.29667832        0.04879316        1.28000000        1.18817889
    15.58160805       55.45831265        0.29818280        0.04782246        1.28000000        1.18735339
    15.62693888       55.49693749        0.29968233        0.04685353        1.28000000        1.18652881
    15.67199866       55.53556232        0.30117698        0.04588631        1.28000000        1.18570514
    15.71679102       55.57418715        0.30266682        0.04492079        1.28000000        1.18488239
    15.76131957       55.61281199        0.30415190        0.04395691        1.28000000        1.18406055
    15.80558777       55.65143682        0.30563230        0.04299466        1.28000000        1.18323962
    15.84959904       55.69006165        0.30710808        0.04203398        1.28000000        1.18241960
    15.89335668       55.72868648        0.30857930        0.04107486        1.28000000        1.18160049
    15.93686393       55.76731132        0.31004602        0.04011726        1.28000000        1.18078229
    15.98012394       55.80593615        0.31150829        0.03916114        1.28000000        1.17996500
    16.02313979       55.84456098        0.31296618        0.03820648        1.28000000        1.17914861
    16.06591447       55.88318582        0.31441974        0.03725325        1.28000000        1.17833313
    16.10845091       55.92181065        0.31586903        0.03630141        1.28000000        1.17751855
    16.15075196       55.96043548        0.31731409        0.03535095        1.28000000        1.17670488
    16.19282042       55.99906031        0.31875497        0.03440183        1.28000000        1.17589210
    16.23465900       56.03768515        0.32019174        0.03345402        1.28000000        1.17508023
    16.27627037       56.07630998        0.32162443        0.03250750        1.28000000        1.17426925
    16.31765714       56.11493481        0.32305309        0.03156224        1.28000000        1.17345917
    16.35882182       56.15355965        0.32447778        0.03061822        1.28000000        1.17264999
    16.39976691       56.19218448        0.32589854        0.02967542        1.28000000        1.17184170
    16.44049482       56.23080931        0.32731540        0.02873380        1.28000000        1.17103431
    16.48100793       56.26943414        0.32872843        0.02779335        1.28000000        1.17022781
    16.52130855       56.30805898        0.33013765        0.02685403        1.28000000        1.16942220
    16.56139894       56.34668381        0.33154311        0.02591584        1.28000000        1.16861749
    16.60128131       56.38530864        0.33294485        0.02497874        1.28000000        1.16781366
    16.64095784       56.42393348        0.33434292        0.02404272        1.28000000        1.16701072
    16.68043065       56.46255831        0.33573734        0.02310776        1.28000000        1.16620867
    16.71970180       56.50118314        0.33712816        0.02217382        1.28000000        1.16540751
    16.75877330       56.53980797        0.33851542        0.02124090        1.28000000        1.16460723
    16.79764717       56.57843281        0.33989915        0.02030898        1.28000000        1.16380784
    16.83632534       56.61705764        0.34127939        0.01937802        1.28000000        1.16300933
    16.87480969       56.65568247        0.34265617        0.01844803        1.28000000        1.16221170
    16.91310211       56.69430731        0.34402953        0.01751897        1.28000000        1.16141495
    16.95120441       56.73293214        0.34539951        0.01659082        1.28000000        1.16061908
    16.98911837       56.77155697        0.34676612        0.01566358        1.28000000        1.15982410
    17.02684573       56.81018180        0.34812941        0.01473722        1.28000000        1.15902999
    17.06438822       56.84880664        0.34948941        0.01381172        1.28000000        1.15823676
    17.10174751       56.88743147        0.35084615        0.01288707        1.28000000        1.15744440
    17.13892524       56.92605630        0.35219966        0.01196326        1.28000000        1.15665292
    17.17592302       56.96468114        0.35354996        0.01104026        1.28000000        1.15586231
    17.21274244       57.00330597        0.35489710        0.01011806        1.28000000        1.15507258
    17.24938502       57.04193080        0.35624108        0.00919665        1.28000000        1.15428372
    17.28585229       57.08055563        0.35758196        0.00827600        1.28000000        1.15349573
    17.32214574       57.11918047        0.35891974        0.00735612        1.28000000        1.15270861
    17.35826683       57.15780530        0.36025446        0.00643697        1.28000000        1.15192236
    17.39421697       57.19643013        0.36158615        0.00551854        1.28000000        1.15113698
    17.42999757       57.23505497        0.36291482        0.00460083        1.28000000        1.15035247
    17.46561000       57.27367980        0.36424052        0.00368382        1.28000000        1.14956882
    17.50105562       57.31230463        0.36556325        0.00276749        1.28000000        1.14878604
    17.53633574       57.35092946        0.36688304        0.00185183        1.28000000        1.14800413
    17.57145165       57.38955430        0.36819992        0.00093684        1.28000000        1.14722307
    17.60640464       57.42817913        0.36951392        0.00002248        1.28000000        1.14644288
    17.64119594       57.46680396        0.37082505       -0.00089124        1.28000000        1.14566356
    17.67582678       57.50542880        0.37213333       -0.00180434        1.28000000        1.14488509
    17.71029837       57.54405363        0.37343879       -0.00271682        1.28000000        1.14410749
    17.74461187       57.58267846        0.37474146       -0.00362872        1.28000000        1.14333074
    17.77876846       57.62130329        0.37604134       -0.00454002        1.28000000        1.14255485
    17.81276926       57.65992813        0.37733847       -0.00545075        1.28000000        1.14177983
    17.84661540       57.69855296        0.37863285       -0.00636092        1.28000000        1.14100565
    17.88030796       57.73717779        0.37992452       -0.00727054        1.28000000        1.14023234
    17.91384802       57.77580263        0.38121350       -0.00817961        1.28000000        1.13945988
    17.94723664       57.81442746        0.38249979       -0.00908816        1.28000000        1.13868827
    17.98047486       57.85305229        0.38378343       -0.00999618        1.28000000        1.13791752
    18.01356368       57.89167712        0.38506442       -0.01090369        1.28000000        1.13714762
    18.04650412       57.93030196        0.38634279       -0.01181070        1.28000000        1.13637857
    18.07929716       57.96892679        0.38761855       -0.01271722        1.28000000        1.13561038
    18.11194375       58.00755162        0.38889173       -0.01362326        1.28000000        1.13484303
    18.14444486       58.04617646        0.39016234       -0.01452882        1.28000000        1.13407654
    18.17680139       58.08480129        0.39143039       -0.01543393        1.28000000        1.13331089
    18.20901429       58.12342612        0.39269591       -0.01633857        1.28000000        1.13254609
    18.24108444       58.16205096        0.39395891       -0.01724278        1.28000000        1.13178214
    18.27301273       58.20067579        0.39521940       -0.01814654        1.28000000        1.13101904
    18.30480002       58.23930062        0.39647740       -0.01904988        1.28000000        1.13025678
    18.33644716       58.27792545        0.39773293       -0.01995280        1.28000000        1.12949537
    18.36795501       58.31655029        0.39898601       -0.02085531        1.28000000        1.12873480
    18.39932437       58.35517512        0.40023664       -0.02175742        1.28000000        1.12797507
    18.43055607       58.39379995        0.40148484       -0.02265913        1.28000000        1.12721619
    18.46165089       58.43242479        0.40273062       -0.02356045        1.28000000        1.12645815
    18.49260962       58.47104962        0.40397401       -0.02446139        1.28000000        1.12570095
    18.52343304       58.50967445        0.40521501       -0.02536196        1.28000000        1.12494459
    18.55412188       58.54829928        0.40645364       -0.02626217        1.28000000        1.12418908
    18.58467692       58.58692412        0.40768991       -0.02716201        1.28000000        1.12343440
    18.61509886       58.62554895        0.40892384       -0.02806151        1.28000000        1.12268056
    18.64538843       58.66417378        0.41015543       -0.02896066        1.28000000        1.12192756
    18.67554634       58.70279862        0.41138470       -0.02985948        1.28000000        1.12117540
    18.70557328       58.74142345        0.41261166       -0.03075797        1.28000000        1.12042407
    18.73546995       58.78004828        0.41383633       -0.03165613        1.28000000        1.11967358
    18.76523700       58.81867311        0.41505872       -0.03255397        1.28000000        1.11892393
    18.79487511       58.85729795        0.41627883       -0.03345151        1.28000000        1.11817511
    18.82438492       58.89592278        0.41749669       -0.03434874        1.28000000        1.11742712
    18.85376707       58.93454761        0.41871229       -0.03524567        1.28000000        1.11667997
    18.88302219       58.97317245        0.41992566       -0.03614231        1.28000000        1.11593365
    18.91215091       59.01179728        0.42113681       -0.03703866        1.28000000        1.11518816
    18.94115383       59.05042211        0.42234574       -0.03793473        1.28000000        1.11444351
    18.97003155       59.08904694        0.42355246       -0.03883052        1.28000000        1.11369969
    18.99878466       59.12767178        0.42475699       -0.03972605        1.28000000        1.11295669
    19.02741374       59.16629661        0.42595934       -0.04062131        1.28000000        1.11221453
    19.05591936       59.20492144        0.42715951       -0.04151631        1.28000000        1.11147320
    19.08430210       59.24354628        0.42835752       -0.04241106        1.28000000        1.11073269
    19.11256248       59.28217111        0.42955338       -0.04330556        1.28000000        1.10999301
    19.14070106       59.32079594        0.43074710       -0.04419981        1.28000000        1.10925416
    19.16871838       59.35942077        0.43193867       -0.04509383        1.28000000        1.10851614
    19.19661496       59.39804561        0.43312813       -0.04598761        1.28000000        1.10777895
    19.22439132       59.43667044        0.43431547       -0.04688117        1.28000000        1.10704258
    19.25204797       59.47529527        0.43550070       -0.04777450        1.28000000        1.10630703
    19.27958540       59.51392011        0.43668383       -0.04866761        1.28000000        1.10557231
    19.30700413       59.55254494        0.43786488       -0.04956050        1.28000000        1.10483842
    19.33430462       59.59116977        0.43904384       -0.05045318        1.28000000        1.10410535
    19.36148736       59.62979460        0.44022073       -0.05134566        1.28000000        1.10337310
    19.38855281       59.66841944        0.44139556       -0.05223793        1.28000000        1.10264167
    19.41550146       59.70704427        0.44256833       -0.05313001        1.28000000        1.10191107
    19.44233374       59.74566910        0.44373905       -0.05402189        1.28000000        1.10118129
    19.46905010       59.78429394        0.44490774       -0.05491357        1.28000000        1.10045233
    19.49565100       59.82291877        0.44607439       -0.05580508        1.28000000        1.09972419
    19.52213685       59.86154360        0.44723901       -0.05669640        1.28000000        1.09899687
    19.54850810       59.90016843        0.44840162       -0.05758753        1.28000000        1.09827037
    19.57476515       59.93879327        0.44956222       -0.05847850        1.28000000        1.09754469
    19.60090844       59.97741810        0.45072082       -0.05936929        1.28000000        1.09681983
    19.62693836       60.01604293        0.45187742       -0.06025991        1.28000000        1.09609578
    19.65285531       60.05466777        0.45303203       -0.06115037        1.28000000        1.09537256
    19.67865970       60.09329260        0.45418466       -0.06204066        1.28000000        1.09465015
    19.70435190       60.13191743        0.45533532       -0.06293080        1.28000000        1.09392856
    19.72993230       60.17054226        0.45648401       -0.06382078        1.28000000        1.09320779
    19.75540128       60.20916710        0.45763073       -0.06471061        1.28000000        1.09248783
    19.78075921       60.24779193        0.45877550       -0.06560029        1.28000000        1.09176869
    19.80600647       60.28641676        0.45991832       -0.06648982        1.28000000        1.09105036
    19.83114339       60.32504160        0.46105920       -0.06737920        1.28000000        1.09033285
    19.85617034       60.36366643        0.46219814       -0.06826845        1.28000000        1.08961615
    19.88108767       60.40229126        0.46333515       -0.06915756        1.28000000        1.08890027
    19.90589571       60.44091609        0.46447024       -0.07004653        1.28000000        1.08818520
    19.93059481       60.47954093        0.46560340       -0.07093537        1.28000000        1.08747094
    19.95518530       60.51816576        0.46673466       -0.07182408        1.28000000        1.08675749
    19.97966751       60.55679059        0.46786400       -0.07271266        1.28000000        1.08604486
    20.00404176       60.59541543        0.46899144       -0.07360111        1.28000000        1.08533304
    20.02830836       60.63404026        0.47011699       -0.07448944        1.28000000        1.08462203
    20.05246762       60.67266509        0.47124064       -0.07537765        1.28000000        1.08391184
    20.07651986       60.71128992        0.47236241       -0.07626574        1.28000000        1.08320245
    20.10046537       60.74991476        0.47348230       -0.07715371        1.28000000        1.08249388
    20.12430445       60.78853959        0.47460031       -0.07804157        1.28000000        1.08178611
    20.14803739       60.82716442        0.47571645       -0.07892932        1.28000000        1.08107915
    20.17166448       60.86578926        0.47683072       -0.07981695        1.28000000        1.08037301
    20.19518602       60.90441409        0.47794313       -0.08070448        1.28000000        1.07966767
    20.21860226       60.94303892        0.47905368       -0.08159189        1.28000000        1.07896314
    20.24191349       60.98166375        0.48016238       -0.08247921        1.28000000        1.07825942
    20.26511998       61.02028859        0.48126923       -0.08336642        1.28000000        1.07755651
    20.28822199       61.05891342        0.48237424       -0.08425352        1.28000000        1.07685441
    20.31121979       61.09753825        0.48347741       -0.08514053        1.28000000        1.07615311
    20.33411362       61.13616309        0.48457874       -0.08602744        1.28000000        1.07545262
    20.35690375       61.17478792        0.48567825       -0.08691425        1.28000000        1.07475294
    20.37959043       61.21341275        0.48677593       -0.08780096        1.28000000        1.07405407
    20.40217390       61.25203758        0.48787178       -0.08868758        1.28000000        1.07335600
    20.42465439       61.29066242        0.48896582       -0.08957411        1.28000000        1.07265873
    20.44703215       61.32928725        0.49005804       -0.09046054        1.28000000        1.07196228
    20.46930741       61.36791208        0.49114845       -0.09134689        1.28000000        1.07126663
    20.49148040       61.40653692        0.49223706       -0.09223314        1.28000000        1.07057178
    20.51355135       61.44516175        0.49332386       -0.09311930        1.28000000        1.06987774
    20.53552047       61.48378658        0.49440886       -0.09400538        1.28000000        1.06918450
    20.55738799       61.52241141        0.49549207       -0.09489137        1.28000000        1.06849207
    20.57915412       61.56103625        0.49657348       -0.09577728        1.28000000        1.06780044
    20.60081907       61.59966108        0.49765310       -0.09666310        1.28000000        1.06710961
    20.62238305       61.63828591        0.49873094       -0.09754884        1.28000000        1.06641959
    20.64384627       61.67691075        0.49980700       -0.09843449        1.28000000        1.06573037
    20.66520892       61.71553558        0.50088127       -0.09932006        1.28000000        1.06504196
    20.68647120       61.75416041        0.50195378       -0.10020555        1.28000000        1.06435435
    20.70763330       61.79278525        0.50302450       -0.10109096        1.28000000        1.06366754
    20.72869543       61.83141008        0.50409346       -0.10197629        1.28000000        1.06298153
    20.74965776       61.87003491        0.50516065       -0.10286154        1.28000000        1.06229633
    20.77052048       61.90865974        0.50622608       -0.10374671        1.28000000        1.06161192
    20.79128376       61.94728458        0.50728975       -0.10463180        1.28000000        1.06092832
    20.81194780       61.98590941        0.50835166       -0.10551681        1.28000000        1.06024552
    20.83251277       62.02453424        0.50941181       -0.10640174        1.28000000        1.05956353
    20.85297883       62.06315908        0.51047021       -0.10728660        1.28000000        1.05888233
    20.87334615       62.10178391        0.51152686       -0.10817138        1.28000000        1.05820193
    20.89361491       62.14040874        0.51258177       -0.10905608        1.28000000        1.05752234
    20.91378526       62.17903357        0.51363493       -0.10994070        1.28000000        1.05684355
    20.93385736       62.21765841        0.51468634       -0.11082525        1.28000000        1.05616555
    20.95383139       62.25628324        0.51573602       -0.11170972        1.28000000        1.05548836
    20.97370747       62.29490807        0.51678396       -0.11259411        1.28000000        1.05481197
    20.99348577       62.33353291        0.51783016       -0.11347842        1.28000000        1.05413637
    21.01316644       62.37215774        0.51887463       -0.11436266        1.28000000        1.05346158
    21.03274963       62.41078257        0.51991738       -0.11524682        1.28000000        1.05278759
    21.05223548       62.44940740        0.52095839       -0.11613091        1.28000000        1.05211439
    21.07162413       62.48803224        0.52199767       -0.11701491        1.28000000        1.05144200
    21.09091572       62.52665707        0.52303524       -0.11789884        1.28000000        1.05077040
    21.11011038       62.56528190        0.52407108       -0.11878269        1.28000000        1.05009960
    21.12920824       62.60390674        0.52510520       -0.11966646        1.28000000        1.04942961
    21.14820945       62.64253157        0.52613760       -0.12055016        1.28000000        1.04876041
    21.16711412       62.68115640        0.52716829       -0.12143377        1.28000000        1.04809201
    21.18592239       62.71978123        0.52819726       -0.12231730        1.28000000        1.04742441
    21.20463437       62.75840607        0.52922452       -0.12320076        1.28000000        1.04675760
    21.22325019       62.79703090        0.53025007       -0.12408413        1.28000000        1.04609160
    21.24176996       62.83565573        0.53127391       -0.12496742        1.28000000        1.04542639
    21.26019381       62.87428057        0.53229604       -0.12585063        1.28000000        1.04476199
    21.27852184       62.91290540        0.53331647       -0.12673376        1.28000000        1.04409838
    21.29675417       62.95153023        0.53433519       -0.12761680        1.28000000        1.04343556
    21.31489091       62.99015506        0.53535221       -0.12849976        1.28000000        1.04277355
    21.33293217       63.02877990        0.53636753       -0.12938264        1.28000000        1.04211233
    21.35087804       63.06740473        0.53738115       -0.13026543        1.28000000        1.04145191
    21.36872863       63.10602956        0.53839307       -0.13114813        1.28000000        1.04079229
    21.38648405       63.14465440        0.53940330       -0.13203074        1.28000000        1.04013347
    21.40414439       63.18327923        0.54041183       -0.13291327        1.28000000        1.03947545
    21.42170975       63.22190406        0.54141867       -0.13379571        1.28000000        1.03881822
    21.43918022       63.26052889        0.54242381       -0.13467805        1.28000000        1.03816179
    21.45655589       63.29915373        0.54342726       -0.13556031        1.28000000        1.03750615
    21.47383685       63.33777856        0.54442903       -0.13644247        1.28000000        1.03685132
    21.49102320       63.37640339        0.54542910       -0.13732454        1.28000000        1.03619728
    21.50811501       63.41502823        0.54642749       -0.13820651        1.28000000        1.03554404
    21.52511239       63.45365306        0.54742419       -0.13908839        1.28000000        1.03489159
    21.54201539       63.49227789        0.54841920       -0.13997016        1.28000000        1.03423994
    21.55882410       63.53090272        0.54941253       -0.14085184        1.28000000        1.03358909
    21.57553861       63.56952756        0.55040418       -0.14173342        1.28000000        1.03293904
    21.59215898       63.60815239        0.55139414       -0.14261490        1.28000000        1.03228979
    21.60868530       63.64677722        0.55238243       -0.14349627        1.28000000        1.03164133
    21.62511764       63.68540206        0.55336903       -0.14437754        1.28000000        1.03099367
    21.64145606       63.72402689        0.55435395       -0.14525871        1.28000000        1.03034680
    21.65770064       63.76265172        0.55533719       -0.14613976        1.28000000        1.02970073
    21.67385144       63.80127655        0.55631876       -0.14702071        1.28000000        1.02905546
    21.68990852       63.83990139        0.55729865       -0.14790154        1.28000000        1.02841099
    21.70587196       63.87852622        0.55827686       -0.14878226        1.28000000        1.02776731
    21.72174181       63.91715105        0.55925339       -0.14966287        1.28000000        1.02712443
    21.73751813       63.95577589        0.56022825       -0.15054336        1.28000000        1.02648235
    21.75320098       63.99440072        0.56120144       -0.15142373        1.28000000        1.02584107
    21.76879042       64.03302555        0.56217295       -0.15230399        1.28000000        1.02520058
    21.78428651       64.07165038        0.56314278       -0.15318412        1.28000000        1.02456089
    21.79968928       64.11027522        0.56411095       -0.15406413        1.28000000        1.02392199
    21.81499880       64.14890005        0.56507744       -0.15494401        1.28000000        1.02328390
    21.83021513       64.18752488        0.56604226       -0.15582376        1.28000000        1.02264660
    21.84533829       64.22614972        0.56700541       -0.15670339        1.28000000        1.02201010
    21.86036835       64.26477455        0.56796689       -0.15758288        1.28000000        1.02137439
    21.87530534       64.30339938        0.56892669       -0.15846224        1.28000000        1.02073948
    21.89014932       64.34202421        0.56988483       -0.15934146        1.28000000        1.02010537
    21.90490032       64.38064905        0.57084130       -0.16022054        1.28000000        1.01947206
    21.91955838       64.41927388        0.57179609       -0.16109949        1.28000000        1.01883955
    21.93412354       64.45789871        0.57274922       -0.16197829        1.28000000        1.01820783
    21.94859584       64.49652355        0.57370068       -0.16285694        1.28000000        1.01757691
    21.96297532       64.53514838        0.57465047       -0.16373545        1.28000000        1.01694679
    21.97726201       64.57377321        0.57559859       -0.16461381        1.28000000        1.01631747
    21.99145593       64.61239804        0.57654505       -0.16549202        1.28000000        1.01568894
    22.00555714       64.65102288        0.57748983       -0.16637007        1.28000000        1.01506121
    22.01956564       64.68964771        0.57843295       -0.16724797        1.28000000        1.01443428
    22.03348148       64.72827254        0.57937440       -0.16812570        1.28000000        1.01380815
    22.04730468       64.76689738        0.58031418       -0.16900328        1.28000000        1.01318282
    22.06103526       64.80552221        0.58125229       -0.16988068        1.28000000        1.01255829
    22.07467326       64.84414704        0.58218874       -0.17075792        1.28000000        1.01193455
    22.08821869       64.88277187        0.58312352       -0.17163500        1.28000000        1.01131161
    22.10167157       64.92139671        0.58405663       -0.17251189        1.28000000        1.01068947
    22.11503192       64.96002154        0.58498807       -0.17338862        1.28000000        1.01006813
    22.12829977       64.99864637        0.58591784       -0.17426516        1.28000000        1.00944759
    22.14147514       65.03727121        0.58684595       -0.17514152        1.28000000        1.00882785
    22.15455803       65.07589604        0.58777239       -0.17601770        1.28000000        1.00820891
    22.16754846       65.11452087        0.58869716       -0.17689369        1.28000000        1.00759077
    22.18044645       65.15314571        0.58962026       -0.17776949        1.28000000        1.00697342
    22.19325201       65.19177054        0.59054169       -0.17864510        1.28000000        1.00635688
    22.20596515       65.23039537        0.59146146       -0.17952051        1.28000000        1.00574114
    22.21858588       65.26902020        0.59237955       -0.18039573        1.28000000        1.00512619
    22.23111421       65.30764504        0.59329598       -0.18127074        1.28000000        1.00451205
    22.24355015       65.34626987        0.59421073       -0.18214555        1.28000000        1.00389870
    22.25589369       65.38489470        0.59512382       -0.18302014        1.28000000        1.00328616
    22.26814486       65.42351954        0.59603523       -0.18389453        1.28000000        1.00267442
    22.28030365       65.46214437        0.59694498       -0.18476870        1.28000000        1.00206347
    22.29237007       65.50076920        0.59785305       -0.18564265        1.28000000        1.00145333
    22.30434410       65.53939403        0.59875945       -0.18651638        1.28000000        1.00084399
    22.31622577       65.57801887        0.59966419       -0.18738989        1.28000000        1.00023545
    22.32801506       65.61664370        0.60056724       -0.18826317        1.28000000        0.99962771
    22.33971197       65.65526853        0.60146863       -0.18913621        1.28000000        0.99902078
    22.35131650       65.69389337        0.60236834       -0.19000902        1.28000000        0.99841464
    22.36282864       65.73251820        0.60326638       -0.19088160        1.28000000        0.99780931
    22.37424840       65.77114303        0.60416275       -0.19175393        1.28000000        0.99720478
    22.38557576       65.80976786        0.60505744       -0.19262601        1.28000000        0.99660105
    22.39681072       65.84839270        0.60595045       -0.19349785        1.28000000        0.99599813
    22.40795325       65.88701753        0.60684179       -0.19436943        1.28000000        0.99539600
    22.41900338       65.92564236        0.60773146       -0.19524075        1.28000000        0.99479468
    22.42996106       65.96426720        0.60861944       -0.19611181        1.28000000        0.99419416
    22.44082630       66.00289203        0.60950575       -0.19698261        1.28000000        0.99359445
    22.45159908       66.04151686        0.61039038       -0.19785314        1.28000000        0.99299554
    22.46227938       66.08014169        0.61127333       -0.19872340        1.28000000        0.99239743
    22.47286720       66.11876653        0.61215460       -0.19959339        1.28000000        0.99180013
    22.48336251       66.15739136        0.61303420       -0.20046309        1.28000000        0.99120363
    22.49376531       66.19601619        0.61391211       -0.20133251        1.28000000        0.99060794
    22.50407556       66.23464103        0.61478833       -0.20220164        1.28000000        0.99001305
    22.51429325       66.27326586        0.61566288       -0.20307048        1.28000000        0.98941896
    22.52441836       66.31189069        0.61653574       -0.20393902        1.28000000        0.98882568
    22.53445087       66.35051552        0.61740692       -0.20480727        1.28000000        0.98823321
    22.54439076       66.38914036        0.61827641       -0.20567521        1.28000000        0.98764154
    22.55423800       66.42776519        0.61914422       -0.20654284        1.28000000        0.98705067
    22.56399257       66.46639002        0.62001034       -0.20741015        1.28000000        0.98646062
    22.57365445       66.50501486        0.62087477       -0.20827715        1.28000000        0.98587137
    22.58322360       66.54363969        0.62173751       -0.20914383        1.28000000        0.98528292
    22.59270000       66.58226452        0.62259857       -0.21001019        1.28000000        0.98469528
    22.60208362       66.62088935        0.62345793       -0.21087621        1.28000000        0.98410845
    22.61137444       66.65951419        0.62431560       -0.21174190        1.28000000        0.98352243
    22.62057243       66.69813902        0.62517158       -0.21260725        1.28000000        0.98293721
    22.62967754       66.73676385        0.62602587       -0.21347226        1.28000000        0.98235281
    22.63868976       66.77538869        0.62687846       -0.21433691        1.28000000        0.98176921
    22.64760904       66.81401352        0.62772936       -0.21520122        1.28000000        0.98118641
    22.65643536       66.85263835        0.62857856       -0.21606517        1.28000000        0.98060443
    22.66516868       66.89126318        0.62942606       -0.21692875        1.28000000        0.98002326
    22.67380897       66.92988802        0.63027187       -0.21779197        1.28000000        0.97944289
    22.68235619       66.96851285        0.63111597       -0.21865482        1.28000000        0.97886334
    22.69081030       67.00713768        0.63195838       -0.21951730        1.28000000        0.97828459
    22.69917126       67.04576252        0.63279908       -0.22037939        1.28000000        0.97770666
    22.70743903       67.08438735        0.63363808       -0.22124109        1.28000000        0.97712953
    22.71561359       67.12301218        0.63447537       -0.22210241        1.28000000        0.97655322
    22.72369487       67.16163701        0.63531096       -0.22296333        1.28000000        0.97597771
    22.73168285       67.20026185        0.63614485       -0.22382384        1.28000000        0.97540302
    22.73957749       67.23888668        0.63697702       -0.22468396        1.28000000        0.97482914
    22.74737873       67.27751151        0.63780749       -0.22554366        1.28000000        0.97425607
    22.75508653       67.31613635        0.63863624       -0.22640295        1.28000000        0.97368382
    22.76270085       67.35476118        0.63946329       -0.22726181        1.28000000        0.97311237
    22.77022165       67.39338601        0.64028862       -0.22812025        1.28000000        0.97254174
    22.77764888       67.43201084        0.64111224       -0.22897826        1.28000000        0.97197193
    22.78498249       67.47063568        0.64193414       -0.22983583        1.28000000        0.97140292
    22.79222243       67.50926051        0.64275432       -0.23069296        1.28000000        0.97083473
    22.79936866       67.54788534        0.64357279       -0.23154964        1.28000000        0.97026736
    22.80642111       67.58651018        0.64438954       -0.23240587        1.28000000        0.96970079
    22.81337976       67.62513501        0.64520457       -0.23326164        1.28000000        0.96913505
    22.82024454       67.66375984        0.64601787       -0.23411695        1.28000000        0.96857012
    22.82701540       67.70238467        0.64682945       -0.23497179        1.28000000        0.96800600
    22.83369229       67.74100951        0.64763931       -0.23582615        1.28000000        0.96744270
    22.84027515       67.77963434        0.64844744       -0.23668004        1.28000000        0.96688022
    22.84676394       67.81825917        0.64925384       -0.23753343        1.28000000        0.96631855
    22.85315859       67.85688401        0.65005852       -0.23838634        1.28000000        0.96575770
    22.85945905       67.89550884        0.65086146       -0.23923875        1.28000000        0.96519767
    22.86566528       67.93413367        0.65166267       -0.24009066        1.28000000        0.96463845
    22.87177719       67.97275850        0.65246214       -0.24094206        1.28000000        0.96408005
    22.87779475       68.01138334        0.65325988       -0.24179294        1.28000000        0.96352247
    22.88371789       68.05000817        0.65405589       -0.24264331        1.28000000        0.96296571
    22.88954655       68.08863300        0.65485015       -0.24349315        1.28000000        0.96240977
    22.89528067       68.12725784        0.65564268       -0.24434245        1.28000000        0.96185465
    22.90092020       68.16588267        0.65643346       -0.24519122        1.28000000        0.96130035
    22.90646506       68.20450750        0.65722250       -0.24603945        1.28000000        0.96074687
    22.91191521       68.24313233        0.65800980       -0.24688712        1.28000000        0.96019420
    22.91727057       68.28175717        0.65879535       -0.24773424        1.28000000        0.95964236
    22.92253108       68.32038200        0.65957915       -0.24858079        1.28000000        0.95909135
    22.92769668       68.35900683        0.66036120       -0.24942678        1.28000000        0.95854115
    22.93276731       68.39763167        0.66114150       -0.25027219        1.28000000        0.95799177
    22.93774289       68.43625650        0.66192005       -0.25111703        1.28000000        0.95744322
    22.94262336       68.47488133        0.66269684       -0.25196127        1.28000000        0.95689549
    22.94740866       68.51350616        0.66347188       -0.25280492        1.28000000        0.95634858
    22.95209871       68.55213100        0.66424515       -0.25364797        1.28000000        0.95580250
    22.95669346       68.59075583        0.66501667       -0.25449042        1.28000000        0.95525724
    22.96119282       68.62938066        0.66578643       -0.25533225        1.28000000        0.95471281
    22.96559674       68.66800550        0.66655442       -0.25617346        1.28000000        0.95416920
    22.96990513       68.70663033        0.66732064       -0.25701404        1.28000000        0.95362642
    22.97411794       68.74525516        0.66808510       -0.25785400        1.28000000        0.95308446
    22.97823509       68.78388000        0.66884780       -0.25869331        1.28000000        0.95254333
    22.98225650       68.82250483        0.66960872       -0.25953198        1.28000000        0.95200302
    22.98618210       68.86112966        0.67036786       -0.26036999        1.28000000        0.95146354
    22.99001183       68.89975449        0.67112524       -0.26120735        1.28000000        0.95092489
    22.99374560       68.93837933        0.67188083       -0.26204404        1.28000000        0.95038707
    22.99738334       68.97700416        0.67263465       -0.26288006        1.28000000        0.94985008
    23.00092498       69.01562899        0.67338669       -0.26371539        1.28000000        0.94931391
    23.00437044       69.05425383        0.67413694       -0.26455004        1.28000000        0.94877857
    23.00771965       69.09287866        0.67488542       -0.26538400        1.28000000        0.94824407
    23.01097252       69.13150349        0.67563210       -0.26621725        1.28000000        0.94771039
    23.01412898       69.17012832        0.67637700       -0.26704980        1.28000000        0.94717754
    23.01718896       69.20875316        0.67712011       -0.26788163        1.28000000        0.94664553
    23.02015237       69.24737799        0.67786142       -0.26871274        1.28000000        0.94611434
    23.02301913       69.28600282        0.67860095       -0.26954312        1.28000000        0.94558399
    23.02578916       69.32462766        0.67933867       -0.27037277        1.28000000        0.94505447
    23.02846239       69.36325249        0.68007460       -0.27120167        1.28000000        0.94452578
    23.03103873       69.40187732        0.68080873       -0.27202982        1.28000000        0.94399793
    23.03351810       69.44050215        0.68154105       -0.27285721        1.28000000        0.94347091
    23.03590042       69.47912699        0.68227158       -0.27368383        1.28000000        0.94294472
    23.03818560       69.51775182        0.68300029       -0.27450968        1.28000000        0.94241937
    23.04037356       69.55637665        0.68372720       -0.27533475        1.28000000        0.94189485
    23.04246423       69.59500149        0.68445230       -0.27615904        1.28000000        0.94137117
    23.04445750       69.63362632        0.68517558       -0.27698252        1.28000000        0.94084832
    23.04635330       69.67225115        0.68589705       -0.27780520        1.28000000        0.94032631
    23.04815155       69.71087598        0.68661670       -0.27862708        1.28000000        0.93980514
    23.04985214       69.74950082        0.68733454       -0.27944813        1.28000000        0.93928481
    23.05145501       69.78812565        0.68805055       -0.28026835        1.28000000        0.93876531
    23.05296006       69.82675048        0.68876474       -0.28108774        1.28000000        0.93824665
    23.05436720       69.86537532        0.68947710       -0.28190629        1.28000000        0.93772883
    23.05567635       69.90400015        0.69018764       -0.28272399        1.28000000        0.93721185
    23.05688741       69.94262498        0.69089634       -0.28354083        1.28000000        0.93669571
    23.05800030       69.98124981        0.69160321       -0.28435681        1.28000000        0.93618041
    23.05901492       70.01987465        0.69230825       -0.28517191        1.28000000        0.93566594
    23.05993120       70.05849948        0.69301145       -0.28598612        1.28000000        0.93515233
    23.06074902       70.09712431        0.69371281       -0.28679945        1.28000000        0.93463955
    23.06146831       70.13574915        0.69441233       -0.28761188        1.28000000        0.93412761
    23.06208897       70.17437398        0.69511001       -0.28842340        1.28000000        0.93361652
    23.06261091       70.21299881        0.69580584       -0.28923401        1.28000000        0.93310627
    23.06303403       70.25162364        0.69649982       -0.29004370        1.28000000        0.93259687
    23.06335824       70.29024848        0.69719195       -0.29085245        1.28000000        0.93208830
    23.06358345       70.32887331        0.69788223       -0.29166026        1.28000000        0.93158059
    23.06370956       70.36749814        0.69857065       -0.29246713        1.28000000        0.93107372
    23.06373648       70.40612298        0.69925721       -0.29327304        1.28000000        0.93056769
