#  Theta paroi en deg Angle Choc en deg       Kp           Inverse Mach       Mach amont       Mach aval
     0.00000000        1.14599200        0.00000000        0.98000000       50.00000000
     0.20905254        1.14865762        0.00005485        0.97973586       50.00000000       49.96123532
     0.25511379        1.15238729        0.00007596        0.97963948       50.00000000       49.90724589
     0.30605440        1.15930913        0.00010219        0.97952337       50.00000000       49.80780297
     0.36445194        1.17155124        0.00013584        0.97937993       50.00000000       49.63424856
     0.43037305        1.19124172        0.00017833        0.97920684       50.00000000       49.36097942
     0.50456921        1.22050870        0.00023181        0.97899995       50.00000000       48.96707804
     0.58840602        1.26148027        0.00029953        0.97875279       50.00000000       48.43739615
     0.68353897        1.31628454        0.00038587        0.97845669       50.00000000       47.76247138
     0.79171687        1.38704963        0.00049654        0.97810079       50.00000000       46.93712690
     0.91468975        1.47590364        0.00063877        0.97767165       50.00000000       45.95829362
     1.02903294        1.56475765        0.00078698        0.97724892       50.00000000       45.02885701
     1.13767771        1.65361166        0.00094223        0.97682581       50.00000000       44.13816401
     1.24223003        1.74246566        0.00110506        0.97639879       50.00000000       43.27905599
     1.34368015        1.83131967        0.00127576        0.97596588       50.00000000       42.44668265
     1.44268925        1.92017368        0.00145448        0.97552593       50.00000000       41.63773977
     1.53972431        2.00902769        0.00164135        0.97507832       50.00000000       40.84996748
     1.63512924        2.09788170        0.00183642        0.97462272       50.00000000       40.08181371
     1.72916566        2.18673570        0.00203975        0.97415901       50.00000000       39.33220532
     1.82203761        2.27558971        0.00225135        0.97368723       50.00000000       38.60039073
     1.91390765        2.36444372        0.00247126        0.97320747       50.00000000       37.88583121
     2.00490748        2.45329773        0.00269949        0.97271990       50.00000000       37.18812547
     2.09514528        2.54215174        0.00293606        0.97222475       50.00000000       36.50695763
     2.18471123        2.63100574        0.00318096        0.97172224       50.00000000       35.84206135
     2.27368087        2.71985975        0.00343420        0.97121263       50.00000000       35.19319565
     2.36211850        2.80871376        0.00369579        0.97069618       50.00000000       34.56012874
     2.45007901        2.89756777        0.00396573        0.97017315       50.00000000       33.94262772
     2.53760972        2.98642178        0.00424402        0.96964381       50.00000000       33.34045227
     2.62475173        3.07527578        0.00453067        0.96910842       50.00000000       32.75335123
     2.71154078        3.16412979        0.00482566        0.96856722       50.00000000       32.18106112
     2.79800823        3.25298380        0.00512901        0.96802047       50.00000000       31.62330600
     2.88418186        3.34183781        0.00544071        0.96746839       50.00000000       31.07979814
     2.97008603        3.43069182        0.00576075        0.96691121       50.00000000       30.55023933
     3.05574250        3.51954582        0.00608914        0.96634916       50.00000000       30.03432243
     3.14117073        3.60839983        0.00642587        0.96578244       50.00000000       29.53173308
     3.22638804        3.69725384        0.00677094        0.96521125       50.00000000       29.04215144
     3.31141008        3.78610785        0.00712436        0.96463579       50.00000000       28.56525394
     3.39625087        3.87496186        0.00748611        0.96405622       50.00000000       28.10071484
     3.48092310        3.96381586        0.00785619        0.96347273       50.00000000       27.64820774
     3.56543832        4.05266987        0.00823460        0.96288549       50.00000000       27.20740695
     3.64980696        4.14152388        0.00862134        0.96229463       50.00000000       26.77798869
     3.73403853        4.23037789        0.00901641        0.96170032       50.00000000       26.35963214
     3.81814170        4.31923190        0.00941979        0.96110269       50.00000000       25.95202036
     3.90212444        4.40808590        0.00983149        0.96050188       50.00000000       25.55484110
     3.98599402        4.49693991        0.01025150        0.95989801       50.00000000       25.16778745
     4.06975712        4.58579392        0.01067983        0.95929120       50.00000000       24.79055841
     4.15341990        4.67464793        0.01111645        0.95868157       50.00000000       24.42285931
     4.23698801        4.76350194        0.01156138        0.95806922       50.00000000       24.06440221
     4.32046664        4.85235594        0.01201461        0.95745426       50.00000000       23.71490612
     4.40386071        4.94120995        0.01247613        0.95683678       50.00000000       23.37409726
     4.48717460        5.03006396        0.01294593        0.95621688       50.00000000       23.04170916
     4.57041255        5.11891797        0.01342403        0.95559465       50.00000000       22.71748277
     4.65357834        5.20777198        0.01391040        0.95497016       50.00000000       22.40116648
     4.73667558        5.29662598        0.01440504        0.95434349       50.00000000       22.09251612
     4.81970764        5.38547999        0.01490796        0.95371472       50.00000000       21.79129490
     4.90267758        5.47433400        0.01541914        0.95308393       50.00000000       21.49727339
     4.98558833        5.56318801        0.01593858        0.95245117       50.00000000       21.21022937
     5.06844258        5.65204202        0.01646628        0.95181652       50.00000000       20.92994775
     5.15124289        5.74089602        0.01700223        0.95118003       50.00000000       20.65622040
     5.23399161        5.82975003        0.01754642        0.95054176       50.00000000       20.38884606
     5.31669098        5.91860404        0.01809886        0.94990176       50.00000000       20.12763012
     5.39934310        6.00745805        0.01865953        0.94926010       50.00000000       19.87238450
     5.48194994        6.09631206        0.01922843        0.94861681       50.00000000       19.62292745
     5.56451330        6.18516606        0.01980555        0.94797195       50.00000000       19.37908339
     5.64703492        6.27402007        0.02039090        0.94732556       50.00000000       19.14068272
     5.72951650        6.36287408        0.02098445        0.94667768       50.00000000       18.90756165
     5.81195950        6.45172809        0.02158622        0.94602835       50.00000000       18.67956201
     5.89436541        6.54058210        0.02219618        0.94537762       50.00000000       18.45653106
     5.97673559        6.62943610        0.02281435        0.94472552       50.00000000       18.23832134
     6.05907133        6.71829011        0.02344070        0.94407208       50.00000000       18.02479049
     6.14137386        6.80714412        0.02407523        0.94341734       50.00000000       17.81580104
     6.22364434        6.89599813        0.02471795        0.94276133       50.00000000       17.61122026
     6.30588384        6.98485214        0.02536883        0.94210408       50.00000000       17.41092004
     6.38809345        7.07370614        0.02602789        0.94144562       50.00000000       17.21477665
     6.47027410        7.16256015        0.02669510        0.94078598       50.00000000       17.02267062
     6.55242672        7.25141416        0.02737046        0.94012518       50.00000000       16.83448661
     6.63455224        7.34026817        0.02805397        0.93946325       50.00000000       16.65011321
     6.71665146        7.42912218        0.02874562        0.93880021       50.00000000       16.46944282
     6.79872518        7.51797618        0.02944541        0.93813609       50.00000000       16.29237154
     6.88077416        7.60683019        0.03015332        0.93747090       50.00000000       16.11879897
     6.96279913        7.69568420        0.03086935        0.93680467       50.00000000       15.94862814
     7.04480077        7.78453821        0.03159349        0.93613742       50.00000000       15.78176534
     7.12677972        7.87339222        0.03232574        0.93546916       50.00000000       15.61812002
     7.20873661        7.96224622        0.03306609        0.93479992       50.00000000       15.45760467
     7.29067203        8.05110023        0.03381453        0.93412971       50.00000000       15.30013470
     7.37258653        8.13995424        0.03457105        0.93345855       50.00000000       15.14562834
     7.45448066        8.22880825        0.03533565        0.93278645       50.00000000       14.99400653
     7.53635492        8.31766226        0.03610832        0.93211343       50.00000000       14.84519282
     7.61820981        8.40651626        0.03688905        0.93143950       50.00000000       14.69911325
     7.70004579        8.49537027        0.03767784        0.93076467       50.00000000       14.55569630
     7.78186330        8.58422428        0.03847468        0.93008897       50.00000000       14.41487277
     7.86366276        8.67307829        0.03927955        0.92941239       50.00000000       14.27657571
     7.94544458        8.76193230        0.04009246        0.92873496       50.00000000       14.14074030
     8.02720915        8.85078630        0.04091339        0.92805668       50.00000000       14.00730382
     8.10895683        8.93964031        0.04174234        0.92737757       50.00000000       13.87620556
     8.19068798        9.02849432        0.04257930        0.92669763       50.00000000       13.74738671
     8.27240293        9.11734833        0.04342425        0.92601687       50.00000000       13.62079033
     8.35410201        9.20620234        0.04427720        0.92533531       50.00000000       13.49636127
     8.43578554        9.29505634        0.04513813        0.92465295       50.00000000       13.37404610
     8.51745380        9.38391035        0.04600704        0.92396980       50.00000000       13.25379305
     8.59910707        9.47276436        0.04688391        0.92328586       50.00000000       13.13555195
     8.68074561        9.56161837        0.04776875        0.92260115       50.00000000       13.01927418
     8.76236971        9.65047238        0.04866153        0.92191568       50.00000000       12.90491258
     8.84397960        9.73932638        0.04956226        0.92122944       50.00000000       12.79242146
     8.92557552        9.82818039        0.05047092        0.92054245       50.00000000       12.68175649
     9.00715768        9.91703440        0.05138750        0.91985471       50.00000000       12.57287467
     9.08872632       10.00588841        0.05231200        0.91916623       50.00000000       12.46573430
     9.17028165       10.09474242        0.05324441        0.91847701       50.00000000       12.36029490
     9.25182384       10.18359642        0.05418471        0.91778706       50.00000000       12.25651722
     9.33335310       10.27245043        0.05513290        0.91709638       50.00000000       12.15436312
     9.41486963       10.36130444        0.05608897        0.91640498       50.00000000       12.05379562
     9.49637357       10.45015845        0.05705292        0.91571286       50.00000000       11.95477878
     9.57786511       10.53901246        0.05802472        0.91502002       50.00000000       11.85727771
     9.65934441       10.62786646        0.05900437        0.91432648       50.00000000       11.76125853
     9.74081160       10.71672047        0.05999187        0.91363222       50.00000000       11.66668833
     9.82226686       10.80557448        0.06098720        0.91293727       50.00000000       11.57353512
     9.90371031       10.89442849        0.06199035        0.91224161       50.00000000       11.48176783
     9.98514209       10.98328250        0.06300132        0.91154525       50.00000000       11.39135625
    10.06656233       11.07213650        0.06402009        0.91084820       50.00000000       11.30227102
    10.14797115       11.16099051        0.06504665        0.91015046       50.00000000       11.21448360
    10.22936868       11.24984452        0.06608100        0.90945203       50.00000000       11.12796623
    10.31075501       11.33869853        0.06712312        0.90875290       50.00000000       11.04269193
    10.39213027       11.42755254        0.06817301        0.90805309       50.00000000       10.95863443
    10.47349454       11.51640654        0.06923065        0.90735260       50.00000000       10.87576820
    10.55484796       11.60526055        0.07029604        0.90665142       50.00000000       10.79406838
    10.63619057       11.69411456        0.07136915        0.90594957       50.00000000       10.71351079
    10.71752250       11.78296857        0.07245000        0.90524703       50.00000000       10.63407188
    10.79884381       11.87182258        0.07353855        0.90454381       50.00000000       10.55572875
    10.88015462       11.96067658        0.07463481        0.90383991       50.00000000       10.47845909
    10.96145496       12.04953059        0.07573875        0.90313534       50.00000000       10.40224118
    11.04274494       12.13838460        0.07685039        0.90243009       50.00000000       10.32705385
    11.12402461       12.22723861        0.07796969        0.90172416       50.00000000       10.25287651
    11.20529405       12.31609262        0.07909665        0.90101756       50.00000000       10.17968908
    11.28655332       12.40494662        0.08023126        0.90031028       50.00000000       10.10747201
    11.36780247       12.49380063        0.08137350        0.89960233       50.00000000       10.03620623
    11.44904159       12.58265464        0.08252338        0.89889370       50.00000000        9.96587318
    11.53027070       12.67150865        0.08368087        0.89818439       50.00000000        9.89645474
    11.61148986       12.76036266        0.08484596        0.89747441       50.00000000        9.82793328
    11.69269914       12.84921666        0.08601865        0.89676376       50.00000000        9.76029158
    11.77389857       12.93807067        0.08719892        0.89605242       50.00000000        9.69351286
    11.85508819       13.02692468        0.08838677        0.89534042       50.00000000        9.62758076
    11.93626806       13.11577869        0.08958217        0.89462773       50.00000000        9.56247931
    12.01743819       13.20463270        0.09078512        0.89391437       50.00000000        9.49819294
    12.09859864       13.29348670        0.09199561        0.89320032       50.00000000        9.43470646
    12.17974945       13.38234071        0.09321362        0.89248560       50.00000000        9.37200505
    12.26089064       13.47119472        0.09443914        0.89177020       50.00000000        9.31007422
    12.34202222       13.56004873        0.09567217        0.89105411       50.00000000        9.24889986
    12.42314427       13.64890274        0.09691268        0.89033735       50.00000000        9.18846819
    12.50425677       13.73775674        0.09816068        0.88961989       50.00000000        9.12876573
    12.58535976       13.82661075        0.09941613        0.88890176       50.00000000        9.06977936
    12.66645326       13.91546476        0.10067905        0.88818294       50.00000000        9.01149623
    12.74753730       14.00431877        0.10194940        0.88746343       50.00000000        8.95390381
    12.82861189       14.09317278        0.10322718        0.88674323       50.00000000        8.89698986
    12.90967705       14.18202678        0.10451238        0.88602234       50.00000000        8.84074241
    12.99073279       14.27088079        0.10580499        0.88530075       50.00000000        8.78514977
    13.07177912       14.35973480        0.10710498        0.88457847       50.00000000        8.73020052
    13.15281607       14.44858881        0.10841236        0.88385550       50.00000000        8.67588351
    13.23384364       14.53744282        0.10972710        0.88313183       50.00000000        8.62218782
    13.31486184       14.62629682        0.11104920        0.88240746       50.00000000        8.56910280
    13.39587067       14.71515083        0.11237863        0.88168238       50.00000000        8.51661800
    13.47687014       14.80400484        0.11371540        0.88095660       50.00000000        8.46472325
    13.55786026       14.89285885        0.11505948        0.88023012       50.00000000        8.41340857
    13.63884104       14.98171286        0.11641087        0.87950293       50.00000000        8.36266422
    13.71981247       15.07056686        0.11776954        0.87877502       50.00000000        8.31248067
    13.80077455       15.15942087        0.11913550        0.87804641       50.00000000        8.26284858
    13.88172728       15.24827488        0.12050871        0.87731708       50.00000000        8.21375883
    13.96267066       15.33712889        0.12188918        0.87658703       50.00000000        8.16520250
    14.04360469       15.42598290        0.12327688        0.87585626       50.00000000        8.11717086
    14.12452937       15.51483690        0.12467181        0.87512477       50.00000000        8.06965535
    14.20544468       15.60369091        0.12607395        0.87439256       50.00000000        8.02264761
    14.28635063       15.69254492        0.12748328        0.87365962       50.00000000        7.97613945
    14.36724720       15.78139893        0.12889980        0.87292594       50.00000000        7.93012285
    14.44813438       15.87025294        0.13032349        0.87219154       50.00000000        7.88458997
    14.52901218       15.95910694        0.13175433        0.87145640       50.00000000        7.83953313
    14.60988057       16.04796095        0.13319232        0.87072052       50.00000000        7.79494479
    14.69073955       16.13681496        0.13463744        0.86998390       50.00000000        7.75081760
    14.77158910       16.22566897        0.13608967        0.86924653       50.00000000        7.70714432
    14.85242921       16.31452298        0.13754900        0.86850842       50.00000000        7.66391790
    14.93325986       16.40337698        0.13901541        0.86776956       50.00000000        7.62113141
    15.01408105       16.49223099        0.14048890        0.86702994       50.00000000        7.57877806
    15.09489274       16.58108500        0.14196945        0.86628957       50.00000000        7.53685121
    15.17569494       16.66993901        0.14345704        0.86554844       50.00000000        7.49534434
    15.25648761       16.75879302        0.14495167        0.86480655       50.00000000        7.45425106
    15.33727075       16.84764702        0.14645330        0.86406390       50.00000000        7.41356512
    15.41804432       16.93650103        0.14796194        0.86332047       50.00000000        7.37328040
    15.49880832       17.02535504        0.14947756        0.86257627       50.00000000        7.33339086
    15.57956271       17.11420905        0.15100016        0.86183130       50.00000000        7.29389063
    15.66030748       17.20306306        0.15252971        0.86108555       50.00000000        7.25477392
    15.74104261       17.29191706        0.15406621        0.86033902       50.00000000        7.21603506
    15.82176806       17.38077107        0.15560963        0.85959170       50.00000000        7.17766850
    15.90248383       17.46962508        0.15715997        0.85884359       50.00000000        7.13966880
    15.98318988       17.55847909        0.15871720        0.85809469       50.00000000        7.10203060
    16.06388619       17.64733310        0.16028132        0.85734500       50.00000000        7.06474866
    16.14457273       17.73618710        0.16185230        0.85659450       50.00000000        7.02781784
    16.22524947       17.82504111        0.16343014        0.85584320       50.00000000        6.99123309
    16.30591639       17.91389512        0.16501481        0.85509110       50.00000000        6.95498946
    16.38657346       18.00274913        0.16660631        0.85433819       50.00000000        6.91908210
    16.46722065       18.09160314        0.16820462        0.85358446       50.00000000        6.88350624
    16.54785793       18.18045714        0.16980971        0.85282991       50.00000000        6.84825720
    16.62848527       18.26931115        0.17142158        0.85207455       50.00000000        6.81333038
    16.70910263       18.35816516        0.17304022        0.85131836       50.00000000        6.77872129
    16.78971001       18.44701917        0.17466559        0.85056133       50.00000000        6.74442549
    16.87030734       18.53587318        0.17629770        0.84980348       50.00000000        6.71043865
    16.95089461       18.62472718        0.17793652        0.84904479       50.00000000        6.67675649
    17.03147177       18.71358119        0.17958204        0.84828526       50.00000000        6.64337484
    17.11203882       18.80243520        0.18123424        0.84752488       50.00000000        6.61028958
    17.19259568       18.89128921        0.18289311        0.84676366       50.00000000        6.57749667
    17.27314235       18.98014322        0.18455863        0.84600158       50.00000000        6.54499215
    17.35367878       19.06899722        0.18623078        0.84523865       50.00000000        6.51277212
    17.43420494       19.15785123        0.18790955        0.84447485       50.00000000        6.48083277
    17.51472079       19.24670524        0.18959492        0.84371020       50.00000000        6.44917032
    17.59522629       19.33555925        0.19128688        0.84294467       50.00000000        6.41778108
    17.67572141       19.42441326        0.19298540        0.84217827       50.00000000        6.38666144
    17.75620611       19.51326726        0.19469048        0.84141099       50.00000000        6.35580783
    17.83668035       19.60212127        0.19640210        0.84064283       50.00000000        6.32521674
    17.91714408       19.69097528        0.19812024        0.83987378       50.00000000        6.29488473
    17.99759728       19.77982929        0.19984488        0.83910384       50.00000000        6.26480843
    18.07803990       19.86868330        0.20157601        0.83833301       50.00000000        6.23498450
    18.15847190       19.95753730        0.20331360        0.83756128       50.00000000        6.20540968
    18.23889324       20.04639131        0.20505766        0.83678865       50.00000000        6.17608076
    18.31930388       20.13524532        0.20680815        0.83601510       50.00000000        6.14699458
    18.39970378       20.22409933        0.20856506        0.83524065       50.00000000        6.11814803
    18.48009288       20.31295334        0.21032837        0.83446528       50.00000000        6.08953808
    18.56047116       20.40180734        0.21209807        0.83368899       50.00000000        6.06116170
    18.64083856       20.49066135        0.21387414        0.83291177       50.00000000        6.03301596
    18.72119505       20.57951536        0.21565656        0.83213362       50.00000000        6.00509796
    18.80154058       20.66836937        0.21744531        0.83135454       50.00000000        5.97740483
    18.88187510       20.75722338        0.21924039        0.83057451       50.00000000        5.94993377
    18.96219857       20.84607738        0.22104176        0.82979355       50.00000000        5.92268203
    19.04251094       20.93493139        0.22284942        0.82901163       50.00000000        5.89564688
    19.12281217       21.02378540        0.22466334        0.82822876       50.00000000        5.86882566
    19.20310221       21.11263941        0.22648351        0.82744493       50.00000000        5.84221573
    19.28338101       21.20149342        0.22830991        0.82666014       50.00000000        5.81581452
    19.36364854       21.29034742        0.23014253        0.82587438       50.00000000        5.78961948
    19.44390472       21.37920143        0.23198134        0.82508765       50.00000000        5.76362810
    19.52414952       21.46805544        0.23382633        0.82429994       50.00000000        5.73783793
    19.60438291       21.55690945        0.23567748        0.82351124       50.00000000        5.71224654
    19.68460480       21.64576346        0.23753477        0.82272156       50.00000000        5.68685154
    19.76481517       21.73461746        0.23939818        0.82193089       50.00000000        5.66165059
    19.84501396       21.82347147        0.24126770        0.82113922       50.00000000        5.63664137
    19.92520112       21.91232548        0.24314331        0.82034654       50.00000000        5.61182162
    20.00537661       22.00117949        0.24502500        0.81955286       50.00000000        5.58718909
    20.08554036       22.09003350        0.24691273        0.81875817       50.00000000        5.56274158
    20.16569233       22.17888750        0.24880650        0.81796246       50.00000000        5.53847692
    20.24583246       22.26774151        0.25070628        0.81716572       50.00000000        5.51439297
    20.32596071       22.35659552        0.25261206        0.81636796       50.00000000        5.49048763
    20.40607701       22.44544953        0.25452383        0.81556916       50.00000000        5.46675883
    20.48618132       22.53430354        0.25644155        0.81476933       50.00000000        5.44320453
    20.56627358       22.62315754        0.25836521        0.81396845       50.00000000        5.41982271
    20.64635374       22.71201155        0.26029480        0.81316653       50.00000000        5.39661141
    20.72642174       22.80086556        0.26223030        0.81236355       50.00000000        5.37356867
    20.80647753       22.88971957        0.26417168        0.81155950       50.00000000        5.35069257
    20.88652104       22.97857358        0.26611893        0.81075440       50.00000000        5.32798123
    20.96655224       23.06742758        0.26807202        0.80994822       50.00000000        5.30543278
    21.04657106       23.15628159        0.27003095        0.80914097       50.00000000        5.28304539
    21.12657744       23.24513560        0.27199570        0.80833264       50.00000000        5.26081725
    21.20657132       23.33398961        0.27396623        0.80752322       50.00000000        5.23874658
    21.28655266       23.42284362        0.27594254        0.80671271       50.00000000        5.21683163
    21.36652138       23.51169762        0.27792460        0.80590110       50.00000000        5.19507066
    21.44647743       23.60055163        0.27991240        0.80508838       50.00000000        5.17346198
    21.52642076       23.68940564        0.28190591        0.80427456       50.00000000        5.15200390
    21.60635130       23.77825965        0.28390513        0.80345962       50.00000000        5.13069478
    21.68626900       23.86711366        0.28591002        0.80264357       50.00000000        5.10953298
    21.76617379       23.95596766        0.28792057        0.80182638       50.00000000        5.08851689
    21.84606561       24.04482167        0.28993676        0.80100807       50.00000000        5.06764494
    21.92594440       24.13367568        0.29195857        0.80018861       50.00000000        5.04691556
    22.00581011       24.22252969        0.29398598        0.79936802       50.00000000        5.02632721
    22.08566267       24.31138370        0.29601897        0.79854627       50.00000000        5.00587838
    22.16550201       24.40023770        0.29805753        0.79772337       50.00000000        4.98556757
    22.24532808       24.48909171        0.30010162        0.79689931       50.00000000        4.96539330
    22.32514081       24.57794572        0.30215124        0.79607409       50.00000000        4.94535413
    22.40494014       24.66679973        0.30420636        0.79524769       50.00000000        4.92544862
    22.48472601       24.75565374        0.30626697        0.79442011       50.00000000        4.90567536
    22.56449834       24.84450774        0.30833303        0.79359134       50.00000000        4.88603295
    22.64425709       24.93336175        0.31040454        0.79276139       50.00000000        4.86652003
    22.72400217       25.02221576        0.31248148        0.79193024       50.00000000        4.84713523
    22.80373354       25.11106977        0.31456381        0.79109788       50.00000000        4.82787721
    22.88345111       25.19992378        0.31665154        0.79026432       50.00000000        4.80874468
    22.96315483       25.28877778        0.31874462        0.78942954       50.00000000        4.78973631
    23.04284462       25.37763179        0.32084304        0.78859354       50.00000000        4.77085083
    23.12252042       25.46648580        0.32294679        0.78775632       50.00000000        4.75208698
    23.20218217       25.55533981        0.32505585        0.78691786       50.00000000        4.73344350
    23.28182979       25.64419382        0.32717018        0.78607815       50.00000000        4.71491918
    23.36146322       25.73304782        0.32928978        0.78523721       50.00000000        4.69651278
    23.44108239       25.82190183        0.33141461        0.78439501       50.00000000        4.67822312
    23.52068722       25.91075584        0.33354467        0.78355155       50.00000000        4.66004902
    23.60027766       25.99960985        0.33567993        0.78270682       50.00000000        4.64198930
    23.67985363       26.08846386        0.33782037        0.78186082       50.00000000        4.62404282
    23.75941505       26.17731786        0.33996597        0.78101355       50.00000000        4.60620844
    23.83896186       26.26617187        0.34211671        0.78016498       50.00000000        4.58848504
    23.91849400       26.35502588        0.34427257        0.77931513       50.00000000        4.57087152
    23.99801137       26.44387989        0.34643352        0.77846398       50.00000000        4.55336679
    24.07751392       26.53273390        0.34859955        0.77761152       50.00000000        4.53596976
    24.15700157       26.62158790        0.35077063        0.77675775       50.00000000        4.51867938
    24.23647424       26.71044191        0.35294675        0.77590266       50.00000000        4.50149460
    24.31593187       26.79929592        0.35512789        0.77504625       50.00000000        4.48441437
    24.39537438       26.88814993        0.35731402        0.77418851       50.00000000        4.46743769
    24.47480169       26.97700394        0.35950512        0.77332942       50.00000000        4.45056354
    24.55421374       27.06585794        0.36170117        0.77246899       50.00000000        4.43379093
    24.63361044       27.15471195        0.36390214        0.77160721       50.00000000        4.41711886
    24.71299173       27.24356596        0.36610803        0.77074407       50.00000000        4.40054638
    24.79235751       27.33241997        0.36831881        0.76987956       50.00000000        4.38407252
    24.87170773       27.42127398        0.37053445        0.76901368       50.00000000        4.36769634
    24.95104229       27.51012798        0.37275494        0.76814642       50.00000000        4.35141691
    25.03036113       27.59898199        0.37498024        0.76727777       50.00000000        4.33523329
    25.10966416       27.68783600        0.37721036        0.76640773       50.00000000        4.31914459
    25.18895130       27.77669001        0.37944525        0.76553628       50.00000000        4.30314990
    25.26822249       27.86554402        0.38168490        0.76466343       50.00000000        4.28724833
    25.34747763       27.95439802        0.38392929        0.76378916       50.00000000        4.27143900
    25.42671666       28.04325203        0.38617839        0.76291346       50.00000000        4.25572106
    25.50593947       28.13210604        0.38843219        0.76203634       50.00000000        4.24009364
    25.58514601       28.22096005        0.39069066        0.76115778       50.00000000        4.22455590
    25.66433619       28.30981406        0.39295378        0.76027777       50.00000000        4.20910700
    25.74350991       28.39866806        0.39522153        0.75939631       50.00000000        4.19374613
    25.82266711       28.48752207        0.39749388        0.75851338       50.00000000        4.17847246
    25.90180771       28.57637608        0.39977083        0.75762899       50.00000000        4.16328520
    25.98093160       28.66523009        0.40205233        0.75674313       50.00000000        4.14818354
    26.06003872       28.75408410        0.40433838        0.75585578       50.00000000        4.13316670
    26.13912898       28.84293810        0.40662894        0.75496694       50.00000000        4.11823392
    26.21820230       28.93179211        0.40892401        0.75407661       50.00000000        4.10338441
    26.29725858       29.02064612        0.41122355        0.75318476       50.00000000        4.08861743
    26.37629774       29.10950013        0.41352754        0.75229141       50.00000000        4.07393222
    26.45531970       29.19835414        0.41583596        0.75139653       50.00000000        4.05932806
    26.53432438       29.28720814        0.41814879        0.75050012       50.00000000        4.04480420
    26.61331168       29.37606215        0.42046601        0.74960218       50.00000000        4.03035992
    26.69228151       29.46491616        0.42278759        0.74870269       50.00000000        4.01599452
    26.77123380       29.55377017        0.42511351        0.74780164       50.00000000        4.00170729
    26.85016844       29.64262418        0.42744376        0.74689904       50.00000000        3.98749753
    26.92908535       29.73147818        0.42977830        0.74599487       50.00000000        3.97336455
    27.00798444       29.82033219        0.43211711        0.74508912       50.00000000        3.95930768
    27.08686563       29.90918620        0.43446018        0.74418178       50.00000000        3.94532624
    27.16572881       29.99804021        0.43680747        0.74327286       50.00000000        3.93141957
    27.24457390       30.08689422        0.43915898        0.74236233       50.00000000        3.91758700
    27.32340081       30.17574822        0.44151466        0.74145019       50.00000000        3.90382791
    27.40220945       30.26460223        0.44387451        0.74053643       50.00000000        3.89014163
    27.48099971       30.35345624        0.44623850        0.73962104       50.00000000        3.87652753
    27.55977151       30.44231025        0.44860660        0.73870402       50.00000000        3.86298500
    27.63852476       30.53116426        0.45097880        0.73778536       50.00000000        3.84951341
    27.71725936       30.62001826        0.45335507        0.73686505       50.00000000        3.83611214
    27.79597521       30.70887227        0.45573538        0.73594307       50.00000000        3.82278060
    27.87467222       30.79772628        0.45811972        0.73501943       50.00000000        3.80951818
    27.95335029       30.88658029        0.46050806        0.73409410       50.00000000        3.79632428
    28.03200933       30.97543430        0.46290038        0.73316710       50.00000000        3.78319834
    28.11064924       31.06428830        0.46529666        0.73223839       50.00000000        3.77013976
    28.18926992       31.15314231        0.46769687        0.73130798       50.00000000        3.75714797
    28.26787127       31.24199632        0.47010099        0.73037587       50.00000000        3.74422241
    28.34645320       31.33085033        0.47250899        0.72944202       50.00000000        3.73136252
    28.42501560       31.41970434        0.47492086        0.72850645       50.00000000        3.71856775
    28.50355836       31.50855834        0.47733657        0.72756914       50.00000000        3.70583754
    28.58208141       31.59741235        0.47975609        0.72663008       50.00000000        3.69317136
    28.66058463       31.68626636        0.48217941        0.72568927       50.00000000        3.68056867
    28.73906792       31.77512037        0.48460650        0.72474668       50.00000000        3.66802894
    28.81753117       31.86397438        0.48703733        0.72380232       50.00000000        3.65555166
    28.89597429       31.95282838        0.48947189        0.72285618       50.00000000        3.64313629
    28.97439717       32.04168239        0.49191015        0.72190824       50.00000000        3.63078233
    29.05279970       32.13053640        0.49435209        0.72095850       50.00000000        3.61848927
    29.13118179       32.21939041        0.49679768        0.72000695       50.00000000        3.60625661
    29.20954331       32.30824442        0.49924689        0.71905357       50.00000000        3.59408385
    29.28788418       32.39709842        0.50169972        0.71809836       50.00000000        3.58197051
    29.36620428       32.48595243        0.50415612        0.71714131       50.00000000        3.56991610
    29.44450350       32.57480644        0.50661609        0.71618241       50.00000000        3.55792014
    29.52278174       32.66366045        0.50907959        0.71522165       50.00000000        3.54598215
    29.60103889       32.75251446        0.51154660        0.71425902       50.00000000        3.53410167
    29.67927483       32.84136846        0.51401710        0.71329450       50.00000000        3.52227823
    29.75748946       32.93022247        0.51649106        0.71232810       50.00000000        3.51051137
    29.83568267       33.01907648        0.51896847        0.71135980       50.00000000        3.49880063
    29.91385434       33.10793049        0.52144928        0.71038959       50.00000000        3.48714557
    29.99200437       33.19678450        0.52393350        0.70941746       50.00000000        3.47554574
    30.07013264       33.28563850        0.52642107        0.70844340       50.00000000        3.46400070
    30.14823903       33.37449251        0.52891200        0.70746740       50.00000000        3.45251001
    30.22632343       33.46334652        0.53140624        0.70648945       50.00000000        3.44107325
    30.30438573       33.55220053        0.53390378        0.70550954       50.00000000        3.42968998
    30.38242582       33.64105454        0.53640460        0.70452766       50.00000000        3.41835978
    30.46044357       33.72990854        0.53890866        0.70354380       50.00000000        3.40708224
    30.53843887       33.81876255        0.54141594        0.70255794       50.00000000        3.39585694
    30.61641160       33.90761656        0.54392643        0.70157009       50.00000000        3.38468346
    30.69436164       33.99647057        0.54644009        0.70058022       50.00000000        3.37356142
    30.77228887       34.08532458        0.54895690        0.69958833       50.00000000        3.36249040
    30.85019318       34.17417858        0.55147684        0.69859441       50.00000000        3.35147000
    30.92807444       34.26303259        0.55399989        0.69759845       50.00000000        3.34049984
    31.00593254       34.35188660        0.55652601        0.69660043       50.00000000        3.32957953
    31.08376734       34.44074061        0.55905519        0.69560034       50.00000000        3.31870867
    31.16157873       34.52959462        0.56158740        0.69459818       50.00000000        3.30788690
    31.23936659       34.61844862        0.56412261        0.69359393       50.00000000        3.29711383
    31.31713078       34.70730263        0.56666081        0.69258758       50.00000000        3.28638908
    31.39487119       34.79615664        0.56920196        0.69157912       50.00000000        3.27571229
    31.47258769       34.88501065        0.57174605        0.69056854       50.00000000        3.26508310
    31.55028014       34.97386466        0.57429304        0.68955583       50.00000000        3.25450114
    31.62794843       35.06271866        0.57684292        0.68854098       50.00000000        3.24396605
    31.70559243       35.15157267        0.57939565        0.68752397       50.00000000        3.23347747
    31.78321200       35.24042668        0.58195122        0.68650480       50.00000000        3.22303506
    31.86080702       35.32928069        0.58450960        0.68548345       50.00000000        3.21263847
    31.93837736       35.41813470        0.58707077        0.68445991       50.00000000        3.20228734
    32.01592288       35.50698870        0.58963469        0.68343417       50.00000000        3.19198135
    32.09344345       35.59584271        0.59220136        0.68240621       50.00000000        3.18172015
    32.17093895       35.68469672        0.59477073        0.68137604       50.00000000        3.17150341
    32.24840923       35.77355073        0.59734279        0.68034363       50.00000000        3.16133080
    32.32585416       35.86240474        0.59991751        0.67930897       50.00000000        3.15120198
    32.40327360       35.95125874        0.60249487        0.67827205       50.00000000        3.14111664
    32.48066743       36.04011275        0.60507484        0.67723286       50.00000000        3.13107445
    32.55803550       36.12896676        0.60765740        0.67619138       50.00000000        3.12107509
    32.63537767       36.21782077        0.61024252        0.67514761       50.00000000        3.11111825
    32.71269380       36.30667478        0.61283018        0.67410153       50.00000000        3.10120362
    32.78998377       36.39552878        0.61542035        0.67305313       50.00000000        3.09133088
    32.86724741       36.48438279        0.61801301        0.67200240       50.00000000        3.08149973
    32.94448459       36.57323680        0.62060813        0.67094932       50.00000000        3.07170987
    33.02169518       36.66209081        0.62320569        0.66989388       50.00000000        3.06196099
    33.09887902       36.75094482        0.62580567        0.66883608       50.00000000        3.05225280
    33.17603598       36.83979882        0.62840803        0.66777589       50.00000000        3.04258500
    33.25316590       36.92865283        0.63101275        0.66671330       50.00000000        3.03295731
    33.33026863       37.01750684        0.63361981        0.66564830       50.00000000        3.02336942
    33.40734405       37.10636085        0.63622918        0.66458089       50.00000000        3.01382106
    33.48439198       37.19521486        0.63884084        0.66351103       50.00000000        3.00431193
    33.56141230       37.28406886        0.64145477        0.66243873       50.00000000        2.99484177
    33.63840484       37.37292287        0.64407093        0.66136397       50.00000000        2.98541029
    33.71536945       37.46177688        0.64668930        0.66028673       50.00000000        2.97601721
    33.79230599       37.55063089        0.64930986        0.65920701       50.00000000        2.96666226
    33.86921429       37.63948490        0.65193258        0.65812478       50.00000000        2.95734517
    33.94609421       37.72833890        0.65455743        0.65704004       50.00000000        2.94806567
    34.02294559       37.81719291        0.65718440        0.65595277       50.00000000        2.93882350
    34.09976828       37.90604692        0.65981345        0.65486295       50.00000000        2.92961839
    34.17656211       37.99490093        0.66244457        0.65377059       50.00000000        2.92045008
    34.25332694       38.08375494        0.66507772        0.65267565       50.00000000        2.91131831
    34.33006259       38.17260894        0.66771288        0.65157812       50.00000000        2.90222283
    34.40676891       38.26146295        0.67035002        0.65047800       50.00000000        2.89316338
    34.48344574       38.35031696        0.67298912        0.64937527       50.00000000        2.88413972
    34.56009292       38.43917097        0.67563016        0.64826991       50.00000000        2.87515158
    34.63671029       38.52802498        0.67827310        0.64716191       50.00000000        2.86619873
    34.71329767       38.61687898        0.68091793        0.64605125       50.00000000        2.85728092
    34.78985491       38.70573299        0.68356461        0.64493793       50.00000000        2.84839791
    34.86638183       38.79458700        0.68621312        0.64382192       50.00000000        2.83954945
    34.94287828       38.88344101        0.68886345        0.64270321       50.00000000        2.83073532
    35.01934407       38.97229502        0.69151555        0.64158178       50.00000000        2.82195526
    35.09577905       39.06114902        0.69416941        0.64045763       50.00000000        2.81320906
    35.17218303       39.15000303        0.69682499        0.63933074       50.00000000        2.80449647
    35.24855586       39.23885704        0.69948228        0.63820108       50.00000000        2.79581728
    35.32489734       39.32771105        0.70214125        0.63706866       50.00000000        2.78717124
    35.40120732       39.41656506        0.70480188        0.63593344       50.00000000        2.77855813
    35.47748561       39.50541906        0.70746413        0.63479542       50.00000000        2.76997774
    35.55373205       39.59427307        0.71012798        0.63365458       50.00000000        2.76142983
    35.62994643       39.68312708        0.71279340        0.63251090       50.00000000        2.75291420
    35.70612860       39.77198109        0.71546038        0.63136437       50.00000000        2.74443062
    35.78227837       39.86083510        0.71812889        0.63021497       50.00000000        2.73597887
    35.85839556       39.94968910        0.72079889        0.62906270       50.00000000        2.72755875
    35.93447998       40.03854311        0.72347036        0.62790752       50.00000000        2.71917003
    36.01053146       40.12739712        0.72614328        0.62674943       50.00000000        2.71081252
    36.08654980       40.21625113        0.72881763        0.62558840       50.00000000        2.70248600
    36.16253482       40.30510514        0.73149337        0.62442443       50.00000000        2.69419026
    36.23848633       40.39395914        0.73417048        0.62325750       50.00000000        2.68592510
    36.31440414       40.48281315        0.73684894        0.62208758       50.00000000        2.67769033
    36.39028807       40.57166716        0.73952871        0.62091467       50.00000000        2.66948572
    36.46613791       40.66052117        0.74220978        0.61973874       50.00000000        2.66131110
    36.54195348       40.74937518        0.74489211        0.61855978       50.00000000        2.65316625
    36.61773458       40.83822918        0.74757569        0.61737778       50.00000000        2.64505099
    36.69348102       40.92708319        0.75026048        0.61619271       50.00000000        2.63696512
    36.76919260       41.01593720        0.75294646        0.61500456       50.00000000        2.62890844
    36.84486911       41.10479121        0.75563360        0.61381331       50.00000000        2.62088077
    36.92051037       41.19364522        0.75832188        0.61261894       50.00000000        2.61288191
    36.99611617       41.28249922        0.76101128        0.61142144       50.00000000        2.60491169
    37.07168630       41.37135323        0.76370176        0.61022079       50.00000000        2.59696990
    37.14722057       41.46020724        0.76639330        0.60901696       50.00000000        2.58905637
    37.22271876       41.54906125        0.76908587        0.60780995       50.00000000        2.58117092
    37.29818067       41.63791526        0.77177945        0.60659974       50.00000000        2.57331336
    37.37360609       41.72676926        0.77447402        0.60538630       50.00000000        2.56548351
    37.44899482       41.81562327        0.77716954        0.60416962       50.00000000        2.55768120
    37.52434663       41.90447728        0.77986599        0.60294967       50.00000000        2.54990625
    37.59966132       41.99333129        0.78256335        0.60172645       50.00000000        2.54215848
    37.67493868       42.08218530        0.78526159        0.60049993       50.00000000        2.53443771
    37.75017847       42.17103930        0.78796067        0.59927010       50.00000000        2.52674379
    37.82538050       42.25989331        0.79066059        0.59803693       50.00000000        2.51907653
    37.90054454       42.34874732        0.79336130        0.59680040       50.00000000        2.51143576
    37.97567036       42.43760133        0.79606279        0.59556051       50.00000000        2.50382132
    38.05075776       42.52645534        0.79876503        0.59431722       50.00000000        2.49623304
    38.12580650       42.61530934        0.80146799        0.59307051       50.00000000        2.48867076
    38.20081635       42.70416335        0.80417165        0.59182038       50.00000000        2.48113431
    38.27578710       42.79301736        0.80687598        0.59056679       50.00000000        2.47362352
    38.35071850       42.88187137        0.80958095        0.58930974       50.00000000        2.46613824
    38.42561034       42.97072538        0.81228654        0.58804919       50.00000000        2.45867831
    38.50046238       43.05957938        0.81499272        0.58678513       50.00000000        2.45124357
    38.57527439       43.14843339        0.81769947        0.58551754       50.00000000        2.44383386
    38.65004612       43.23728740        0.82040676        0.58424639       50.00000000        2.43644902
    38.72477735       43.32614141        0.82311456        0.58297168       50.00000000        2.42908890
    38.79946784       43.41499542        0.82582285        0.58169337       50.00000000        2.42175335
    38.87411734       43.50384942        0.82853161        0.58041144       50.00000000        2.41444221
    38.94872561       43.59270343        0.83124080        0.57912589       50.00000000        2.40715533
    39.02329241       43.68155744        0.83395040        0.57783667       50.00000000        2.39989256
    39.09781749       43.77041145        0.83666038        0.57654378       50.00000000        2.39265376
    39.17230060       43.85926546        0.83937072        0.57524719       50.00000000        2.38543878
    39.24674150       43.94811946        0.84208139        0.57394687       50.00000000        2.37824746
    39.32113994       44.03697347        0.84479237        0.57264282       50.00000000        2.37107967
    39.39549565       44.12582748        0.84750362        0.57133500       50.00000000        2.36393526
    39.46980839       44.21468149        0.85021513        0.57002340       50.00000000        2.35681409
    39.54407790       44.30353550        0.85292687        0.56870798       50.00000000        2.34971601
    39.61830392       44.39238950        0.85563881        0.56738874       50.00000000        2.34264089
    39.69248618       44.48124351        0.85835092        0.56606564       50.00000000        2.33558859
    39.76662443       44.57009752        0.86106318        0.56473867       50.00000000        2.32855896
    39.84071841       44.65895153        0.86377556        0.56340780       50.00000000        2.32155187
    39.91476783       44.74780554        0.86648804        0.56207300       50.00000000        2.31456719
    39.98877244       44.83665954        0.86920059        0.56073426       50.00000000        2.30760478
    40.06273197       44.92551355        0.87191318        0.55939155       50.00000000        2.30066451
    40.13664614       45.01436756        0.87462580        0.55804485       50.00000000        2.29374623
    40.21051467       45.10322157        0.87733840        0.55669414       50.00000000        2.28684983
    40.28433730       45.19207558        0.88005097        0.55533938       50.00000000        2.27997516
    40.35811373       45.28092958        0.88276348        0.55398056       50.00000000        2.27312211
    40.43184370       45.36978359        0.88547590        0.55261765       50.00000000        2.26629054
    40.50552691       45.45863760        0.88818821        0.55125063       50.00000000        2.25948032
    40.57916308       45.54749161        0.89090038        0.54987948       50.00000000        2.25269133
    40.65275193       45.63634562        0.89361239        0.54850416       50.00000000        2.24592343
    40.72629315       45.72519962        0.89632420        0.54712465       50.00000000        2.23917652
    40.79978647       45.81405363        0.89903580        0.54574093       50.00000000        2.23245045
    40.87323159       45.90290764        0.90174716        0.54435298       50.00000000        2.22574512
    40.94662820       45.99176165        0.90445824        0.54296076       50.00000000        2.21906039
    41.01997602       46.08061566        0.90716903        0.54156426       50.00000000        2.21239614
    41.09327473       46.16946966        0.90987950        0.54016344       50.00000000        2.20575227
    41.16652404       46.25832367        0.91258962        0.53875828       50.00000000        2.19912863
    41.23972364       46.34717768        0.91529937        0.53734875       50.00000000        2.19252513
    41.31287322       46.43603169        0.91800871        0.53593483       50.00000000        2.18594164
    41.38597247       46.52488570        0.92071763        0.53451649       50.00000000        2.17937804
    41.45902108       46.61373970        0.92342610        0.53309370       50.00000000        2.17283423
    41.53201873       46.70259371        0.92613409        0.53166644       50.00000000        2.16631007
    41.60496511       46.79144772        0.92884158        0.53023468       50.00000000        2.15980547
    41.67785988       46.88030173        0.93154853        0.52879838       50.00000000        2.15332030
    41.75070274       46.96915574        0.93425493        0.52735754       50.00000000        2.14685446
    41.82349335       47.05800974        0.93696075        0.52591211       50.00000000        2.14040784
    41.89623138       47.14686375        0.93966596        0.52446206       50.00000000        2.13398031
    41.96891651       47.23571776        0.94237053        0.52300738       50.00000000        2.12757179
    42.04154840       47.32457177        0.94507444        0.52154802       50.00000000        2.12118214
    42.11412671       47.41342578        0.94777767        0.52008397       50.00000000        2.11481128
    42.18665111       47.50227978        0.95048018        0.51861519       50.00000000        2.10845908
    42.25912125       47.59113379        0.95318195        0.51714165       50.00000000        2.10212546
    42.33153679       47.67998780        0.95588296        0.51566333       50.00000000        2.09581028
    42.40389738       47.76884181        0.95858317        0.51418019       50.00000000        2.08951347
    42.47620268       47.85769582        0.96128257        0.51269220       50.00000000        2.08323490
    42.54845232       47.94654982        0.96398113        0.51119934       50.00000000        2.07697448
    42.62064596       48.03540383        0.96667882        0.50970158       50.00000000        2.07073211
    42.69278324       48.12425784        0.96937561        0.50819887       50.00000000        2.06450767
    42.76486378       48.21311185        0.97207148        0.50669120       50.00000000        2.05830108
    42.83688724       48.30196586        0.97476641        0.50517853       50.00000000        2.05211224
    42.90885323       48.39081986        0.97746036        0.50366083       50.00000000        2.04594103
    42.98076140       48.47967387        0.98015331        0.50213807       50.00000000        2.03978737
    43.05261136       48.56852788        0.98284524        0.50061022       50.00000000        2.03365116
    43.12440275       48.65738189        0.98553611        0.49907724       50.00000000        2.02753229
    43.19613518       48.74623590        0.98822591        0.49753910       50.00000000        2.02143068
    43.26780826       48.83508990        0.99091461        0.49599577       50.00000000        2.01534622
    43.33942162       48.92394391        0.99360217        0.49444722       50.00000000        2.00927883
    43.41097486       49.01279792        0.99628859        0.49289341       50.00000000        2.00322841
    43.48246760       49.10165193        0.99897382        0.49133431       50.00000000        1.99719485
    43.55389943       49.19050594        1.00165785        0.48976988       50.00000000        1.99117808
    43.62526995       49.27935994        1.00434064        0.48820010       50.00000000        1.98517800
    43.69657877       49.36821395        1.00702218        0.48662493       50.00000000        1.97919452
    43.76782548       49.45706796        1.00970243        0.48504433       50.00000000        1.97322754
    43.83900966       49.54592197        1.01238137        0.48345827       50.00000000        1.96727698
    43.91013092       49.63477598        1.01505898        0.48186671       50.00000000        1.96134274
    43.98118883       49.72362998        1.01773522        0.48026962       50.00000000        1.95542475
    44.05218296       49.81248399        1.02041008        0.47866697       50.00000000        1.94952290
    44.12311291       49.90133800        1.02308352        0.47705871       50.00000000        1.94363711
    44.19397824       49.99019201        1.02575553        0.47544481       50.00000000        1.93776730
    44.26477852       50.07904602        1.02842607        0.47382524       50.00000000        1.93191338
    44.33551332       50.16790002        1.03109512        0.47219995       50.00000000        1.92607525
    44.40618219       50.25675403        1.03376265        0.47056892       50.00000000        1.92025285
    44.47678471       50.34560804        1.03642864        0.46893209       50.00000000        1.91444608
    44.54732042       50.43446205        1.03909307        0.46728945       50.00000000        1.90865486
    44.61778888       50.52331606        1.04175590        0.46564094       50.00000000        1.90287910
    44.68818962       50.61217006        1.04441711        0.46398653       50.00000000        1.89711873
    44.75852221       50.70102407        1.04707668        0.46232618       50.00000000        1.89137366
    44.82878616       50.78987808        1.04973458        0.46065985       50.00000000        1.88564381
    44.89898103       50.87873209        1.05239078        0.45898750       50.00000000        1.87992910
    44.96910634       50.96758610        1.05504526        0.45730909       50.00000000        1.87422944
    45.03916162       51.05644010        1.05769799        0.45562459       50.00000000        1.86854477
    45.10914639       51.14529411        1.06034895        0.45393395       50.00000000        1.86287499
    45.17906016       51.23414812        1.06299811        0.45223713       50.00000000        1.85722004
    45.24890247       51.32300213        1.06564545        0.45053410       50.00000000        1.85157982
    45.31867280       51.41185614        1.06829094        0.44882480       50.00000000        1.84595428
    45.38837068       51.50071014        1.07093455        0.44710920       50.00000000        1.84034332
    45.45799561       51.58956415        1.07357627        0.44538725       50.00000000        1.83474687
    45.52754707       51.67841816        1.07621605        0.44365892       50.00000000        1.82916486
    45.59702457       51.76727217        1.07885389        0.44192416       50.00000000        1.82359721
    45.66642759       51.85612618        1.08148975        0.44018293       50.00000000        1.81804385
    45.73575561       51.94498018        1.08412361        0.43843518       50.00000000        1.81250470
    45.80500812       52.03383419        1.08675544        0.43668088       50.00000000        1.80697969
    45.87418459       52.12268820        1.08938521        0.43491996       50.00000000        1.80146874
    45.94328448       52.21154221        1.09201291        0.43315240       50.00000000        1.79597178
    46.01230727       52.30039622        1.09463850        0.43137815       50.00000000        1.79048875
    46.08125242       52.38925022        1.09726197        0.42959716       50.00000000        1.78501956
    46.15011937       52.47810423        1.09988328        0.42780938       50.00000000        1.77956416
    46.21890759       52.56695824        1.10250241        0.42601478       50.00000000        1.77412246
    46.28761651       52.65581225        1.10511933        0.42421330       50.00000000        1.76869440
    46.35624558       52.74466626        1.10773403        0.42240489       50.00000000        1.76327990
    46.42479423       52.83352026        1.11034647        0.42058951       50.00000000        1.75787890
    46.49326189       52.92237427        1.11295663        0.41876712       50.00000000        1.75249134
    46.56164799       53.01122828        1.11556448        0.41693765       50.00000000        1.74711713
    46.62995194       53.10008229        1.11817000        0.41510107       50.00000000        1.74175622
    46.69817317       53.18893630        1.12077317        0.41325733       50.00000000        1.73640854
    46.76631108       53.27779030        1.12337395        0.41140637       50.00000000        1.73107402
    46.83436507       53.36664431        1.12597233        0.40954815       50.00000000        1.72575259
    46.90233454       53.45549832        1.12856827        0.40768262       50.00000000        1.72044419
    46.97021888       53.54435233        1.13116176        0.40580972       50.00000000        1.71514876
    47.03801749       53.63320634        1.13375277        0.40392940       50.00000000        1.70986622
    47.10572973       53.72206034        1.13634127        0.40204162       50.00000000        1.70459652
    47.17335500       53.81091435        1.13892724        0.40014632       50.00000000        1.69933959
    47.24089265       53.89976836        1.14151065        0.39824344       50.00000000        1.69409536
    47.30834205       53.98862237        1.14409148        0.39633294       50.00000000        1.68886378
    47.37570256       54.07747638        1.14666970        0.39441477       50.00000000        1.68364478
    47.44297353       54.16633038        1.14924530        0.39248885       50.00000000        1.67843831
    47.51015430       54.25518439        1.15181823        0.39055516       50.00000000        1.67324429
    47.57724422       54.34403840        1.15438849        0.38861362       50.00000000        1.66806266
    47.64424261       54.43289241        1.15695603        0.38666418       50.00000000        1.66289337
    47.71114881       54.52174642        1.15952085        0.38470679       50.00000000        1.65773636
    47.77796213       54.61060042        1.16208291        0.38274139       50.00000000        1.65259157
    47.84468189       54.69945443        1.16464219        0.38076792       50.00000000        1.64745893
    47.91130739       54.78830844        1.16719867        0.37878633       50.00000000        1.64233839
    47.97783794       54.87716245        1.16975232        0.37679656       50.00000000        1.63722989
    48.04427282       54.96601646        1.17230311        0.37479854       50.00000000        1.63213336
    48.11061133       55.05487046        1.17485102        0.37279223       50.00000000        1.62704877
    48.17685275       55.14372447        1.17739603        0.37077755       50.00000000        1.62197603
    48.24299634       55.23257848        1.17993811        0.36875446       50.00000000        1.61691511
    48.30904138       55.32143249        1.18247724        0.36672289       50.00000000        1.61186594
    48.37498713       55.41028650        1.18501338        0.36468278       50.00000000        1.60682846
    48.44083282       55.49914050        1.18754653        0.36263406       50.00000000        1.60180263
    48.50657772       55.58799451        1.19007665        0.36057668       50.00000000        1.59678838
    48.57222105       55.67684852        1.19260372        0.35851056       50.00000000        1.59178566
    48.63776204       55.76570253        1.19512772        0.35643566       50.00000000        1.58679442
    48.70319993       55.85455654        1.19764861        0.35435190       50.00000000        1.58181460
    48.76853391       55.94341054        1.20016638        0.35225922       50.00000000        1.57684615
    48.83376320       56.03226455        1.20268100        0.35015755       50.00000000        1.57188901
    48.89888700       56.12111856        1.20519245        0.34804684       50.00000000        1.56694313
    48.96390449       56.20997257        1.20770070        0.34592700       50.00000000        1.56200846
    49.02881486       56.29882658        1.21020573        0.34379798       50.00000000        1.55708495
    49.09361729       56.38768058        1.21270751        0.34165970       50.00000000        1.55217255
    49.15831093       56.47653459        1.21520603        0.33951210       50.00000000        1.54727120
    49.22289495       56.56538860        1.21770125        0.33735511       50.00000000        1.54238085
    49.28736849       56.65424261        1.22019315        0.33518866       50.00000000        1.53750145
    49.35173070       56.74309662        1.22268171        0.33301268       50.00000000        1.53263296
    49.41598071       56.83195062        1.22516690        0.33082709       50.00000000        1.52777532
    49.48011764       56.92080463        1.22764870        0.32863183       50.00000000        1.52292848
    49.54414060       57.00965864        1.23012709        0.32642683       50.00000000        1.51809239
    49.60804870       57.09851265        1.23260204        0.32421200       50.00000000        1.51326701
    49.67184104       57.18736666        1.23507353        0.32198728       50.00000000        1.50845228
    49.73551669       57.27622066        1.23754153        0.31975259       50.00000000        1.50364816
    49.79907475       57.36507467        1.24000602        0.31750786       50.00000000        1.49885460
    49.86251427       57.45392868        1.24246697        0.31525301       50.00000000        1.49407156
    49.92583432       57.54278269        1.24492437        0.31298796       50.00000000        1.48929898
    49.98903394       57.63163670        1.24737819        0.31071264       50.00000000        1.48453681
    50.05211217       57.72049070        1.24982840        0.30842697       50.00000000        1.47978503
    50.11506804       57.80934471        1.25227498        0.30613087       50.00000000        1.47504356
    50.17790057       57.89819872        1.25471790        0.30382425       50.00000000        1.47031238
    50.24060876       57.98705273        1.25715715        0.30150705       50.00000000        1.46559144
    50.30319162       58.07590674        1.25959270        0.29917917       50.00000000        1.46088068
    50.36564813       58.16476074        1.26202453        0.29684054       50.00000000        1.45618008
    50.42797727       58.25361475        1.26445261        0.29449107       50.00000000        1.45148957
    50.49017801       58.34246876        1.26687692        0.29213068       50.00000000        1.44680912
    50.55224928       58.43132277        1.26929743        0.28975928       50.00000000        1.44213869
    50.61419005       58.52017678        1.27171412        0.28737680       50.00000000        1.43747823
    50.67599925       58.60903078        1.27412698        0.28498313       50.00000000        1.43282769
    50.73767579       58.69788479        1.27653597        0.28257820       50.00000000        1.42818705
    50.79921859       58.78673880        1.27894107        0.28016192       50.00000000        1.42355624
    50.86062653       58.87559281        1.28134225        0.27773420       50.00000000        1.41893524
    50.92189852       58.96444682        1.28373951        0.27529494       50.00000000        1.41432400
    50.98303342       59.05330082        1.28613280        0.27284407       50.00000000        1.40972248
    51.04403009       59.14215483        1.28852212        0.27038148       50.00000000        1.40513063
    51.10488739       59.23100884        1.29090743        0.26790708       50.00000000        1.40054843
    51.16560415       59.31986285        1.29328871        0.26542079       50.00000000        1.39597582
    51.22617919       59.40871686        1.29566594        0.26292250       50.00000000        1.39141276
    51.28661133       59.49757086        1.29803909        0.26041213       50.00000000        1.38685923
    51.34689936       59.58642487        1.30040815        0.25788957       50.00000000        1.38231517
    51.40704208       59.67527888        1.30277309        0.25535472       50.00000000        1.37778056
    51.46703824       59.76413289        1.30513389        0.25280750       50.00000000        1.37325534
    51.52688662       59.85298690        1.30749052        0.25024780       50.00000000        1.36873949
    51.58658595       59.94184090        1.30984296        0.24767551       50.00000000        1.36423296
    51.64613497       60.03069491        1.31219119        0.24509055       50.00000000        1.35973572
    51.70553239       60.11954892        1.31453518        0.24249280       50.00000000        1.35524773
    51.76477692       60.20840293        1.31687492        0.23988217       50.00000000        1.35076895
    51.82386724       60.29725694        1.31921038        0.23725854       50.00000000        1.34629935
    51.88280202       60.38611094        1.32154153        0.23462182       50.00000000        1.34183889
    51.94157993       60.47496495        1.32386836        0.23197189       50.00000000        1.33738753
    52.00019961       60.56381896        1.32619084        0.22930866       50.00000000        1.33294523
    52.05865968       60.65267297        1.32850895        0.22663200       50.00000000        1.32851197
    52.11695877       60.74152698        1.33082267        0.22394181       50.00000000        1.32408771
    52.17509545       60.83038098        1.33313197        0.22123799       50.00000000        1.31967241
    52.23306832       60.91923499        1.33543684        0.21852041       50.00000000        1.31526603
    52.29087594       61.00808900        1.33773724        0.21578896       50.00000000        1.31086855
    52.34851686       61.09694301        1.34003316        0.21304353       50.00000000        1.30647993
    52.40598960       61.18579702        1.34232457        0.21028401       50.00000000        1.30210014
    52.46329269       61.27465102        1.34461145        0.20751027       50.00000000        1.29772914
    52.52042462       61.36350503        1.34689379        0.20472220       50.00000000        1.29336689
    52.57738387       61.45235904        1.34917155        0.20191968       50.00000000        1.28901338
    52.63416890       61.54121305        1.35144472        0.19910258       50.00000000        1.28466856
    52.69077816       61.63006706        1.35371327        0.19627080       50.00000000        1.28033240
    52.74721008       61.71892106        1.35597718        0.19342419       50.00000000        1.27600487
    52.80346305       61.80777507        1.35823643        0.19056264       50.00000000        1.27168594
    52.85953547       61.89662908        1.36049100        0.18768602       50.00000000        1.26737558
    52.91542572       61.98548309        1.36274086        0.18479420       50.00000000        1.26307375
    52.97113213       62.07433710        1.36498600        0.18188706       50.00000000        1.25878043
    53.02665305       62.16319110        1.36722638        0.17896447       50.00000000        1.25449559
    53.08198678       62.25204511        1.36946200        0.17602629       50.00000000        1.25021920
    53.13713162       62.34089912        1.37169282        0.17307239       50.00000000        1.24595122
    53.19208584       62.42975313        1.37391883        0.17010263       50.00000000        1.24169163
    53.24684769       62.51860714        1.37614000        0.16711689       50.00000000        1.23744040
    53.30141539       62.60746114        1.37835631        0.16411501       50.00000000        1.23319749
    53.35578716       62.69631515        1.38056775        0.16109688       50.00000000        1.22896289
    53.40996119       62.78516916        1.38277428        0.15806233       50.00000000        1.22473657
    53.46393563       62.87402317        1.38497589        0.15501124       50.00000000        1.22051848
    53.51770863       62.96287718        1.38717256        0.15194346       50.00000000        1.21630862
    53.57127832       63.05173118        1.38936425        0.14885883       50.00000000        1.21210695
    53.62464278       63.14058519        1.39155096        0.14575723       50.00000000        1.20791344
    53.67780010       63.22943920        1.39373267        0.14263850       50.00000000        1.20372806
    53.73074832       63.31829321        1.39590934        0.13950248       50.00000000        1.19955080
    53.78348546       63.40714722        1.39808096        0.13634903       50.00000000        1.19538163
    53.83600954       63.49600122        1.40024750        0.13317800       50.00000000        1.19122051
    53.88831853       63.58485523        1.40240896        0.12998922       50.00000000        1.18706743
    53.94041038       63.67370924        1.40456529        0.12678255       50.00000000        1.18292235
    53.99228302       63.76256325        1.40671649        0.12355782       50.00000000        1.17878526
    54.04393434       63.85141726        1.40886254        0.12031488       50.00000000        1.17465613
    54.09536223       63.94027126        1.41100340        0.11705356       50.00000000        1.17053494
    54.14656453       64.02912527        1.41313906        0.11377369       50.00000000        1.16642166
    54.19753906       64.11797928        1.41526950        0.11047512       50.00000000        1.16231626
    54.24828362       64.20683329        1.41739470        0.10715768       50.00000000        1.15821873
    54.29879597       64.29568730        1.41951464        0.10382119       50.00000000        1.15412905
    54.34907386       64.38454130        1.42162929        0.10046549       50.00000000        1.15004718
    54.39911498       64.47339531        1.42373864        0.09709040       50.00000000        1.14597311
    54.44891701       64.56224932        1.42584267        0.09369575       50.00000000        1.14190682
    54.49847762       64.65110333        1.42794134        0.09028135       50.00000000        1.13784828
    54.54779441       64.73995734        1.43003465        0.08684704       50.00000000        1.13379748
    54.59686497       64.82881134        1.43212257        0.08339263       50.00000000        1.12975438
    54.64568687       64.91766535        1.43420509        0.07991793       50.00000000        1.12571898
    54.69425763       65.00651936        1.43628217        0.07642276       50.00000000        1.12169124
    54.74257474       65.09537337        1.43835381        0.07290694       50.00000000        1.11767116
    54.79063567       65.18422738        1.44041997        0.06937027       50.00000000        1.11365871
    54.83843784       65.27308138        1.44248065        0.06581257       50.00000000        1.10965387
    54.88597864       65.36193539        1.44453581        0.06223363       50.00000000        1.10565662
    54.93325545       65.45078940        1.44658545        0.05863327       50.00000000        1.10166695
    54.98026558       65.53964341        1.44862953        0.05501127       50.00000000        1.09768483
    55.02700632       65.62849742        1.45066804        0.05136746       50.00000000        1.09371025
    55.07347493       65.71735142        1.45270095        0.04770161       50.00000000        1.08974319
    55.11966863       65.80620543        1.45472826        0.04401352       50.00000000        1.08578363
    55.16558460       65.89505944        1.45674993        0.04030299       50.00000000        1.08183156
    55.21121997       65.98391345        1.45876595        0.03656981       50.00000000        1.07788695
    55.25657186       66.07276746        1.46077630        0.03281376       50.00000000        1.07394980
    55.30163733       66.16162146        1.46278096        0.02903463       50.00000000        1.07002008
    55.34641341       66.25047547        1.46477990        0.02523220       50.00000000        1.06609778
    55.39089708       66.33932948        1.46677311        0.02140625       50.00000000        1.06218289
    55.43508529       66.42818349        1.46876057        0.01755656       50.00000000        1.05827539
    55.47897494       66.51703750        1.47074225        0.01368290       50.00000000        1.05437526
    55.52256290       66.60589150        1.47271815        0.00978505       50.00000000        1.05048249
    55.56584598       66.69474551        1.47468823        0.00586276       50.00000000        1.04659707
    55.60882095       66.78359952        1.47665248        0.00191582       50.00000000        1.04271898
    55.65148455       66.87245353        1.47861088       -0.00205602       50.00000000        1.03884821
    55.69383346       66.96130754        1.48056341       -0.00605300       50.00000000        1.03498475
    55.73586432       67.05016154        1.48251004       -0.01007535       50.00000000        1.03112858
    55.77757372       67.13901555        1.48445077       -0.01412333       50.00000000        1.02727970
    55.81895821       67.22786956        1.48638557       -0.01819718       50.00000000        1.02343808
    55.86001428       67.31672357        1.48831442       -0.02229715       50.00000000        1.01960373
    55.90073839       67.40557758        1.49023730       -0.02642349       50.00000000        1.01577662
    55.94112692       67.49443158        1.49215419       -0.03057647       50.00000000        1.01195674
    55.98117622       67.58328559        1.49406508       -0.03475634       50.00000000        1.00814410
    56.02088260       67.67213960        1.49596993       -0.03896336       50.00000000        1.00433866
    56.06024229       67.76099361        1.49786875       -0.04319780       50.00000000        1.00054044
    56.09925147       67.84984762        1.49976149       -0.04745994       50.00000000        0.99674941
    56.13790629       67.93870162        1.50164816       -0.05175003       50.00000000        0.99296557
    56.17620282       68.02755563        1.50352871       -0.05606836       50.00000000        0.98918892
    56.21413708       68.11640964        1.50540315       -0.06041521       50.00000000        0.98541943
    56.25170504       68.20526365        1.50727145       -0.06479086       50.00000000        0.98165711
    56.28890261       68.29411766        1.50913358       -0.06919560       50.00000000        0.97790194
    56.32572562       68.38297166        1.51098954       -0.07362970       50.00000000        0.97415393
    56.36216988       68.47182567        1.51283929       -0.07809348       50.00000000        0.97041305
    56.39823109       68.56067968        1.51468283       -0.08258722       50.00000000        0.96667932
    56.43390493       68.64953369        1.51652013       -0.08711122       50.00000000        0.96295272
    56.46918699       68.73838770        1.51835118       -0.09166580       50.00000000        0.95923324
    56.50407281       68.82724170        1.52017595       -0.09625124       50.00000000        0.95552089
    56.53855785       68.91609571        1.52199443       -0.10086787       50.00000000        0.95181565
    56.57263751       69.00494972        1.52380660       -0.10551600       50.00000000        0.94811753
    56.60630713       69.09380373        1.52561243       -0.11019595       50.00000000        0.94442651
    56.63956196       69.18265774        1.52741192       -0.11490804       50.00000000        0.94074261
    56.67239720       69.27151174        1.52920504       -0.11965260       50.00000000        0.93706580
    56.70480797       69.36036575        1.53099178       -0.12442996       50.00000000        0.93339610
    56.73678930       69.44921976        1.53277211       -0.12924045       50.00000000        0.92973350
    56.76833618       69.53807377        1.53454601       -0.13408441       50.00000000        0.92607800
    56.79944349       69.62692778        1.53631348       -0.13896218       50.00000000        0.92242959
    56.83010604       69.71578178        1.53807448       -0.14387412       50.00000000        0.91878829
    56.86031858       69.80463579        1.53982901       -0.14882056       50.00000000        0.91515408
    56.89007577       69.89348980        1.54157704       -0.15380187       50.00000000        0.91152697
    56.91937216       69.98234381        1.54331855       -0.15881841       50.00000000        0.90790695
    56.94820227       70.07119782        1.54505353       -0.16387054       50.00000000        0.90429404
    56.97656048       70.16005182        1.54678196       -0.16895862       50.00000000        0.90068823
    57.00444112       70.24890583        1.54850381       -0.17408304       50.00000000        0.89708953
    57.03183842       70.33775984        1.55021908       -0.17924416       50.00000000        0.89349793
    57.05874651       70.42661385        1.55192774       -0.18444238       50.00000000        0.88991345
    57.08515945       70.51546786        1.55362978       -0.18967807       50.00000000        0.88633608
    57.11107118       70.60432186        1.55532517       -0.19495164       50.00000000        0.88276583
    57.13647557       70.69317587        1.55701390       -0.20026346       50.00000000        0.87920270
    57.16136638       70.78202988        1.55869596       -0.20561396       50.00000000        0.87564671
    57.18573727       70.87088389        1.56037131       -0.21100352       50.00000000        0.87209785
    57.20958180       70.95973790        1.56203995       -0.21643257       50.00000000        0.86855614
    57.23289343       71.04859190        1.56370186       -0.22190152       50.00000000        0.86502158
    57.25566551       71.13744591        1.56535701       -0.22741078       50.00000000        0.86149417
    57.27789129       71.22629992        1.56700539       -0.23296079       50.00000000        0.85797393
    57.29956391       71.31515393        1.56864699       -0.23855198       50.00000000        0.85446087
    57.32067639       71.40400794        1.57028178       -0.24418478       50.00000000        0.85095499
    57.34122165       71.49286194        1.57190975       -0.24985963       50.00000000        0.84745630
    57.36119248       71.58171595        1.57353087       -0.25557699       50.00000000        0.84396483
    57.38058157       71.67056996        1.57514514       -0.26133729       50.00000000        0.84048056
    57.39938148       71.75942397        1.57675253       -0.26714101       50.00000000        0.83700353
    57.41758464       71.84827798        1.57835302       -0.27298860       50.00000000        0.83353374
    57.43518336       71.93713198        1.57994661       -0.27888053       50.00000000        0.83007120
    57.45216983       72.02598599        1.58153326       -0.28481728       50.00000000        0.82661592
    57.46853612       72.11484000        1.58311296       -0.29079933       50.00000000        0.82316793
    57.48427413       72.20369401        1.58468569       -0.29682715       50.00000000        0.81972724
    57.49937566       72.29254802        1.58625144       -0.30290125       50.00000000        0.81629386
    57.51383236       72.38140202        1.58781019       -0.30902212       50.00000000        0.81286781
    57.52763574       72.47025603        1.58936192       -0.31519026       50.00000000        0.80944910
    57.54077716       72.55911004        1.59090661       -0.32140619       50.00000000        0.80603775
    57.55324785       72.64796405        1.59244424       -0.32767040       50.00000000        0.80263379
    57.56503888       72.73681806        1.59397480       -0.33398344       50.00000000        0.79923723
    57.57614116       72.82567206        1.59549827       -0.34034581       50.00000000        0.79584808
    57.58654546       72.91452607        1.59701463       -0.34675807       50.00000000        0.79246638
    57.59624238       73.00338008        1.59852386       -0.35322073       50.00000000        0.78909214
    57.60522237       73.09223409        1.60002595       -0.35973436       50.00000000        0.78572538
    57.61347571       73.18108810        1.60152087       -0.36629949       50.00000000        0.78236613
    57.62099250       73.26994210        1.60300862       -0.37291669       50.00000000        0.77901440
    57.62776268       73.35879611        1.60448916       -0.37958653       50.00000000        0.77567023
    57.63377602       73.44765012        1.60596249       -0.38630956       50.00000000        0.77233364
    57.63902209       73.53650413        1.60742858       -0.39308637       50.00000000        0.76900465
    57.64349030       73.62535814        1.60888742       -0.39991753       50.00000000        0.76568329
    57.64716986       73.71421214        1.61033899       -0.40680364       50.00000000        0.76236959
    57.65004980       73.80306615        1.61178328       -0.41374530       50.00000000        0.75906358
    57.65211893       73.89192016        1.61322025       -0.42074309       50.00000000        0.75576528
    57.65336590       73.98077417        1.61464990       -0.42779764       50.00000000        0.75247472
    57.65377912       74.06962818        1.61607221       -0.43490955       50.00000000        0.74919194
