#  Theta paroi en deg Angle Choc en deg       Kp           Inverse Mach       Mach amont       Mach aval
     0.00000000       25.29952875        0.00000000        0.57264957        2.34000000
     1.85077295       25.30146976        0.00610242        0.56993233        2.34000000        2.33989306
     2.22698006       25.30418558        0.00832611        0.56894933        2.34000000        2.33974345
     2.63442838       25.30922583        0.01101618        0.56776512        2.34000000        2.33946585
     3.07518590       25.31814012        0.01423058        0.56635709        2.34000000        2.33897509
     3.53076239       25.33247806        0.01786239        0.56477518        2.34000000        2.33818627
     3.99012702       25.35378928        0.02182332        0.56306047        2.34000000        2.33701502
     4.44891162       25.38362338        0.02606309        0.56123694        2.34000000        2.33537780
     4.90625885       25.42352999        0.03055938        0.55931610        2.34000000        2.33319224
     5.36294736       25.47505873        0.03530792        0.55730162        2.34000000        2.33037758
     5.82047362       25.53975920        0.04031627        0.55519212        2.34000000        2.32685516
     6.20150714       25.60445967        0.04467425        0.55336882        2.34000000        2.32334562
     6.53289893       25.66916014        0.04859996        0.55173586        2.34000000        2.31984881
     6.82914924       25.73386061        0.05221453        0.55024002        2.34000000        2.31636457
     7.09905242       25.79856108        0.05559309        0.54884835        2.34000000        2.31289275
     7.34837717       25.86326156        0.05878580        0.54753885        2.34000000        2.30943319
     7.58112863       25.92796203        0.06182798        0.54629602        2.34000000        2.30598574
     7.80020994       25.99266250        0.06474560        0.54510851        2.34000000        2.30255026
     8.00779809       26.05736297        0.06755830        0.54396770        2.34000000        2.29912660
     8.20557087       26.12206344        0.07028139        0.54286687        2.34000000        2.29571462
     8.39485085       26.18676391        0.07292702        0.54180070        2.34000000        2.29231417
     8.57670058       26.25146438        0.07550504        0.54076487        2.34000000        2.28892512
     8.75198759       26.31616485        0.07802352        0.53975584        2.34000000        2.28554732
     8.92143010       26.38086533        0.08048922        0.53877065        2.34000000        2.28218066
     9.08562997       26.44556580        0.08290779        0.53780680        2.34000000        2.27882499
     9.24509699       26.51026627        0.08528406        0.53686218        2.34000000        2.27548018
     9.40026701       26.57496674        0.08762218        0.53593495        2.34000000        2.27214611
     9.55151582       26.63966721        0.08992573        0.53502355        2.34000000        2.26882264
     9.69916993       26.70436768        0.09219784        0.53412658        2.34000000        2.26550967
     9.84351492       26.76906815        0.09444125        0.53324285        2.34000000        2.26220705
     9.98480211       26.83376862        0.09665837        0.53237128        2.34000000        2.25891467
    10.12325402       26.89846910        0.09885136        0.53151091        2.34000000        2.25563242
    10.25906856       26.96316957        0.10102213        0.53066091        2.34000000        2.25236017
    10.39242269       27.02787004        0.10317239        0.52982050        2.34000000        2.24909781
    10.52347524       27.09257051        0.10530368        0.52898900        2.34000000        2.24584523
    10.65236945       27.15727098        0.10741739        0.52816579        2.34000000        2.24260232
    10.77923489       27.22197145        0.10951479        0.52735031        2.34000000        2.23936896
    10.90418922       27.28667192        0.11159700        0.52654204        2.34000000        2.23614504
    11.02733960       27.35137239        0.11366509        0.52574052        2.34000000        2.23293047
    11.14878403       27.41607287        0.11572000        0.52494531        2.34000000        2.22972513
    11.26861219       27.48077334        0.11776260        0.52415601        2.34000000        2.22652892
    11.38690658       27.54547381        0.11979370        0.52337228        2.34000000        2.22334174
    11.50374312       27.61017428        0.12181404        0.52259376        2.34000000        2.22016349
    11.61919194       27.67487475        0.12382430        0.52182015        2.34000000        2.21699406
    11.73331793       27.73957522        0.12582510        0.52105117        2.34000000        2.21383337
    11.84618126       27.80427569        0.12781704        0.52028653        2.34000000        2.21068131
    11.95783782       27.86897616        0.12980066        0.51952599        2.34000000        2.20753779
    12.06833968       27.93367664        0.13177646        0.51876932        2.34000000        2.20440272
    12.17773534       27.99837711        0.13374492        0.51801630        2.34000000        2.20127600
    12.28607015       28.06307758        0.13570646        0.51726672        2.34000000        2.19815755
    12.39338655       28.12777805        0.13766150        0.51652040        2.34000000        2.19504727
    12.49972428       28.19247852        0.13961043        0.51577715        2.34000000        2.19194508
    12.60512065       28.25717899        0.14155360        0.51503680        2.34000000        2.18885088
    12.70961074       28.32187946        0.14349135        0.51429919        2.34000000        2.18576460
    12.81322756       28.38657993        0.14542400        0.51356417        2.34000000        2.18268615
    12.91600220       28.45128041        0.14735184        0.51283161        2.34000000        2.17961545
    13.01796401       28.51598088        0.14927515        0.51210136        2.34000000        2.17655241
    13.11914074       28.58068135        0.15119420        0.51137329        2.34000000        2.17349695
    13.21955856       28.64538182        0.15310924        0.51064729        2.34000000        2.17044900
    13.31924233       28.71008229        0.15502050        0.50992324        2.34000000        2.16740847
    13.41821557       28.77478276        0.15692820        0.50920103        2.34000000        2.16437529
    13.51650057       28.83948323        0.15883255        0.50848056        2.34000000        2.16134939
    13.61411857       28.90418370        0.16073376        0.50776172        2.34000000        2.15833068
    13.71108969       28.96888418        0.16263201        0.50704443        2.34000000        2.15531909
    13.80743311       29.03358465        0.16452747        0.50632859        2.34000000        2.15231455
    13.90316707       29.09828512        0.16642033        0.50561412        2.34000000        2.14931699
    13.99830898       29.16298559        0.16831073        0.50490093        2.34000000        2.14632634
    14.09287543       29.22768606        0.17019884        0.50418895        2.34000000        2.14334252
    14.18688225       29.29238653        0.17208479        0.50347810        2.34000000        2.14036547
    14.28034458       29.35708700        0.17396872        0.50276831        2.34000000        2.13739512
    14.37327689       29.42178747        0.17585078        0.50205950        2.34000000        2.13443140
    14.46569300       29.48648795        0.17773107        0.50135162        2.34000000        2.13147425
    14.55760617       29.55118842        0.17960973        0.50064459        2.34000000        2.12852360
    14.64902909       29.61588889        0.18148686        0.49993837        2.34000000        2.12557938
    14.73997393       29.68058936        0.18336257        0.49923288        2.34000000        2.12264154
    14.83045235       29.74528983        0.18523697        0.49852807        2.34000000        2.11971001
    14.92047557       29.80999030        0.18711016        0.49782388        2.34000000        2.11678473
    15.01005433       29.87469077        0.18898222        0.49712027        2.34000000        2.11386564
    15.09919896       29.93939124        0.19085326        0.49641718        2.34000000        2.11095267
    15.18791942       30.00409172        0.19272335        0.49571457        2.34000000        2.10804577
    15.27622526       30.06879219        0.19459258        0.49501238        2.34000000        2.10514489
    15.36412568       30.13349266        0.19646102        0.49431057        2.34000000        2.10224995
    15.45162953       30.19819313        0.19832876        0.49360909        2.34000000        2.09936092
    15.53874537       30.26289360        0.20019587        0.49290791        2.34000000        2.09647772
    15.62548141       30.32759407        0.20206240        0.49220697        2.34000000        2.09360031
    15.71184561       30.39229454        0.20392844        0.49150625        2.34000000        2.09072863
    15.79784560       30.45699501        0.20579404        0.49080570        2.34000000        2.08786262
    15.88348878       30.52169549        0.20765926        0.49010528        2.34000000        2.08500224
    15.96878229       30.58639596        0.20952417        0.48940496        2.34000000        2.08214743
    16.05373303       30.65109643        0.21138881        0.48870470        2.34000000        2.07929814
    16.13834766       30.71579690        0.21325325        0.48800446        2.34000000        2.07645432
    16.22263262       30.78049737        0.21511752        0.48730422        2.34000000        2.07361592
    16.30659415       30.84519784        0.21698169        0.48660394        2.34000000        2.07078289
    16.39023827       30.90989831        0.21884580        0.48590359        2.34000000        2.06795518
    16.47357082       30.97459878        0.22070989        0.48520314        2.34000000        2.06513274
    16.55659748       31.03929926        0.22257401        0.48450255        2.34000000        2.06231552
    16.63932369       31.10399973        0.22443820        0.48380181        2.34000000        2.05950349
    16.72175478       31.16870020        0.22630249        0.48310087        2.34000000        2.05669658
    16.80389589       31.23340067        0.22816694        0.48239972        2.34000000        2.05389476
    16.88575201       31.29810114        0.23003156        0.48169832        2.34000000        2.05109799
    16.96732797       31.36280161        0.23189641        0.48099666        2.34000000        2.04830620
    17.04862848       31.42750208        0.23376151        0.48029469        2.34000000        2.04551937
    17.12965809       31.49220255        0.23562690        0.47959241        2.34000000        2.04273745
    17.21042123       31.55690303        0.23749260        0.47888977        2.34000000        2.03996040
    17.29092219       31.62160350        0.23935865        0.47818677        2.34000000        2.03718817
    17.37116515       31.68630397        0.24122508        0.47748338        2.34000000        2.03442073
    17.45115417       31.75100444        0.24309191        0.47677956        2.34000000        2.03165802
    17.53089320       31.81570491        0.24495917        0.47607531        2.34000000        2.02890002
    17.61038607       31.88040538        0.24682689        0.47537060        2.34000000        2.02614668
    17.68963651       31.94510585        0.24869508        0.47466541        2.34000000        2.02339796
    17.76864815       32.00980632        0.25056378        0.47395972        2.34000000        2.02065382
    17.84742452       32.07450680        0.25243301        0.47325350        2.34000000        2.01791423
    17.92596906       32.13920727        0.25430278        0.47254674        2.34000000        2.01517914
    18.00428512       32.20390774        0.25617312        0.47183941        2.34000000        2.01244853
    18.08237595       32.26860821        0.25804404        0.47113150        2.34000000        2.00972234
    18.16024473       32.33330868        0.25991558        0.47042299        2.34000000        2.00700056
    18.23789456       32.39800915        0.26178774        0.46971387        2.34000000        2.00428313
    18.31532844       32.46270962        0.26366054        0.46900410        2.34000000        2.00157003
    18.39254931       32.52741009        0.26553400        0.46829368        2.34000000        1.99886121
    18.46956004       32.59211057        0.26740813        0.46758258        2.34000000        1.99615665
    18.54636343       32.65681104        0.26928295        0.46687080        2.34000000        1.99345632
    18.62296218       32.72151151        0.27115848        0.46615830        2.34000000        1.99076017
    18.69935897       32.78621198        0.27303473        0.46544509        2.34000000        1.98806817
    18.77555638       32.85091245        0.27491171        0.46473113        2.34000000        1.98538030
    18.85155695       32.91561292        0.27678943        0.46401641        2.34000000        1.98269651
    18.92736314       32.98031339        0.27866791        0.46330093        2.34000000        1.98001678
    19.00297737       33.04501386        0.28054715        0.46258465        2.34000000        1.97734107
    19.07840200       33.10971434        0.28242718        0.46186757        2.34000000        1.97466936
    19.15363931       33.17441481        0.28430799        0.46114968        2.34000000        1.97200162
    19.22869156       33.23911528        0.28618961        0.46043095        2.34000000        1.96933780
    19.30356094       33.30381575        0.28807203        0.45971137        2.34000000        1.96667789
    19.37824959       33.36851622        0.28995527        0.45899093        2.34000000        1.96402185
    19.45275962       33.43321669        0.29183934        0.45826962        2.34000000        1.96136966
    19.52709307       33.49791716        0.29372424        0.45754741        2.34000000        1.95872128
    19.60125195       33.56261763        0.29560999        0.45682430        2.34000000        1.95607669
    19.67523820       33.62731811        0.29749658        0.45610028        2.34000000        1.95343586
    19.74905376       33.69201858        0.29938403        0.45537532        2.34000000        1.95079876
    19.82270048       33.75671905        0.30127234        0.45464942        2.34000000        1.94816536
    19.89618022       33.82141952        0.30316152        0.45392256        2.34000000        1.94553564
    19.96949475       33.88611999        0.30505158        0.45319473        2.34000000        1.94290956
    20.04264583       33.95082046        0.30694251        0.45246592        2.34000000        1.94028712
    20.11563518       34.01552093        0.30883433        0.45173611        2.34000000        1.93766826
    20.18846448       34.08022140        0.31072704        0.45100530        2.34000000        1.93505299
    20.26113538       34.14492188        0.31262064        0.45027347        2.34000000        1.93244125
    20.33364948       34.20962235        0.31451513        0.44954060        2.34000000        1.92983304
    20.40600837       34.27432282        0.31641053        0.44880669        2.34000000        1.92722833
    20.47821358       34.33902329        0.31830683        0.44807173        2.34000000        1.92462708
    20.55026664       34.40372376        0.32020404        0.44733569        2.34000000        1.92202929
    20.62216903       34.46842423        0.32210216        0.44659858        2.34000000        1.91943492
    20.69392219       34.53312470        0.32400119        0.44586038        2.34000000        1.91684395
    20.76552755       34.59782517        0.32590114        0.44512108        2.34000000        1.91425636
    20.83698650       34.66252565        0.32780200        0.44438066        2.34000000        1.91167212
    20.90830041       34.72722612        0.32970378        0.44363912        2.34000000        1.90909121
    20.97947062       34.79192659        0.33160648        0.44289645        2.34000000        1.90651362
    21.05049844       34.85662706        0.33351010        0.44215263        2.34000000        1.90393931
    21.12138516       34.92132753        0.33541463        0.44140765        2.34000000        1.90136826
    21.19213204       34.98602800        0.33732010        0.44066151        2.34000000        1.89880046
    21.26274032       35.05072847        0.33922648        0.43991419        2.34000000        1.89623589
    21.33321121       35.11542894        0.34113379        0.43916568        2.34000000        1.89367451
    21.40354590       35.18012942        0.34304202        0.43841597        2.34000000        1.89111632
    21.47374555       35.24482989        0.34495117        0.43766505        2.34000000        1.88856129
    21.54381132       35.30953036        0.34686124        0.43691291        2.34000000        1.88600939
    21.61374433       35.37423083        0.34877224        0.43615955        2.34000000        1.88346062
    21.68354567       35.43893130        0.35068415        0.43540494        2.34000000        1.88091495
    21.75321642       35.50363177        0.35259699        0.43464909        2.34000000        1.87837236
    21.82275766       35.56833224        0.35451074        0.43389198        2.34000000        1.87583283
    21.89217041       35.63303271        0.35642541        0.43313359        2.34000000        1.87329635
    21.96145571       35.69773319        0.35834100        0.43237393        2.34000000        1.87076289
    22.03061455       35.76243366        0.36025750        0.43161298        2.34000000        1.86823243
    22.09964792       35.82713413        0.36217491        0.43085074        2.34000000        1.86570496
    22.16855678       35.89183460        0.36409324        0.43008718        2.34000000        1.86318046
    22.23734209       35.95653507        0.36601247        0.42932231        2.34000000        1.86065891
    22.30600477       36.02123554        0.36793260        0.42855612        2.34000000        1.85814030
    22.37454574       36.08593601        0.36985364        0.42778858        2.34000000        1.85562460
    22.44296589       36.15063648        0.37177558        0.42701970        2.34000000        1.85311180
    22.51126611       36.21533696        0.37369842        0.42624947        2.34000000        1.85060189
    22.57944727       36.28003743        0.37562215        0.42547788        2.34000000        1.84809484
    22.64751020       36.34473790        0.37754677        0.42470491        2.34000000        1.84559063
    22.71545576       36.40943837        0.37947228        0.42393056        2.34000000        1.84308926
    22.78328475       36.47413884        0.38139868        0.42315482        2.34000000        1.84059071
    22.85099799       36.53883931        0.38332596        0.42237768        2.34000000        1.83809496
    22.91859627       36.60353978        0.38525411        0.42159913        2.34000000        1.83560199
    22.98608036       36.66824025        0.38718314        0.42081917        2.34000000        1.83311179
    23.05345103       36.73294073        0.38911305        0.42003778        2.34000000        1.83062434
    23.12070903       36.79764120        0.39104381        0.41925495        2.34000000        1.82813963
    23.18785509       36.86234167        0.39297544        0.41847068        2.34000000        1.82565764
    23.25488994       36.92704214        0.39490793        0.41768496        2.34000000        1.82317837
    23.32181429       36.99174261        0.39684128        0.41689778        2.34000000        1.82070178
    23.38862885       37.05644308        0.39877547        0.41610912        2.34000000        1.81822788
    23.45533429       37.12114355        0.40071051        0.41531899        2.34000000        1.81575664
    23.52193130       37.18584403        0.40264639        0.41452737        2.34000000        1.81328805
    23.58842054       37.25054450        0.40458311        0.41373426        2.34000000        1.81082209
    23.65480266       37.31524497        0.40652065        0.41293964        2.34000000        1.80835876
    23.72107829       37.37994544        0.40845903        0.41214351        2.34000000        1.80589804
    23.78724809       37.44464591        0.41039822        0.41134586        2.34000000        1.80343992
    23.85331265       37.50934638        0.41233823        0.41054668        2.34000000        1.80098438
    23.91927259       37.57404685        0.41427906        0.40974596        2.34000000        1.79853141
    23.98512852       37.63874732        0.41622069        0.40894369        2.34000000        1.79608099
    24.05088101       37.70344780        0.41816311        0.40813987        2.34000000        1.79363312
    24.11653065       37.76814827        0.42010634        0.40733449        2.34000000        1.79118777
    24.18207800       37.83284874        0.42205036        0.40652754        2.34000000        1.78874495
    24.24752362       37.89754921        0.42399515        0.40571901        2.34000000        1.78630463
    24.31286806       37.96224968        0.42594073        0.40490889        2.34000000        1.78386681
    24.37811187       38.02695015        0.42788708        0.40409717        2.34000000        1.78143147
    24.44325557       38.09165062        0.42983420        0.40328385        2.34000000        1.77899860
    24.50829968       38.15635109        0.43178208        0.40246892        2.34000000        1.77656818
    24.57324473       38.22105157        0.43373072        0.40165236        2.34000000        1.77414022
    24.63809120       38.28575204        0.43568010        0.40083418        2.34000000        1.77171468
    24.70283961       38.35045251        0.43763023        0.40001436        2.34000000        1.76929158
    24.76749042       38.41515298        0.43958109        0.39919290        2.34000000        1.76687088
    24.83204413       38.47985345        0.44153269        0.39836978        2.34000000        1.76445258
    24.89650121       38.54455392        0.44348501        0.39754501        2.34000000        1.76203668
    24.96086211       38.60925439        0.44543804        0.39671856        2.34000000        1.75962316
    25.02512730       38.67395486        0.44739179        0.39589043        2.34000000        1.75721200
    25.08929722       38.73865534        0.44934625        0.39506063        2.34000000        1.75480320
    25.15337230       38.80335581        0.45130140        0.39422912        2.34000000        1.75239675
    25.21735299       38.86805628        0.45325725        0.39339592        2.34000000        1.74999264
    25.28123971       38.93275675        0.45521378        0.39256100        2.34000000        1.74759085
    25.34503288       38.99745722        0.45717099        0.39172437        2.34000000        1.74519139
    25.40873290       39.06215769        0.45912887        0.39088602        2.34000000        1.74279423
    25.47234017       39.12685816        0.46108742        0.39004592        2.34000000        1.74039936
    25.53585511       39.19155863        0.46304663        0.38920409        2.34000000        1.73800679
    25.59927809       39.25625911        0.46500648        0.38836051        2.34000000        1.73561649
    25.66260950       39.32095958        0.46696699        0.38751517        2.34000000        1.73322846
    25.72584972       39.38566005        0.46892812        0.38666807        2.34000000        1.73084270
    25.78899911       39.45036052        0.47088989        0.38581919        2.34000000        1.72845918
    25.85205804       39.51506099        0.47285229        0.38496853        2.34000000        1.72607790
    25.91502687       39.57976146        0.47481529        0.38411608        2.34000000        1.72369886
    25.97790595       39.64446193        0.47677891        0.38326183        2.34000000        1.72132203
    26.04069563       39.70916240        0.47874313        0.38240578        2.34000000        1.71894743
    26.10339623       39.77386288        0.48070794        0.38154791        2.34000000        1.71657502
    26.16600811       39.83856335        0.48267334        0.38068822        2.34000000        1.71420482
    26.22853157       39.90326382        0.48463932        0.37982670        2.34000000        1.71183680
    26.29096695       39.96796429        0.48660587        0.37896335        2.34000000        1.70947097
    26.35331456       40.03266476        0.48857298        0.37809815        2.34000000        1.70710730
    26.41557472       40.09736523        0.49054065        0.37723109        2.34000000        1.70474580
    26.47774771       40.16206570        0.49250887        0.37636218        2.34000000        1.70238646
    26.53983386       40.22676617        0.49447764        0.37549139        2.34000000        1.70002926
    26.60183344       40.29146665        0.49644693        0.37461873        2.34000000        1.69767420
    26.66374675       40.35616712        0.49841675        0.37374418        2.34000000        1.69532128
    26.72557407       40.42086759        0.50038710        0.37286774        2.34000000        1.69297048
    26.78731569       40.48556806        0.50235795        0.37198940        2.34000000        1.69062179
    26.84897186       40.55026853        0.50432930        0.37110915        2.34000000        1.68827521
    26.91054286       40.61496900        0.50630115        0.37022698        2.34000000        1.68593074
    26.97202896       40.67966947        0.50827349        0.36934288        2.34000000        1.68358836
    27.03343041       40.74436994        0.51024630        0.36845685        2.34000000        1.68124807
    27.09474746       40.80907042        0.51221959        0.36756888        2.34000000        1.67890985
    27.15598037       40.87377089        0.51419334        0.36667896        2.34000000        1.67657371
    27.21712937       40.93847136        0.51616754        0.36578708        2.34000000        1.67423964
    27.27819471       41.00317183        0.51814219        0.36489324        2.34000000        1.67190762
    27.33917663       41.06787230        0.52011729        0.36399742        2.34000000        1.66957765
    27.40007534       41.13257277        0.52209281        0.36309962        2.34000000        1.66724974
    27.46089108       41.19727324        0.52406875        0.36219983        2.34000000        1.66492385
    27.52162407       41.26197371        0.52604511        0.36129804        2.34000000        1.66260001
    27.58227452       41.32667419        0.52802188        0.36039424        2.34000000        1.66027818
    27.64284265       41.39137466        0.52999904        0.35948843        2.34000000        1.65795838
    27.70332866       41.45607513        0.53197660        0.35858060        2.34000000        1.65564059
    27.76373277       41.52077560        0.53395453        0.35767074        2.34000000        1.65332480
    27.82405516       41.58547607        0.53593284        0.35675884        2.34000000        1.65101102
    27.88429603       41.65017654        0.53791152        0.35584489        2.34000000        1.64869922
    27.94445559       41.71487701        0.53989055        0.35492888        2.34000000        1.64638942
    28.00453400       41.77957748        0.54186992        0.35401081        2.34000000        1.64408160
    28.06453146       41.84427796        0.54384964        0.35309067        2.34000000        1.64177576
    28.12444815       41.90897843        0.54582969        0.35216845        2.34000000        1.63947188
    28.18428424       41.97367890        0.54781006        0.35124414        2.34000000        1.63716997
    28.24403990       42.03837937        0.54979075        0.35031773        2.34000000        1.63487002
    28.30371530       42.10307984        0.55177174        0.34938922        2.34000000        1.63257202
    28.36331061       42.16778031        0.55375303        0.34845860        2.34000000        1.63027597
    28.42282598       42.23248078        0.55573461        0.34752585        2.34000000        1.62798186
    28.48226157       42.29718125        0.55771647        0.34659098        2.34000000        1.62568969
    28.54161755       42.36188173        0.55969860        0.34565396        2.34000000        1.62339945
    28.60089404       42.42658220        0.56168099        0.34471480        2.34000000        1.62111114
    28.66009120       42.49128267        0.56366363        0.34377349        2.34000000        1.61882474
    28.71920918       42.55598314        0.56564653        0.34283001        2.34000000        1.61654027
    28.77824810       42.62068361        0.56762965        0.34188435        2.34000000        1.61425770
    28.83720811       42.68538408        0.56961301        0.34093652        2.34000000        1.61197704
    28.89608934       42.75008455        0.57159658        0.33998650        2.34000000        1.60969828
    28.95489191       42.81478502        0.57358037        0.33903428        2.34000000        1.60742141
    29.01361596       42.87948550        0.57556435        0.33807986        2.34000000        1.60514644
    29.07226159       42.94418597        0.57754853        0.33712322        2.34000000        1.60287335
    29.13082894       43.00888644        0.57953290        0.33616436        2.34000000        1.60060214
    29.18931811       43.07358691        0.58151743        0.33520326        2.34000000        1.59833281
    29.24772921       43.13828738        0.58350214        0.33423993        2.34000000        1.59606535
    29.30606236       43.20298785        0.58548700        0.33327434        2.34000000        1.59379976
    29.36431766       43.26768832        0.58747201        0.33230650        2.34000000        1.59153603
    29.42249521       43.33238879        0.58945716        0.33133640        2.34000000        1.58927416
    29.48059511       43.39708927        0.59144244        0.33036402        2.34000000        1.58701415
    29.53861746       43.46178974        0.59342784        0.32938935        2.34000000        1.58475598
    29.59656234       43.52649021        0.59541336        0.32841239        2.34000000        1.58249966
    29.65442985       43.59119068        0.59739897        0.32743313        2.34000000        1.58024518
    29.71222007       43.65589115        0.59938469        0.32645157        2.34000000        1.57799254
    29.76993309       43.72059162        0.60137048        0.32546768        2.34000000        1.57574173
    29.82756899       43.78529209        0.60335636        0.32448146        2.34000000        1.57349275
    29.88512784       43.84999256        0.60534230        0.32349291        2.34000000        1.57124560
    29.94260971       43.91469304        0.60732830        0.32250201        2.34000000        1.56900026
    30.00001469       43.97939351        0.60931435        0.32150876        2.34000000        1.56675675
    30.05734284       44.04409398        0.61130044        0.32051315        2.34000000        1.56451504
    30.11459422       44.10879445        0.61328656        0.31951516        2.34000000        1.56227515
    30.17176889       44.17349492        0.61527270        0.31851479        2.34000000        1.56003706
    30.22886692       44.23819539        0.61725886        0.31751204        2.34000000        1.55780077
    30.28588837       44.30289586        0.61924501        0.31650688        2.34000000        1.55556628
    30.34283328       44.36759633        0.62123117        0.31549931        2.34000000        1.55333359
    30.39970171       44.43229681        0.62321731        0.31448933        2.34000000        1.55110268
    30.45649370       44.49699728        0.62520342        0.31347692        2.34000000        1.54887357
    30.51320931       44.56169775        0.62718950        0.31246208        2.34000000        1.54664624
    30.56984857       44.62639822        0.62917554        0.31144478        2.34000000        1.54442068
    30.62641153       44.69109869        0.63116153        0.31042504        2.34000000        1.54219691
    30.68289822       44.75579916        0.63314746        0.30940283        2.34000000        1.53997491
    30.73930868       44.82049963        0.63513332        0.30837815        2.34000000        1.53775468
    30.79564294       44.88520010        0.63711909        0.30735099        2.34000000        1.53553621
    30.85190103       44.94990058        0.63910478        0.30632133        2.34000000        1.53331951
    30.90808298       45.01460105        0.64109037        0.30528918        2.34000000        1.53110457
    30.96418880       45.07930152        0.64307586        0.30425451        2.34000000        1.52889139
    31.02021853       45.14400199        0.64506123        0.30321732        2.34000000        1.52667997
    31.07617218       45.20870246        0.64704647        0.30217761        2.34000000        1.52447029
    31.13204976       45.27340293        0.64903157        0.30113536        2.34000000        1.52226236
    31.18785130       45.33810340        0.65101654        0.30009055        2.34000000        1.52005618
    31.24357680       45.40280387        0.65300134        0.29904319        2.34000000        1.51785174
    31.29922627       45.46750435        0.65498599        0.29799327        2.34000000        1.51564904
    31.35479972       45.53220482        0.65697046        0.29694076        2.34000000        1.51344808
    31.41029716       45.59690529        0.65895475        0.29588567        2.34000000        1.51124885
    31.46571857       45.66160576        0.66093885        0.29482798        2.34000000        1.50905135
    31.52106396       45.72630623        0.66292275        0.29376769        2.34000000        1.50685559
    31.57633333       45.79100670        0.66490644        0.29270478        2.34000000        1.50466154
    31.63152668       45.85570717        0.66688991        0.29163924        2.34000000        1.50246922
    31.68664398       45.92040764        0.66887315        0.29057107        2.34000000        1.50027862
    31.74168524       45.98510812        0.67085615        0.28950026        2.34000000        1.49808974
    31.79665043       46.04980859        0.67283890        0.28842678        2.34000000        1.49590257
    31.85153954       46.11450906        0.67482140        0.28735065        2.34000000        1.49371712
    31.90635256       46.17920953        0.67680362        0.28627183        2.34000000        1.49153338
    31.96108945       46.24391000        0.67878558        0.28519033        2.34000000        1.48935134
    32.01575021       46.30861047        0.68076724        0.28410614        2.34000000        1.48717101
    32.07033480       46.37331094        0.68274862        0.28301924        2.34000000        1.48499239
    32.12484319       46.43801141        0.68472968        0.28192962        2.34000000        1.48281546
    32.17927536       46.50271189        0.68671044        0.28083728        2.34000000        1.48064023
    32.23363126       46.56741236        0.68869087        0.27974220        2.34000000        1.47846670
    32.28791087       46.63211283        0.69067096        0.27864438        2.34000000        1.47629486
    32.34211415       46.69681330        0.69265071        0.27754379        2.34000000        1.47412472
    32.39624106       46.76151377        0.69463012        0.27644045        2.34000000        1.47195626
    32.45029155       46.82621424        0.69660915        0.27533432        2.34000000        1.46978949
    32.50426559       46.89091471        0.69858782        0.27422540        2.34000000        1.46762441
    32.55816311       46.95561518        0.70056611        0.27311369        2.34000000        1.46546101
    32.61198409       47.02031566        0.70254401        0.27199917        2.34000000        1.46329929
    32.66572845       47.08501613        0.70452150        0.27088183        2.34000000        1.46113925
    32.71939616       47.14971660        0.70649859        0.26976166        2.34000000        1.45898089
    32.77298714       47.21441707        0.70847526        0.26863864        2.34000000        1.45682420
    32.82650135       47.27911754        0.71045150        0.26751278        2.34000000        1.45466919
    32.87993873       47.34381801        0.71242730        0.26638406        2.34000000        1.45251585
    32.93329920       47.40851848        0.71440265        0.26525246        2.34000000        1.45036418
    32.98658271       47.47321895        0.71637755        0.26411798        2.34000000        1.44821417
    33.03978919       47.53791943        0.71835198        0.26298060        2.34000000        1.44606583
    33.09291856       47.60261990        0.72032593        0.26184032        2.34000000        1.44391916
    33.14597076       47.66732037        0.72229939        0.26069712        2.34000000        1.44177415
    33.19894571       47.73202084        0.72427236        0.25955099        2.34000000        1.43963080
    33.25184333       47.79672131        0.72624483        0.25840193        2.34000000        1.43748911
    33.30466355       47.86142178        0.72821678        0.25724992        2.34000000        1.43534907
    33.35740628       47.92612225        0.73018820        0.25609494        2.34000000        1.43321070
    33.41007144       47.99082272        0.73215910        0.25493700        2.34000000        1.43107397
    33.46265894       48.05552320        0.73412944        0.25377607        2.34000000        1.42893890
    33.51516870       48.12022367        0.73609924        0.25261215        2.34000000        1.42680548
    33.56760063       48.18492414        0.73806847        0.25144522        2.34000000        1.42467371
    33.61995463       48.24962461        0.74003712        0.25027528        2.34000000        1.42254359
    33.67223061       48.31432508        0.74200520        0.24910231        2.34000000        1.42041512
    33.72442847       48.37902555        0.74397268        0.24792630        2.34000000        1.41828829
    33.77654811       48.44372602        0.74593956        0.24674724        2.34000000        1.41616310
    33.82858943       48.50842649        0.74790583        0.24556511        2.34000000        1.41403956
    33.88055233       48.57312697        0.74987148        0.24437991        2.34000000        1.41191766
    33.93243670       48.63782744        0.75183650        0.24319163        2.34000000        1.40979740
    33.98424243       48.70252791        0.75380088        0.24200025        2.34000000        1.40767877
    34.03596941       48.76722838        0.75576461        0.24080576        2.34000000        1.40556179
    34.08761754       48.83192885        0.75772768        0.23960815        2.34000000        1.40344644
    34.13918669       48.89662932        0.75969008        0.23840741        2.34000000        1.40133272
    34.19067674       48.96132979        0.76165180        0.23720352        2.34000000        1.39922064
    34.24208759       49.02603026        0.76361283        0.23599647        2.34000000        1.39711020
    34.29341910       49.09073074        0.76557316        0.23478626        2.34000000        1.39500138
    34.34467116       49.15543121        0.76753279        0.23357287        2.34000000        1.39289419
    34.39584363       49.22013168        0.76949169        0.23235629        2.34000000        1.39078864
    34.44693639       49.28483215        0.77144987        0.23113650        2.34000000        1.38868471
    34.49794931       49.34953262        0.77340732        0.22991349        2.34000000        1.38658241
    34.54888225       49.41423309        0.77536401        0.22868726        2.34000000        1.38448173
    34.59973509       49.47893356        0.77731995        0.22745778        2.34000000        1.38238268
    34.65050767       49.54363403        0.77927513        0.22622505        2.34000000        1.38028526
    34.70119987       49.60833451        0.78122952        0.22498906        2.34000000        1.37818945
    34.75181155       49.67303498        0.78318314        0.22374978        2.34000000        1.37609527
    34.80234255       49.73773545        0.78513595        0.22250722        2.34000000        1.37400271
    34.85279273       49.80243592        0.78708797        0.22126135        2.34000000        1.37191178
    34.90316195       49.86713639        0.78903916        0.22001217        2.34000000        1.36982246
    34.95345005       49.93183686        0.79098954        0.21875966        2.34000000        1.36773476
    35.00365687       49.99653733        0.79293908        0.21750381        2.34000000        1.36564868
    35.05378228       50.06123780        0.79488777        0.21624460        2.34000000        1.36356421
    35.10382610       50.12593828        0.79683562        0.21498203        2.34000000        1.36148137
    35.15378817       50.19063875        0.79878260        0.21371608        2.34000000        1.35940013
    35.20366835       50.25533922        0.80072870        0.21244673        2.34000000        1.35732052
    35.25346645       50.32003969        0.80267393        0.21117398        2.34000000        1.35524252
    35.30318232       50.38474016        0.80461826        0.20989781        2.34000000        1.35316613
    35.35281578       50.44944063        0.80656169        0.20861821        2.34000000        1.35109135
    35.40236667       50.51414110        0.80850421        0.20733517        2.34000000        1.34901819
    35.45183481       50.57884157        0.81044581        0.20604867        2.34000000        1.34694664
    35.50122002       50.64354205        0.81238648        0.20475869        2.34000000        1.34487670
    35.55052213       50.70824252        0.81432620        0.20346523        2.34000000        1.34280837
    35.59974096       50.77294299        0.81626498        0.20216828        2.34000000        1.34074166
    35.64887633       50.83764346        0.81820280        0.20086781        2.34000000        1.33867655
    35.69792804       50.90234393        0.82013964        0.19956382        2.34000000        1.33661305
    35.74689592       50.96704440        0.82207551        0.19825629        2.34000000        1.33455116
    35.79577976       51.03174487        0.82401039        0.19694521        2.34000000        1.33249088
    35.84457939       51.09644534        0.82594427        0.19563056        2.34000000        1.33043221
    35.89329461       51.16114582        0.82787714        0.19431233        2.34000000        1.32837514
    35.94192522       51.22584629        0.82980899        0.19299051        2.34000000        1.32631968
    35.99047102       51.29054676        0.83173981        0.19166508        2.34000000        1.32426583
    36.03893181       51.35524723        0.83366960        0.19033603        2.34000000        1.32221359
    36.08730738       51.41994770        0.83559834        0.18900335        2.34000000        1.32016295
    36.13559754       51.48464817        0.83752602        0.18766702        2.34000000        1.31811392
    36.18380207       51.54934864        0.83945264        0.18632702        2.34000000        1.31606649
    36.23192076       51.61404911        0.84137818        0.18498335        2.34000000        1.31402067
    36.27995340       51.67874959        0.84330263        0.18363599        2.34000000        1.31197645
    36.32789978       51.74345006        0.84522599        0.18228492        2.34000000        1.30993384
    36.37575967       51.80815053        0.84714824        0.18093013        2.34000000        1.30789283
    36.42353285       51.87285100        0.84906938        0.17957160        2.34000000        1.30585343
    36.47121911       51.93755147        0.85098939        0.17820933        2.34000000        1.30381563
    36.51881821       52.00225194        0.85290827        0.17684329        2.34000000        1.30177944
    36.56632994       52.06695241        0.85482601        0.17547348        2.34000000        1.29974485
    36.61375405       52.13165288        0.85674259        0.17409987        2.34000000        1.29771187
    36.66109033       52.19635336        0.85865800        0.17272246        2.34000000        1.29568049
    36.70833853       52.26105383        0.86057225        0.17134122        2.34000000        1.29365071
    36.75549841       52.32575430        0.86248531        0.16995614        2.34000000        1.29162254
    36.80256974       52.39045477        0.86439718        0.16856722        2.34000000        1.28959597
    36.84955227       52.45515524        0.86630784        0.16717442        2.34000000        1.28757101
    36.89644576       52.51985571        0.86821730        0.16577775        2.34000000        1.28554765
    36.94324996       52.58455618        0.87012553        0.16437718        2.34000000        1.28352589
    36.98996463       52.64925665        0.87203253        0.16297269        2.34000000        1.28150574
    37.03658951       52.71395713        0.87393829        0.16156428        2.34000000        1.27948720
    37.08312434       52.77865760        0.87584280        0.16015192        2.34000000        1.27747025
    37.12956886       52.84335807        0.87774605        0.15873560        2.34000000        1.27545491
    37.17592283       52.90805854        0.87964803        0.15731531        2.34000000        1.27344118
    37.22218597       52.97275901        0.88154873        0.15589103        2.34000000        1.27142905
    37.26835803       53.03745948        0.88344814        0.15446275        2.34000000        1.26941853
    37.31443872       53.10215995        0.88534625        0.15303044        2.34000000        1.26740961
    37.36042779       53.16686042        0.88724306        0.15159410        2.34000000        1.26540230
    37.40632496       53.23156090        0.88913854        0.15015371        2.34000000        1.26339660
    37.45212995       53.29626137        0.89103270        0.14870924        2.34000000        1.26139250
    37.49784249       53.36096184        0.89292552        0.14726069        2.34000000        1.25939000
    37.54346230       53.42566231        0.89481700        0.14580805        2.34000000        1.25738912
    37.58898909       53.49036278        0.89670711        0.14435128        2.34000000        1.25538984
    37.63442258       53.55506325        0.89859586        0.14289038        2.34000000        1.25339217
    37.67976248       53.61976372        0.90048324        0.14142534        2.34000000        1.25139610
    37.72500849       53.68446419        0.90236923        0.13995612        2.34000000        1.24940165
    37.77016033       53.74916467        0.90425382        0.13848273        2.34000000        1.24740880
    37.81521770       53.81386514        0.90613701        0.13700514        2.34000000        1.24541756
    37.86018029       53.87856561        0.90801879        0.13552333        2.34000000        1.24342793
    37.90504781       53.94326608        0.90989914        0.13403729        2.34000000        1.24143991
    37.94981995       54.00796655        0.91177806        0.13254700        2.34000000        1.23945351
    37.99449640       54.07266702        0.91365553        0.13105245        2.34000000        1.23746871
    38.03907686       54.13736749        0.91553155        0.12955362        2.34000000        1.23548553
    38.08356100       54.20206796        0.91740611        0.12805048        2.34000000        1.23350395
    38.12794852       54.26676844        0.91927920        0.12654303        2.34000000        1.23152399
    38.17223909       54.33146891        0.92115081        0.12503125        2.34000000        1.22954565
    38.21643240       54.39616938        0.92302092        0.12351512        2.34000000        1.22756892
    38.26052812       54.46086985        0.92488954        0.12199462        2.34000000        1.22559380
    38.30452592       54.52557032        0.92675664        0.12046974        2.34000000        1.22362030
    38.34842547       54.59027079        0.92862222        0.11894045        2.34000000        1.22164841
    38.39222644       54.65497126        0.93048628        0.11740674        2.34000000        1.21967814
    38.43592849       54.71967173        0.93234879        0.11586860        2.34000000        1.21770949
    38.47953129       54.78437221        0.93420976        0.11432600        2.34000000        1.21574245
    38.52303449       54.84907268        0.93606917        0.11277893        2.34000000        1.21377704
    38.56643774       54.91377315        0.93792701        0.11122737        2.34000000        1.21181324
    38.60974071       54.97847362        0.93978327        0.10967130        2.34000000        1.20985107
    38.65294304       55.04317409        0.94163795        0.10811071        2.34000000        1.20789051
    38.69604437       55.10787456        0.94349103        0.10654557        2.34000000        1.20593158
    38.73904435       55.17257503        0.94534250        0.10497587        2.34000000        1.20397427
    38.78194263       55.23727550        0.94719236        0.10340159        2.34000000        1.20201859
    38.82473882       55.30197598        0.94904060        0.10182271        2.34000000        1.20006453
    38.86743259       55.36667645        0.95088720        0.10023921        2.34000000        1.19811210
    38.91002354       55.43137692        0.95273215        0.09865108        2.34000000        1.19616129
    38.95251131       55.49607739        0.95457545        0.09705829        2.34000000        1.19421211
    38.99489553       55.56077786        0.95641709        0.09546083        2.34000000        1.19226456
    39.03717582       55.62547833        0.95825706        0.09385868        2.34000000        1.19031864
    39.07935179       55.69017880        0.96009534        0.09225182        2.34000000        1.18837435
    39.12142307       55.75487927        0.96193194        0.09064023        2.34000000        1.18643169
    39.16338926       55.81957975        0.96376683        0.08902390        2.34000000        1.18449066
    39.20524997       55.88428022        0.96560001        0.08740279        2.34000000        1.18255127
    39.24700481       55.94898069        0.96743147        0.08577690        2.34000000        1.18061351
    39.28865339       56.01368116        0.96926120        0.08414621        2.34000000        1.17867739
    39.33019530       56.07838163        0.97108920        0.08251069        2.34000000        1.17674291
    39.37163013       56.14308210        0.97291544        0.08087032        2.34000000        1.17481006
    39.41295748       56.20778257        0.97473993        0.07922510        2.34000000        1.17287886
    39.45417695       56.27248304        0.97656264        0.07757499        2.34000000        1.17094929
    39.49528811       56.33718352        0.97838359        0.07591997        2.34000000        1.16902137
    39.53629055       56.40188399        0.98020274        0.07426004        2.34000000        1.16709509
    39.57718385       56.46658446        0.98202010        0.07259516        2.34000000        1.16517045
    39.61796759       56.53128493        0.98383566        0.07092533        2.34000000        1.16324747
    39.65864133       56.59598540        0.98564940        0.06925051        2.34000000        1.16132612
    39.69920465       56.66068587        0.98746131        0.06757068        2.34000000        1.15940643
    39.73965711       56.72538634        0.98927139        0.06588584        2.34000000        1.15748839
    39.77999828       56.79008682        0.99107963        0.06419596        2.34000000        1.15557200
    39.82022771       56.85478729        0.99288602        0.06250101        2.34000000        1.15365726
    39.86034496       56.91948776        0.99469054        0.06080098        2.34000000        1.15174417
    39.90034959       56.98418823        0.99649320        0.05909584        2.34000000        1.14983274
    39.94024113       57.04888870        0.99829397        0.05738558        2.34000000        1.14792297
    39.98001913       57.11358917        1.00009285        0.05567018        2.34000000        1.14601486
    40.01968314       57.17828964        1.00188984        0.05394961        2.34000000        1.14410840
    40.05923269       57.24299011        1.00368491        0.05222386        2.34000000        1.14220361
    40.09866732       57.30769059        1.00547807        0.05049290        2.34000000        1.14030048
    40.13798655       57.37239106        1.00726930        0.04875671        2.34000000        1.13839902
    40.17718992       57.43709153        1.00905859        0.04701527        2.34000000        1.13649922
    40.21627694       57.50179200        1.01084594        0.04526856        2.34000000        1.13460109
    40.25524713       57.56649247        1.01263133        0.04351656        2.34000000        1.13270463
    40.29410001       57.63119294        1.01441475        0.04175924        2.34000000        1.13080984
    40.33283509       57.69589341        1.01619620        0.03999659        2.34000000        1.12891673
    40.37145187       57.76059388        1.01797567        0.03822859        2.34000000        1.12702528
    40.40994987       57.82529436        1.01975314        0.03645520        2.34000000        1.12513552
    40.44832858       57.88999483        1.02152862        0.03467642        2.34000000        1.12324743
    40.48658748       57.95469530        1.02330208        0.03289222        2.34000000        1.12136103
    40.52472609       58.01939577        1.02507352        0.03110257        2.34000000        1.11947630
    40.56274389       58.08409624        1.02684292        0.02930746        2.34000000        1.11759326
    40.60064034       58.14879671        1.02861029        0.02750685        2.34000000        1.11571191
    40.63841495       58.21349718        1.03037561        0.02570074        2.34000000        1.11383224
    40.67606719       58.27819765        1.03213887        0.02388910        2.34000000        1.11195426
    40.71359652       58.34289813        1.03390007        0.02207190        2.34000000        1.11007798
    40.75100241       58.40759860        1.03565918        0.02024913        2.34000000        1.10820338
    40.78828432       58.47229907        1.03741621        0.01842075        2.34000000        1.10633048
    40.82544173       58.53699954        1.03917115        0.01658676        2.34000000        1.10445928
    40.86247407       58.60170001        1.04092398        0.01474711        2.34000000        1.10258978
    40.89938081       58.66640048        1.04267470        0.01290180        2.34000000        1.10072198
    40.93616138       58.73110095        1.04442329        0.01105080        2.34000000        1.09885588
    40.97281523       58.79580142        1.04616975        0.00919409        2.34000000        1.09699149
    41.00934181       58.86050190        1.04791407        0.00733164        2.34000000        1.09512880
    41.04574053       58.92520237        1.04965624        0.00546343        2.34000000        1.09326783
    41.08201084       58.98990284        1.05139624        0.00358943        2.34000000        1.09140856
    41.11815215       59.05460331        1.05313408        0.00170963        2.34000000        1.08955101
    41.15416389       59.11930378        1.05486974       -0.00017601        2.34000000        1.08769518
    41.19004547       59.18400425        1.05660321       -0.00206750        2.34000000        1.08584107
    41.22579631       59.24870472        1.05833448       -0.00396486        2.34000000        1.08398867
    41.26141580       59.31340519        1.06006355       -0.00586813        2.34000000        1.08213800
    41.29690337       59.37810567        1.06179040       -0.00777732        2.34000000        1.08028906
    41.33225839       59.44280614        1.06351503       -0.00969247        2.34000000        1.07844184
    41.36748027       59.50750661        1.06523742       -0.01161358        2.34000000        1.07659635
    41.40256839       59.57220708        1.06695757       -0.01354070        2.34000000        1.07475259
    41.43752214       59.63690755        1.06867547       -0.01547384        2.34000000        1.07291057
    41.47234089       59.70160802        1.07039111       -0.01741302        2.34000000        1.07107029
    41.50702403       59.76630849        1.07210447       -0.01935827        2.34000000        1.06923175
    41.54157091       59.83100896        1.07381556       -0.02130963        2.34000000        1.06739495
    41.57598092       59.89570944        1.07552435       -0.02326710        2.34000000        1.06555989
    41.61025339       59.96040991        1.07723085       -0.02523071        2.34000000        1.06372658
    41.64438770       60.02511038        1.07893504       -0.02720050        2.34000000        1.06189502
    41.67838319       60.08981085        1.08063691       -0.02917648        2.34000000        1.06006522
    41.71223920       60.15451132        1.08233646       -0.03115868        2.34000000        1.05823717
    41.74595508       60.21921179        1.08403367       -0.03314713        2.34000000        1.05641088
    41.77953015       60.28391226        1.08572854       -0.03514184        2.34000000        1.05458634
    41.81296376       60.34861273        1.08742106       -0.03714285        2.34000000        1.05276357
    41.84625523       60.41331321        1.08911121       -0.03915019        2.34000000        1.05094257
    41.87940387       60.47801368        1.09079899       -0.04116386        2.34000000        1.04912334
    41.91240900       60.54271415        1.09248439       -0.04318392        2.34000000        1.04730588
    41.94526993       60.60741462        1.09416741       -0.04521036        2.34000000        1.04549019
    41.97798596       60.67211509        1.09584802       -0.04724324        2.34000000        1.04367628
    42.01055639       60.73681556        1.09752623       -0.04928256        2.34000000        1.04186415
    42.04298052       60.80151603        1.09920201       -0.05132835        2.34000000        1.04005380
    42.07525763       60.86621650        1.10087538       -0.05338065        2.34000000        1.03824524
    42.10738701       60.93091698        1.10254631       -0.05543948        2.34000000        1.03643847
    42.13936793       60.99561745        1.10421479       -0.05750486        2.34000000        1.03463349
    42.17119966       61.06031792        1.10588082       -0.05957682        2.34000000        1.03283030
    42.20288148       61.12501839        1.10754439       -0.06165538        2.34000000        1.03102891
    42.23441263       61.18971886        1.10920549       -0.06374058        2.34000000        1.02922933
    42.26579238       61.25441933        1.11086410       -0.06583244        2.34000000        1.02743155
    42.29701998       61.31911980        1.11252023       -0.06793098        2.34000000        1.02563557
    42.32809466       61.38382027        1.11417386       -0.07003624        2.34000000        1.02384141
    42.35901567       61.44852075        1.11582498       -0.07214824        2.34000000        1.02204906
    42.38978223       61.51322122        1.11747359       -0.07426700        2.34000000        1.02025853
    42.42039358       61.57792169        1.11911967       -0.07639256        2.34000000        1.01846981
    42.45084893       61.64262216        1.12076322       -0.07852494        2.34000000        1.01668293
    42.48114749       61.70732263        1.12240422       -0.08066417        2.34000000        1.01489786
    42.51128849       61.77202310        1.12404267       -0.08281027        2.34000000        1.01311463
    42.54127111       61.83672357        1.12567856       -0.08496327        2.34000000        1.01133324
    42.57109455       61.90142404        1.12731187       -0.08712321        2.34000000        1.00955368
    42.60075800       61.96612452        1.12894261       -0.08929010        2.34000000        1.00777596
    42.63026065       62.03082499        1.13057076       -0.09146398        2.34000000        1.00600008
    42.65960167       62.09552546        1.13219632       -0.09364487        2.34000000        1.00422605
    42.68878024       62.16022593        1.13381926       -0.09583281        2.34000000        1.00245388
    42.71779552       62.22492640        1.13543959       -0.09802781        2.34000000        1.00068355
    42.74664666       62.28962687        1.13705730       -0.10022991        2.34000000        0.99891509
    42.77533282       62.35432734        1.13867237       -0.10243913        2.34000000        0.99714849
    42.80385315       62.41902781        1.14028480       -0.10465551        2.34000000        0.99538375
    42.83220678       62.48372829        1.14189458       -0.10687906        2.34000000        0.99362088
    42.86039285       62.54842876        1.14350170       -0.10910983        2.34000000        0.99185989
    42.88841048       62.61312923        1.14510615       -0.11134783        2.34000000        0.99010077
    42.91625879       62.67782970        1.14670792       -0.11359311        2.34000000        0.98834354
    42.94393689       62.74253017        1.14830701       -0.11584567        2.34000000        0.98658819
    42.97144389       62.80723064        1.14990340       -0.11810556        2.34000000        0.98483472
    42.99877888       62.87193111        1.15149708       -0.12037280        2.34000000        0.98308315
    43.02594097       62.93663158        1.15308806       -0.12264742        2.34000000        0.98133348
    43.05292923       63.00133206        1.15467630       -0.12492945        2.34000000        0.97958570
    43.07974274       63.06603253        1.15626182       -0.12721892        2.34000000        0.97783983
    43.10638057       63.13073300        1.15784460       -0.12951585        2.34000000        0.97609587
    43.13284178       63.19543347        1.15942462       -0.13182028        2.34000000        0.97435382
    43.15912544       63.26013394        1.16100189       -0.13413224        2.34000000        0.97261369
    43.18523059       63.32483441        1.16257639       -0.13645175        2.34000000        0.97087548
    43.21115627       63.38953488        1.16414812       -0.13877884        2.34000000        0.96913919
    43.23690151       63.45423535        1.16571706       -0.14111355        2.34000000        0.96740483
    43.26246535       63.51893583        1.16728320       -0.14345590        2.34000000        0.96567241
    43.28784681       63.58363630        1.16884655       -0.14580592        2.34000000        0.96394192
    43.31304489       63.64833677        1.17040708       -0.14816364        2.34000000        0.96221338
    43.33805859       63.71303724        1.17196479       -0.15052909        2.34000000        0.96048678
    43.36288693       63.77773771        1.17351967       -0.15290230        2.34000000        0.95876213
    43.38752888       63.84243818        1.17507172       -0.15528330        2.34000000        0.95703944
    43.41198343       63.90713865        1.17662091       -0.15767212        2.34000000        0.95531870
    43.43624955       63.97183912        1.17816725       -0.16006878        2.34000000        0.95359994
    43.46032620       64.03653960        1.17971073       -0.16247333        2.34000000        0.95188314
    43.48421235       64.10124007        1.18125133       -0.16488578        2.34000000        0.95016831
    43.50790694       64.16594054        1.18278905       -0.16730617        2.34000000        0.94845546
    43.53140892       64.23064101        1.18432388       -0.16973453        2.34000000        0.94674460
    43.55471722       64.29534148        1.18585581       -0.17217089        2.34000000        0.94503572
    43.57783075       64.36004195        1.18738483       -0.17461527        2.34000000        0.94332883
    43.60074845       64.42474242        1.18891093       -0.17706771        2.34000000        0.94162394
    43.62346922       64.48944289        1.19043410       -0.17952824        2.34000000        0.93992106
    43.64599195       64.55414337        1.19195434       -0.18199689        2.34000000        0.93822018
    43.66831555       64.61884384        1.19347163       -0.18447368        2.34000000        0.93652131
    43.69043888       64.68354431        1.19498597       -0.18695866        2.34000000        0.93482445
    43.71236083       64.74824478        1.19649735       -0.18945184        2.34000000        0.93312962
    43.73408027       64.81294525        1.19800576       -0.19195325        2.34000000        0.93143682
    43.75559605       64.87764572        1.19951119       -0.19446294        2.34000000        0.92974605
    43.77690701       64.94234619        1.20101363       -0.19698092        2.34000000        0.92805731
    43.79801200       65.00704666        1.20251307       -0.19950724        2.34000000        0.92637062
    43.81890985       65.07174714        1.20400950       -0.20204191        2.34000000        0.92468597
    43.83959937       65.13644761        1.20550292       -0.20458497        2.34000000        0.92300338
    43.86007938       65.20114808        1.20699332       -0.20713645        2.34000000        0.92132284
    43.88034869       65.26584855        1.20848069       -0.20969638        2.34000000        0.91964437
    43.90040608       65.33054902        1.20996501       -0.21226479        2.34000000        0.91796796
    43.92025033       65.39524949        1.21144628       -0.21484171        2.34000000        0.91629363
    43.93988024       65.45994996        1.21292449       -0.21742717        2.34000000        0.91462138
    43.95929455       65.52465043        1.21439964       -0.22002120        2.34000000        0.91295121
    43.97849203       65.58935091        1.21587170       -0.22262383        2.34000000        0.91128313
    43.99747141       65.65405138        1.21734069       -0.22523509        2.34000000        0.90961715
    44.01623144       65.71875185        1.21880657       -0.22785501        2.34000000        0.90795327
    44.03477085       65.78345232        1.22026936       -0.23048363        2.34000000        0.90629150
    44.05308834       65.84815279        1.22172903       -0.23312096        2.34000000        0.90463184
    44.07118262       65.91285326        1.22318558       -0.23576705        2.34000000        0.90297430
    44.08905240       65.97755373        1.22463900       -0.23842192        2.34000000        0.90131888
    44.10669635       66.04225420        1.22608929       -0.24108560        2.34000000        0.89966559
    44.12411315       66.10695468        1.22753642       -0.24375812        2.34000000        0.89801444
    44.14130148       66.17165515        1.22898040       -0.24643951        2.34000000        0.89636543
    44.15825997       66.23635562        1.23042121       -0.24912981        2.34000000        0.89471857
    44.17498728       66.30105609        1.23185885       -0.25182903        2.34000000        0.89307386
    44.19148204       66.36575656        1.23329331       -0.25453722        2.34000000        0.89143132
    44.20774288       66.43045703        1.23472458       -0.25725439        2.34000000        0.88979094
    44.22376840       66.49515750        1.23615264       -0.25998059        2.34000000        0.88815273
    44.23955721       66.55985797        1.23757750       -0.26271584        2.34000000        0.88651670
    44.25510790       66.62455845        1.23899914       -0.26546017        2.34000000        0.88488285
    44.27041905       66.68925892        1.24041755       -0.26821361        2.34000000        0.88325120
    44.28548922       66.75395939        1.24183272       -0.27097618        2.34000000        0.88162174
    44.30031698       66.81865986        1.24324466       -0.27374793        2.34000000        0.87999449
    44.31490087       66.88336033        1.24465333       -0.27652887        2.34000000        0.87836945
    44.32923942       66.94806080        1.24605875       -0.27931903        2.34000000        0.87674663
    44.34333116       67.01276127        1.24746089       -0.28211845        2.34000000        0.87512603
    44.35717460       67.07746174        1.24885976       -0.28492716        2.34000000        0.87350766
    44.37076824       67.14216222        1.25025533       -0.28774518        2.34000000        0.87189152
    44.38411056       67.20686269        1.25164761       -0.29057254        2.34000000        0.87027763
    44.39720005       67.27156316        1.25303658       -0.29340927        2.34000000        0.86866599
    44.41003516       67.33626363        1.25442223       -0.29625540        2.34000000        0.86705661
    44.42261435       67.40096410        1.25580456       -0.29911096        2.34000000        0.86544949
    44.43493607       67.46566457        1.25718356       -0.30197597        2.34000000        0.86384464
    44.44699872       67.53036504        1.25855921       -0.30485046        2.34000000        0.86224207
    44.45880075       67.59506551        1.25993152       -0.30773446        2.34000000        0.86064179
    44.47034053       67.65976599        1.26130046       -0.31062801        2.34000000        0.85904379
    44.48161647       67.72446646        1.26266603       -0.31353111        2.34000000        0.85744810
    44.49262695       67.78916693        1.26402823       -0.31644382        2.34000000        0.85585471
    44.50337032       67.85386740        1.26538704       -0.31936614        2.34000000        0.85426364
    44.51384494       67.91856787        1.26674245       -0.32229811        2.34000000        0.85267488
    44.52404914       67.98326834        1.26809446       -0.32523975        2.34000000        0.85108846
    44.53398126       68.04796881        1.26944305       -0.32819109        2.34000000        0.84950437
    44.54363961       68.11266928        1.27078823       -0.33115216        2.34000000        0.84792262
    44.55302249       68.17736976        1.27212997       -0.33412298        2.34000000        0.84634322
    44.56212817       68.24207023        1.27346826       -0.33710359        2.34000000        0.84476618
    44.57095495       68.30677070        1.27480311       -0.34009399        2.34000000        0.84319151
    44.57950106       68.37147117        1.27613451       -0.34309423        2.34000000        0.84161921
    44.58776476       68.43617164        1.27746243       -0.34610432        2.34000000        0.84004929
    44.59574428       68.50087211        1.27878687       -0.34912429        2.34000000        0.83848176
    44.60343783       68.56557258        1.28010783       -0.35215416        2.34000000        0.83691662
    44.61084363       68.63027305        1.28142530       -0.35519396        2.34000000        0.83535389
    44.61795984       68.69497353        1.28273926       -0.35824372        2.34000000        0.83379357
    44.62478467       68.75967400        1.28404971       -0.36130345        2.34000000        0.83223567
    44.63131625       68.82437447        1.28535664       -0.36437318        2.34000000        0.83068020
    44.63755275       68.88907494        1.28666003       -0.36745294        2.34000000        0.82912717
    44.64349228       68.95377541        1.28795989       -0.37054274        2.34000000        0.82757658
    44.64913296       69.01847588        1.28925619       -0.37364261        2.34000000        0.82602845
    44.65447290       69.08317635        1.29054894       -0.37675256        2.34000000        0.82448277
    44.65951018       69.14787682        1.29183812       -0.37987263        2.34000000        0.82293957
    44.66424287       69.21257730        1.29312372       -0.38300284        2.34000000        0.82139884
    44.66866904       69.27727777        1.29440573       -0.38614320        2.34000000        0.81986060
    44.67278670       69.34197824        1.29568415       -0.38929373        2.34000000        0.81832485
    44.67659390       69.40667871        1.29695897       -0.39245445        2.34000000        0.81679161
    44.68008865       69.47137918        1.29823017       -0.39562540        2.34000000        0.81526088
    44.68326893       69.53607965        1.29949775       -0.39880657        2.34000000        0.81373267
    44.68613272       69.60078012        1.30076170       -0.40199800        2.34000000        0.81220699
    44.68867799       69.66548059        1.30202200       -0.40519970        2.34000000        0.81068384
    44.69090267       69.73018107        1.30327865       -0.40841169        2.34000000        0.80916325
    44.69280470       69.79488154        1.30453165       -0.41163399        2.34000000        0.80764521
    44.69438200       69.85958201        1.30578097       -0.41486661        2.34000000        0.80612973
    44.69563245       69.92428248        1.30702661       -0.41810957        2.34000000        0.80461683
    44.69655394       69.98898295        1.30826857       -0.42136288        2.34000000        0.80310652
    44.69714432       70.05368342        1.30950683       -0.42462657        2.34000000        0.80159879
    44.69740145       70.11838389        1.31074138       -0.42790065        2.34000000        0.80009367
