#  Theta paroi en deg Angle Choc en deg       Kp           Inverse Mach       Mach amont       Mach aval
     0.00000000       11.53695903        0.00000000        0.80000000        5.00000000
     1.14189012       11.53931292        0.00206513        0.79877783        5.00000000        4.99959754
     1.38327919       11.54260643        0.00283706        0.79832942        5.00000000        4.99903464
     1.64054804       11.54871880        0.00375541        0.79780170        5.00000000        4.99799066
     1.91775464       11.55952927        0.00484725        0.79718221        5.00000000        4.99614643
     2.20537393       11.57691706        0.00608530        0.79648983        5.00000000        4.99318596
     2.49821102       11.60276143        0.00745027        0.79573843        5.00000000        4.98879882
     2.79492755       11.63894161        0.00893654        0.79493398        5.00000000        4.98268326
     3.09616628       11.68733684        0.01054850        0.79407700        5.00000000        4.97454985
     3.40345903       11.74982636        0.01229744        0.79316459        5.00000000        4.96412539
     3.71870624       11.82828940        0.01419969        0.79219173        5.00000000        4.95115680
     3.98741270       11.90675244        0.01590664        0.79133515        5.00000000        4.93831827
     4.22593454       11.98521548        0.01748744        0.79055499        5.00000000        4.92560549
     4.44309550       12.06367852        0.01898019        0.78982927        5.00000000        4.91301432
     4.64424339       12.14214156        0.02040833        0.78914446        5.00000000        4.90054081
     4.83288434       12.22060460        0.02178741        0.78849158        5.00000000        4.88818116
     5.01145143       12.29906764        0.02312830        0.78786433        5.00000000        4.87593174
     5.18170764       12.37753068        0.02443894        0.78725810        5.00000000        4.86378904
     5.34497451       12.45599373        0.02572529        0.78666941        5.00000000        4.85174973
     5.50227019       12.53445677        0.02699197        0.78609555        5.00000000        4.83981057
     5.65439698       12.61291981        0.02824262        0.78553439        5.00000000        4.82796850
     5.80199926       12.69138285        0.02948016        0.78498419        5.00000000        4.81622053
     5.94560298       12.76984589        0.03070698        0.78444353        5.00000000        4.80456382
     6.08564348       12.84830893        0.03192506        0.78391123        5.00000000        4.79299564
     6.22248546       12.92677197        0.03313605        0.78338629        5.00000000        4.78151336
     6.35643777       13.00523501        0.03434133        0.78286787        5.00000000        4.77011444
     6.48776439       13.08369805        0.03554210        0.78235524        5.00000000        4.75879645
     6.61669297       13.16216109        0.03673938        0.78184778        5.00000000        4.74755707
     6.74342116       13.24062414        0.03793404        0.78134493        5.00000000        4.73639403
     6.86812191       13.31908718        0.03912686        0.78084621        5.00000000        4.72530519
     6.99094743       13.39755022        0.04031850        0.78035119        5.00000000        4.71428845
     7.11203240       13.47601326        0.04150956        0.77985951        5.00000000        4.70334181
     7.23149669       13.55447630        0.04270056        0.77937081        5.00000000        4.69246334
     7.34944749       13.63293934        0.04389196        0.77888481        5.00000000        4.68165120
     7.46598096       13.71140238        0.04508417        0.77840122        5.00000000        4.67090358
     7.58118388       13.78986542        0.04627756        0.77791980        5.00000000        4.66021877
     7.69513478       13.86832846        0.04747246        0.77744032        5.00000000        4.64959512
     7.80790498       13.94679150        0.04866917        0.77696259        5.00000000        4.63903101
     7.91955948       14.02525454        0.04986796        0.77648642        5.00000000        4.62852491
     8.03015766       14.10371759        0.05106907        0.77601163        5.00000000        4.61807535
     8.13975400       14.18218063        0.05227273        0.77553806        5.00000000        4.60768088
     8.24839856       14.26064367        0.05347913        0.77506558        5.00000000        4.59734012
     8.35613747       14.33910671        0.05468845        0.77459406        5.00000000        4.58705176
     8.46301339       14.41756975        0.05590086        0.77412335        5.00000000        4.57681450
     8.56906573       14.49603279        0.05711652        0.77365336        5.00000000        4.56662711
     8.67433116       14.57449583        0.05833556        0.77318398        5.00000000        4.55648840
     8.77884370       14.65295887        0.05955811        0.77271510        5.00000000        4.54639721
     8.88263508       14.73142191        0.06078429        0.77224663        5.00000000        4.53635243
     8.98573491       14.80988495        0.06201421        0.77177849        5.00000000        4.52635300
     9.08817088       14.88834800        0.06324796        0.77131059        5.00000000        4.51639788
     9.18996890       14.96681104        0.06448564        0.77084287        5.00000000        4.50648607
     9.29115330       15.04527408        0.06572733        0.77037524        5.00000000        4.49661660
     9.39174692       15.12373712        0.06697311        0.76990764        5.00000000        4.48678855
     9.49177127       15.20220016        0.06822306        0.76944001        5.00000000        4.47700103
     9.59124658       15.28066320        0.06947723        0.76897229        5.00000000        4.46725315
     9.69019195       15.35912624        0.07073569        0.76850441        5.00000000        4.45754409
     9.78862544       15.43758928        0.07199850        0.76803634        5.00000000        4.44787303
     9.88656412       15.51605232        0.07326571        0.76756801        5.00000000        4.43823920
     9.98402413       15.59451536        0.07453737        0.76709938        5.00000000        4.42864184
    10.08102079       15.67297841        0.07581352        0.76663040        5.00000000        4.41908022
    10.17756864       15.75144145        0.07709421        0.76616104        5.00000000        4.40955363
    10.27368148       15.82990449        0.07837947        0.76569124        5.00000000        4.40006140
    10.36937243       15.90836753        0.07966935        0.76522098        5.00000000        4.39060287
    10.46465400       15.98683057        0.08096387        0.76475021        5.00000000        4.38117740
    10.55953808       16.06529361        0.08226306        0.76427890        5.00000000        4.37178438
    10.65403602       16.14375665        0.08356696        0.76380701        5.00000000        4.36242321
    10.74815864       16.22221969        0.08487559        0.76333452        5.00000000        4.35309332
    10.84191630       16.30068273        0.08618898        0.76286139        5.00000000        4.34379416
    10.93531888       16.37914577        0.08750714        0.76238759        5.00000000        4.33452518
    11.02837583       16.45760881        0.08883010        0.76191310        5.00000000        4.32528588
    11.12109621       16.53607186        0.09015788        0.76143789        5.00000000        4.31607574
    11.21348870       16.61453490        0.09149049        0.76096192        5.00000000        4.30689428
    11.30556161       16.69299794        0.09282796        0.76048519        5.00000000        4.29774104
    11.39732291       16.77146098        0.09417029        0.76000767        5.00000000        4.28861556
    11.48878027       16.84992402        0.09551750        0.75952932        5.00000000        4.27951740
    11.57994105       16.92838706        0.09686961        0.75905014        5.00000000        4.27044613
    11.67081230       17.00685010        0.09822661        0.75857009        5.00000000        4.26140135
    11.76140084       17.08531314        0.09958853        0.75808917        5.00000000        4.25238266
    11.85171320       17.16377618        0.10095538        0.75760734        5.00000000        4.24338968
    11.94175570       17.24223922        0.10232715        0.75712460        5.00000000        4.23442203
    12.03153439       17.32070227        0.10370387        0.75664092        5.00000000        4.22547935
    12.12105512       17.39916531        0.10508552        0.75615629        5.00000000        4.21656129
    12.21032354       17.47762835        0.10647213        0.75567069        5.00000000        4.20766753
    12.29934510       17.55609139        0.10786370        0.75518410        5.00000000        4.19879772
    12.38812504       17.63455443        0.10926022        0.75469652        5.00000000        4.18995157
    12.47666844       17.71301747        0.11066171        0.75420792        5.00000000        4.18112875
    12.56498020       17.79148051        0.11206817        0.75371829        5.00000000        4.17232898
    12.65306506       17.86994355        0.11347959        0.75322761        5.00000000        4.16355197
    12.74092761       17.94840659        0.11489599        0.75273588        5.00000000        4.15479744
    12.82857228       18.02686963        0.11631735        0.75224308        5.00000000        4.14606513
    12.91600336       18.10533268        0.11774369        0.75174919        5.00000000        4.13735477
    13.00322501       18.18379572        0.11917500        0.75125422        5.00000000        4.12866612
    13.09024124       18.26225876        0.12061128        0.75075813        5.00000000        4.11999893
    13.17705597       18.34072180        0.12205254        0.75026093        5.00000000        4.11135296
    13.26367297       18.41918484        0.12349876        0.74976261        5.00000000        4.10272799
    13.35009591       18.49764788        0.12494995        0.74926314        5.00000000        4.09412379
    13.43632833       18.57611092        0.12640611        0.74876253        5.00000000        4.08554016
    13.52237369       18.65457396        0.12786723        0.74826075        5.00000000        4.07697688
    13.60823535       18.73303700        0.12933331        0.74775781        5.00000000        4.06843375
    13.69391655       18.81150004        0.13080435        0.74725369        5.00000000        4.05991059
    13.77942045       18.88996308        0.13228035        0.74674838        5.00000000        4.05140719
    13.86475011       18.96842613        0.13376129        0.74624188        5.00000000        4.04292339
    13.94990852       19.04688917        0.13524719        0.74573418        5.00000000        4.03445899
    14.03489859       19.12535221        0.13673802        0.74522526        5.00000000        4.02601384
    14.11972311       19.20381525        0.13823379        0.74471512        5.00000000        4.01758775
    14.20438486       19.28227829        0.13973449        0.74420376        5.00000000        4.00918059
    14.28888648       19.36074133        0.14124012        0.74369115        5.00000000        4.00079218
    14.37323057       19.43920437        0.14275067        0.74317731        5.00000000        3.99242237
    14.45741967       19.51766741        0.14426614        0.74266221        5.00000000        3.98407103
    14.54145623       19.59613045        0.14578651        0.74214586        5.00000000        3.97573800
    14.62534265       19.67459349        0.14731179        0.74162824        5.00000000        3.96742316
    14.70908126       19.75305654        0.14884197        0.74110935        5.00000000        3.95912636
    14.79267434       19.83151958        0.15037704        0.74058918        5.00000000        3.95084747
    14.87612412       19.90998262        0.15191699        0.74006773        5.00000000        3.94258638
    14.95943274       19.98844566        0.15346181        0.73954499        5.00000000        3.93434296
    15.04260233       20.06690870        0.15501151        0.73902095        5.00000000        3.92611709
    15.12563493       20.14537174        0.15656607        0.73849561        5.00000000        3.91790866
    15.20853254       20.22383478        0.15812548        0.73796897        5.00000000        3.90971756
    15.29129713       20.30229782        0.15968974        0.73744100        5.00000000        3.90154367
    15.37393062       20.38076086        0.16125884        0.73691172        5.00000000        3.89338689
    15.45643486       20.45922390        0.16283277        0.73638112        5.00000000        3.88524713
    15.53881166       20.53768695        0.16441152        0.73584918        5.00000000        3.87712428
    15.62106281       20.61614999        0.16599508        0.73531591        5.00000000        3.86901825
    15.70319005       20.69461303        0.16758345        0.73478130        5.00000000        3.86092894
    15.78519506       20.77307607        0.16917662        0.73424534        5.00000000        3.85285627
    15.86707951       20.85153911        0.17077458        0.73370803        5.00000000        3.84480015
    15.94884501       20.93000215        0.17237731        0.73316937        5.00000000        3.83676049
    16.03049315       21.00846519        0.17398482        0.73262935        5.00000000        3.82873720
    16.11202547       21.08692823        0.17559708        0.73208796        5.00000000        3.82073022
    16.19344347       21.16539127        0.17721410        0.73154521        5.00000000        3.81273945
    16.27474865       21.24385431        0.17883586        0.73100108        5.00000000        3.80476483
    16.35594245       21.32231735        0.18046235        0.73045557        5.00000000        3.79680628
    16.43702627       21.40078040        0.18209356        0.72990869        5.00000000        3.78886374
    16.51800151       21.47924344        0.18372949        0.72936041        5.00000000        3.78093712
    16.59886950       21.55770648        0.18537012        0.72881075        5.00000000        3.77302636
    16.67963159       21.63616952        0.18701544        0.72825969        5.00000000        3.76513139
    16.76028906       21.71463256        0.18866545        0.72770723        5.00000000        3.75725216
    16.84084318       21.79309560        0.19032012        0.72715337        5.00000000        3.74938860
    16.92129520       21.87155864        0.19197947        0.72659810        5.00000000        3.74154064
    17.00164632       21.95002168        0.19364346        0.72604142        5.00000000        3.73370824
    17.08189774       22.02848472        0.19531210        0.72548333        5.00000000        3.72589132
    17.16205063       22.10694776        0.19698536        0.72492382        5.00000000        3.71808984
    17.24210612       22.18541081        0.19866325        0.72436289        5.00000000        3.71030374
    17.32206533       22.26387385        0.20034574        0.72380053        5.00000000        3.70253296
    17.40192936       22.34233689        0.20203284        0.72323674        5.00000000        3.69477746
    17.48169928       22.42079993        0.20372452        0.72267152        5.00000000        3.68703717
    17.56137615       22.49926297        0.20542078        0.72210487        5.00000000        3.67931207
    17.64096099       22.57772601        0.20712161        0.72153677        5.00000000        3.67160208
    17.72045481       22.65618905        0.20882699        0.72096724        5.00000000        3.66390718
    17.79985860       22.73465209        0.21053691        0.72039625        5.00000000        3.65622730
    17.87917333       22.81311513        0.21225137        0.71982381        5.00000000        3.64856241
    17.95839996       22.89157817        0.21397035        0.71924992        5.00000000        3.64091246
    18.03753942       22.97004122        0.21569383        0.71867458        5.00000000        3.63327741
    18.11659261       23.04850426        0.21742181        0.71809777        5.00000000        3.62565722
    18.19556044       23.12696730        0.21915428        0.71751950        5.00000000        3.61805184
    18.27444379       23.20543034        0.22089123        0.71693976        5.00000000        3.61046123
    18.35324352       23.28389338        0.22263264        0.71635856        5.00000000        3.60288536
    18.43196048       23.36235642        0.22437849        0.71577587        5.00000000        3.59532419
    18.51059549       23.44081946        0.22612879        0.71519172        5.00000000        3.58777767
    18.58914937       23.51928250        0.22788351        0.71460608        5.00000000        3.58024578
    18.66762292       23.59774554        0.22964265        0.71401896        5.00000000        3.57272847
    18.74601693       23.67620858        0.23140619        0.71343035        5.00000000        3.56522570
    18.82433216       23.75467162        0.23317413        0.71284025        5.00000000        3.55773745
    18.90256937       23.83313467        0.23494644        0.71224866        5.00000000        3.55026368
    18.98072929       23.91159771        0.23672312        0.71165558        5.00000000        3.54280436
    19.05881266       23.99006075        0.23850415        0.71106099        5.00000000        3.53535944
    19.13682020       24.06852379        0.24028952        0.71046490        5.00000000        3.52792891
    19.21475259       24.14698683        0.24207923        0.70986731        5.00000000        3.52051272
    19.29261053       24.22544987        0.24387325        0.70926821        5.00000000        3.51311084
    19.37039471       24.30391291        0.24567157        0.70866760        5.00000000        3.50572325
    19.44810576       24.38237595        0.24747419        0.70806547        5.00000000        3.49834992
    19.52574436       24.46083899        0.24928108        0.70746182        5.00000000        3.49099080
    19.60331113       24.53930203        0.25109224        0.70685666        5.00000000        3.48364588
    19.68080671       24.61776508        0.25290766        0.70624997        5.00000000        3.47631512
    19.75823172       24.69622812        0.25472732        0.70564175        5.00000000        3.46899850
    19.83558676       24.77469116        0.25655120        0.70503200        5.00000000        3.46169598
    19.91287243       24.85315420        0.25837930        0.70442072        5.00000000        3.45440754
    19.99008930       24.93161724        0.26021160        0.70380791        5.00000000        3.44713315
    20.06723795       25.01008028        0.26204809        0.70319355        5.00000000        3.43987278
    20.14431896       25.08854332        0.26388876        0.70257765        5.00000000        3.43262641
    20.22133286       25.16700636        0.26573359        0.70196021        5.00000000        3.42539400
    20.29828021       25.24546940        0.26758257        0.70134121        5.00000000        3.41817554
    20.37516154       25.32393244        0.26943569        0.70072067        5.00000000        3.41097099
    20.45197738       25.40239549        0.27129293        0.70009857        5.00000000        3.40378033
    20.52872824       25.48085853        0.27315428        0.69947491        5.00000000        3.39660353
    20.60541462       25.55932157        0.27501973        0.69884969        5.00000000        3.38944057
    20.68203704       25.63778461        0.27688926        0.69822290        5.00000000        3.38229143
    20.75859597       25.71624765        0.27876286        0.69759455        5.00000000        3.37515607
    20.83509190       25.79471069        0.28064052        0.69696463        5.00000000        3.36803447
    20.91152530       25.87317373        0.28252222        0.69633313        5.00000000        3.36092660
    20.98789663       25.95163677        0.28440795        0.69570006        5.00000000        3.35383245
    21.06420636       26.03009981        0.28629770        0.69506540        5.00000000        3.34675199
    21.14045493       26.10856285        0.28819145        0.69442917        5.00000000        3.33968519
    21.21664278       26.18702589        0.29008919        0.69379134        5.00000000        3.33263203
    21.29277035       26.26548894        0.29199090        0.69315193        5.00000000        3.32559248
    21.36883805       26.34395198        0.29389657        0.69251092        5.00000000        3.31856653
    21.44484632       26.42241502        0.29580619        0.69186832        5.00000000        3.31155414
    21.52079556       26.50087806        0.29771975        0.69122411        5.00000000        3.30455529
    21.59668618       26.57934110        0.29963723        0.69057830        5.00000000        3.29756997
    21.67251857       26.65780414        0.30155861        0.68993089        5.00000000        3.29059814
    21.74829312       26.73626718        0.30348388        0.68928187        5.00000000        3.28363979
    21.82401023       26.81473022        0.30541303        0.68863123        5.00000000        3.27669488
    21.89967026       26.89319326        0.30734604        0.68797898        5.00000000        3.26976340
    21.97527359       26.97165630        0.30928291        0.68732511        5.00000000        3.26284533
    22.05082058       27.05011935        0.31122361        0.68666961        5.00000000        3.25594064
    22.12631159       27.12858239        0.31316813        0.68601249        5.00000000        3.24904930
    22.20174697       27.20704543        0.31511646        0.68535374        5.00000000        3.24217130
    22.27712708       27.28550847        0.31706858        0.68469336        5.00000000        3.23530661
    22.35245224       27.36397151        0.31902448        0.68403134        5.00000000        3.22845520
    22.42772280       27.44243455        0.32098415        0.68336768        5.00000000        3.22161707
    22.50293908       27.52089759        0.32294756        0.68270237        5.00000000        3.21479217
    22.57810141       27.59936063        0.32491471        0.68203542        5.00000000        3.20798050
    22.65321011       27.67782367        0.32688559        0.68136682        5.00000000        3.20118202
    22.72826548       27.75628671        0.32886017        0.68069656        5.00000000        3.19439672
    22.80326784       27.83474976        0.33083844        0.68002464        5.00000000        3.18762457
    22.87821748       27.91321280        0.33282039        0.67935107        5.00000000        3.18086555
    22.95311471       27.99167584        0.33480600        0.67867583        5.00000000        3.17411964
    23.02795981       28.07013888        0.33679527        0.67799892        5.00000000        3.16738681
    23.10275307       28.14860192        0.33878817        0.67732033        5.00000000        3.16066704
    23.17749477       28.22706496        0.34078468        0.67664008        5.00000000        3.15396031
    23.25218519       28.30552800        0.34278481        0.67595814        5.00000000        3.14726659
    23.32682460       28.38399104        0.34478852        0.67527452        5.00000000        3.14058587
    23.40141327       28.46245408        0.34679581        0.67458921        5.00000000        3.13391811
    23.47595145       28.54091712        0.34880666        0.67390221        5.00000000        3.12726331
    23.55043942       28.61938016        0.35082105        0.67321351        5.00000000        3.12062143
    23.62487742       28.69784321        0.35283898        0.67252312        5.00000000        3.11399245
    23.69926570       28.77630625        0.35486042        0.67183102        5.00000000        3.10737635
    23.77360450       28.85476929        0.35688536        0.67113722        5.00000000        3.10077310
    23.84789407       28.93323233        0.35891379        0.67044171        5.00000000        3.09418269
    23.92213464       29.01169537        0.36094570        0.66974448        5.00000000        3.08760509
    23.99632644       29.09015841        0.36298106        0.66904553        5.00000000        3.08104028
    24.07046970       29.16862145        0.36501986        0.66834487        5.00000000        3.07448823
    24.14456465       29.24708449        0.36706208        0.66764247        5.00000000        3.06794892
    24.21861149       29.32554753        0.36910772        0.66693835        5.00000000        3.06142234
    24.29261047       29.40401057        0.37115676        0.66623249        5.00000000        3.05490844
    24.36656176       29.48247362        0.37320917        0.66552489        5.00000000        3.04840722
    24.44046561       29.56093666        0.37526495        0.66481555        5.00000000        3.04191865
    24.51432219       29.63939970        0.37732408        0.66410446        5.00000000        3.03544270
    24.58813172       29.71786274        0.37938655        0.66339163        5.00000000        3.02897936
    24.66189439       29.79632578        0.38145234        0.66267703        5.00000000        3.02252860
    24.73561039       29.87478882        0.38352143        0.66196068        5.00000000        3.01609039
    24.80927991       29.95325186        0.38559382        0.66124256        5.00000000        3.00966472
    24.88290315       30.03171490        0.38766947        0.66052268        5.00000000        3.00325156
    24.95648028       30.11017794        0.38974839        0.65980102        5.00000000        2.99685088
    25.03001148       30.18864098        0.39183055        0.65907759        5.00000000        2.99046267
    25.10349693       30.26710403        0.39391594        0.65835237        5.00000000        2.98408689
    25.17693680       30.34556707        0.39600454        0.65762537        5.00000000        2.97772353
    25.25033125       30.42403011        0.39809633        0.65689658        5.00000000        2.97137257
    25.32368046       30.50249315        0.40019131        0.65616600        5.00000000        2.96503397
    25.39698458       30.58095619        0.40228946        0.65543361        5.00000000        2.95870771
    25.47024379       30.65941923        0.40439075        0.65469943        5.00000000        2.95239378
    25.54345822       30.73788227        0.40649519        0.65396343        5.00000000        2.94609215
    25.61662804       30.81634531        0.40860274        0.65322562        5.00000000        2.93980279
    25.68975340       30.89480835        0.41071339        0.65248599        5.00000000        2.93352567
    25.76283444       30.97327139        0.41282713        0.65174454        5.00000000        2.92726079
    25.83587130       31.05173443        0.41494395        0.65100127        5.00000000        2.92100810
    25.90886414       31.13019748        0.41706382        0.65025616        5.00000000        2.91476760
    25.98181307       31.20866052        0.41918673        0.64950922        5.00000000        2.90853925
    26.05471826       31.28712356        0.42131266        0.64876043        5.00000000        2.90232302
    26.12757981       31.36558660        0.42344161        0.64800980        5.00000000        2.89611891
    26.20039787       31.44404964        0.42557355        0.64725731        5.00000000        2.88992687
    26.27317256       31.52251268        0.42770847        0.64650297        5.00000000        2.88374689
    26.34590400       31.60097572        0.42984635        0.64574677        5.00000000        2.87757895
    26.41859232       31.67943876        0.43198717        0.64498870        5.00000000        2.87142301
    26.49123763       31.75790180        0.43413092        0.64422877        5.00000000        2.86527906
    26.56384005       31.83636484        0.43627759        0.64346695        5.00000000        2.85914706
    26.63639970       31.91482789        0.43842716        0.64270326        5.00000000        2.85302701
    26.70891668       31.99329093        0.44057961        0.64193767        5.00000000        2.84691886
    26.78139110       32.07175397        0.44273492        0.64117020        5.00000000        2.84082260
    26.85382308       32.15021701        0.44489308        0.64040083        5.00000000        2.83473820
    26.92621270       32.22868005        0.44705408        0.63962955        5.00000000        2.82866564
    26.99856007       32.30714309        0.44921790        0.63885637        5.00000000        2.82260489
    27.07086530       32.38560613        0.45138452        0.63808128        5.00000000        2.81655592
    27.14312847       32.46406917        0.45355392        0.63730426        5.00000000        2.81051872
    27.21534968       32.54253221        0.45572609        0.63652533        5.00000000        2.80449326
    27.28752902       32.62099525        0.45790101        0.63574446        5.00000000        2.79847951
    27.35966657       32.69945830        0.46007868        0.63496166        5.00000000        2.79247745
    27.43176244       32.77792134        0.46225906        0.63417692        5.00000000        2.78648705
    27.50381669       32.85638438        0.46444215        0.63339023        5.00000000        2.78050830
    27.57582940       32.93484742        0.46662792        0.63260160        5.00000000        2.77454115
    27.64780068       33.01331046        0.46881637        0.63181100        5.00000000        2.76858559
    27.71973057       33.09177350        0.47100747        0.63101844        5.00000000        2.76264160
    27.79161917       33.17023654        0.47320121        0.63022391        5.00000000        2.75670914
    27.86346654       33.24869958        0.47539758        0.62942741        5.00000000        2.75078820
    27.93527275       33.32716262        0.47759655        0.62862893        5.00000000        2.74487875
    28.00703788       33.40562566        0.47979811        0.62782846        5.00000000        2.73898076
    28.07876198       33.48408870        0.48200225        0.62702601        5.00000000        2.73309420
    28.15044512       33.56255175        0.48420894        0.62622155        5.00000000        2.72721906
    28.22208737       33.64101479        0.48641817        0.62541509        5.00000000        2.72135531
    28.29368878       33.71947783        0.48862993        0.62460662        5.00000000        2.71550292
    28.36524941       33.79794087        0.49084419        0.62379613        5.00000000        2.70966186
    28.43676932       33.87640391        0.49306095        0.62298362        5.00000000        2.70383211
    28.50824856       33.95486695        0.49528018        0.62216908        5.00000000        2.69801365
    28.57968718       34.03332999        0.49750187        0.62135251        5.00000000        2.69220646
    28.65108523       34.11179303        0.49972600        0.62053390        5.00000000        2.68641049
    28.72244275       34.19025607        0.50195255        0.61971323        5.00000000        2.68062574
    28.79375980       34.26871911        0.50418152        0.61889052        5.00000000        2.67485216
    28.86503642       34.34718216        0.50641287        0.61806575        5.00000000        2.66908975
    28.93627264       34.42564520        0.50864660        0.61723891        5.00000000        2.66333847
    29.00746852       34.50410824        0.51088269        0.61640999        5.00000000        2.65759830
    29.07862407       34.58257128        0.51312112        0.61557900        5.00000000        2.65186920
    29.14973935       34.66103432        0.51536187        0.61474592        5.00000000        2.64615117
    29.22081439       34.73949736        0.51760493        0.61391075        5.00000000        2.64044416
    29.29184920       34.81796040        0.51985029        0.61307349        5.00000000        2.63474816
    29.36284384       34.89642344        0.52209792        0.61223411        5.00000000        2.62906314
    29.43379832       34.97488648        0.52434780        0.61139262        5.00000000        2.62338907
    29.50471268       35.05334952        0.52659993        0.61054901        5.00000000        2.61772593
    29.57558693       35.13181257        0.52885428        0.60970328        5.00000000        2.61207370
    29.64642109       35.21027561        0.53111084        0.60885541        5.00000000        2.60643233
    29.71721520       35.28873865        0.53336959        0.60800541        5.00000000        2.60080182
    29.78796927       35.36720169        0.53563051        0.60715325        5.00000000        2.59518214
    29.85868331       35.44566473        0.53789359        0.60629895        5.00000000        2.58957325
    29.92935735       35.52412777        0.54015881        0.60544248        5.00000000        2.58397514
    29.99999139       35.60259081        0.54242615        0.60458384        5.00000000        2.57838777
    30.07058545       35.68105385        0.54469560        0.60372303        5.00000000        2.57281113
    30.14113953       35.75951689        0.54696713        0.60286003        5.00000000        2.56724518
    30.21165365       35.83797993        0.54924074        0.60199485        5.00000000        2.56168990
    30.28212782       35.91644297        0.55151640        0.60112746        5.00000000        2.55614527
    30.35256203       35.99490602        0.55379410        0.60025787        5.00000000        2.55061126
    30.42295630       36.07336906        0.55607382        0.59938607        5.00000000        2.54508784
    30.49331062       36.15183210        0.55835555        0.59851205        5.00000000        2.53957498
    30.56362499       36.23029514        0.56063926        0.59763581        5.00000000        2.53407267
    30.63389941       36.30875818        0.56292494        0.59675733        5.00000000        2.52858087
    30.70413389       36.38722122        0.56521257        0.59587660        5.00000000        2.52309957
    30.77432841       36.46568426        0.56750214        0.59499363        5.00000000        2.51762873
    30.84448296       36.54414730        0.56979363        0.59410839        5.00000000        2.51216832
    30.91459755       36.62261034        0.57208702        0.59322089        5.00000000        2.50671833
    30.98467215       36.70107338        0.57438229        0.59233112        5.00000000        2.50127872
    31.05470676       36.77953643        0.57667943        0.59143907        5.00000000        2.49584948
    31.12470137       36.85799947        0.57897841        0.59054473        5.00000000        2.49043057
    31.19465596       36.93646251        0.58127923        0.58964809        5.00000000        2.48502197
    31.26457051       37.01492555        0.58358187        0.58874914        5.00000000        2.47962365
    31.33444500       37.09338859        0.58588630        0.58784788        5.00000000        2.47423560
    31.40427943       37.17185163        0.58819252        0.58694430        5.00000000        2.46885777
    31.47407375       37.25031467        0.59050049        0.58603838        5.00000000        2.46349015
    31.54382796       37.32877771        0.59281021        0.58513013        5.00000000        2.45813271
    31.61354203       37.40724075        0.59512167        0.58421954        5.00000000        2.45278542
    31.68321593       37.48570379        0.59743483        0.58330658        5.00000000        2.44744827
    31.75284963       37.56416684        0.59974969        0.58239127        5.00000000        2.44212122
    31.82244311       37.64262988        0.60206622        0.58147358        5.00000000        2.43680424
    31.89199634       37.72109292        0.60438441        0.58055351        5.00000000        2.43149732
    31.96150927       37.79955596        0.60670425        0.57963105        5.00000000        2.42620042
    32.03098189       37.87801900        0.60902571        0.57870619        5.00000000        2.42091353
    32.10041415       37.95648204        0.61134878        0.57777893        5.00000000        2.41563661
    32.16980602       38.03494508        0.61367343        0.57684925        5.00000000        2.41036964
    32.23915746       38.11340812        0.61599966        0.57591714        5.00000000        2.40511259
    32.30846843       38.19187116        0.61832745        0.57498261        5.00000000        2.39986544
    32.37773889       38.27033420        0.62065677        0.57404563        5.00000000        2.39462816
    32.44696878       38.34879724        0.62298761        0.57310619        5.00000000        2.38940074
    32.51615808       38.42726029        0.62531996        0.57216430        5.00000000        2.38418313
    32.58530674       38.50572333        0.62765379        0.57121994        5.00000000        2.37897532
    32.65441471       38.58418637        0.62998909        0.57027310        5.00000000        2.37377728
    32.72348193       38.66264941        0.63232583        0.56932376        5.00000000        2.36858898
    32.79250836       38.74111245        0.63466402        0.56837194        5.00000000        2.36341040
    32.86149394       38.81957549        0.63700361        0.56741760        5.00000000        2.35824152
    32.93043863       38.89803853        0.63934461        0.56646075        5.00000000        2.35308231
    32.99934237       38.97650157        0.64168698        0.56550137        5.00000000        2.34793274
    33.06820509       39.05496461        0.64403072        0.56453945        5.00000000        2.34279279
    33.13702676       39.13342765        0.64637580        0.56357499        5.00000000        2.33766243
    33.20580729       39.21189070        0.64872221        0.56260798        5.00000000        2.33254164
    33.27454664       39.29035374        0.65106993        0.56163840        5.00000000        2.32743039
    33.34324473       39.36881678        0.65341894        0.56066624        5.00000000        2.32232866
    33.41190152       39.44727982        0.65576922        0.55969150        5.00000000        2.31723642
    33.48051692       39.52574286        0.65812077        0.55871416        5.00000000        2.31215365
    33.54909088       39.60420590        0.66047355        0.55773422        5.00000000        2.30708032
    33.61762332       39.68266894        0.66282755        0.55675166        5.00000000        2.30201640
    33.68611418       39.76113198        0.66518276        0.55576648        5.00000000        2.29696188
    33.75456338       39.83959502        0.66753916        0.55477866        5.00000000        2.29191672
    33.82297086       39.91805806        0.66989672        0.55378819        5.00000000        2.28688090
    33.89133653       39.99652111        0.67225544        0.55279507        5.00000000        2.28185440
    33.95966032       40.07498415        0.67461528        0.55179928        5.00000000        2.27683719
    34.02794216       40.15344719        0.67697625        0.55080082        5.00000000        2.27182925
    34.09618196       40.23191023        0.67933831        0.54979966        5.00000000        2.26683054
    34.16437964       40.31037327        0.68170145        0.54879581        5.00000000        2.26184106
    34.23253513       40.38883631        0.68406566        0.54778924        5.00000000        2.25686076
    34.30064834       40.46729935        0.68643091        0.54677996        5.00000000        2.25188963
    34.36871918       40.54576239        0.68879718        0.54576794        5.00000000        2.24692765
    34.43674757       40.62422543        0.69116447        0.54475318        5.00000000        2.24197478
    34.50473342       40.70268847        0.69353275        0.54373567        5.00000000        2.23703100
    34.57267664       40.78115151        0.69590200        0.54271539        5.00000000        2.23209629
    34.64057714       40.85961456        0.69827221        0.54169234        5.00000000        2.22717063
    34.70843483       40.93807760        0.70064336        0.54066650        5.00000000        2.22225398
    34.77624961       41.01654064        0.70301542        0.53963786        5.00000000        2.21734633
    34.84402139       41.09500368        0.70538839        0.53860641        5.00000000        2.21244765
    34.91175008       41.17346672        0.70776225        0.53757213        5.00000000        2.20755791
    34.97943556       41.25192976        0.71013697        0.53653503        5.00000000        2.20267709
    35.04707775       41.33039280        0.71251254        0.53549508        5.00000000        2.19780517
    35.11467654       41.40885584        0.71488894        0.53445227        5.00000000        2.19294212
    35.18223184       41.48731888        0.71726616        0.53340659        5.00000000        2.18808792
    35.24974352       41.56578192        0.71964417        0.53235804        5.00000000        2.18324254
    35.31721150       41.64424497        0.72202296        0.53130659        5.00000000        2.17840596
    35.38463566       41.72270801        0.72440251        0.53025223        5.00000000        2.17357816
    35.45201589       41.80117105        0.72678281        0.52919496        5.00000000        2.16875910
    35.51935208       41.87963409        0.72916382        0.52813476        5.00000000        2.16394878
    35.58664413       41.95809713        0.73154555        0.52707162        5.00000000        2.15914715
    35.65389191       42.03656017        0.73392796        0.52600552        5.00000000        2.15435421
    35.72109531       42.11502321        0.73631104        0.52493646        5.00000000        2.14956992
    35.78825421       42.19348625        0.73869478        0.52386442        5.00000000        2.14479426
    35.85536851       42.27194929        0.74107915        0.52278939        5.00000000        2.14002721
    35.92243807       42.35041233        0.74346414        0.52171135        5.00000000        2.13526874
    35.98946278       42.42887538        0.74584973        0.52063030        5.00000000        2.13051883
    36.05644251       42.50733842        0.74823590        0.51954621        5.00000000        2.12577745
    36.12337714       42.58580146        0.75062263        0.51845909        5.00000000        2.12104459
    36.19026654       42.66426450        0.75300991        0.51736890        5.00000000        2.11632021
    36.25711059       42.74272754        0.75539772        0.51627565        5.00000000        2.11160430
    36.32390915       42.82119058        0.75778603        0.51517931        5.00000000        2.10689683
    36.39066209       42.89965362        0.76017484        0.51407988        5.00000000        2.10219778
    36.45736930       42.97811666        0.76256412        0.51297734        5.00000000        2.09750713
    36.52403062       43.05657970        0.76495386        0.51187168        5.00000000        2.09282484
    36.59064593       43.13504274        0.76734403        0.51076288        5.00000000        2.08815090
    36.65721508       43.21350578        0.76973463        0.50965093        5.00000000        2.08348529
    36.72373794       43.29196883        0.77212563        0.50853581        5.00000000        2.07882797
    36.79021436       43.37043187        0.77451701        0.50741752        5.00000000        2.07417894
    36.85664422       43.44889491        0.77690876        0.50629604        5.00000000        2.06953816
    36.92302735       43.52735795        0.77930085        0.50517135        5.00000000        2.06490561
    36.98936363       43.60582099        0.78169328        0.50404344        5.00000000        2.06028126
    37.05565289       43.68428403        0.78408602        0.50291229        5.00000000        2.05566511
    37.12189499       43.76274707        0.78647905        0.50177790        5.00000000        2.05105711
    37.18808979       43.84121011        0.78887236        0.50064024        5.00000000        2.04645726
    37.25423713       43.91967315        0.79126593        0.49949930        5.00000000        2.04186552
    37.32033685       43.99813619        0.79365974        0.49835507        5.00000000        2.03728188
    37.38638880       44.07659924        0.79605377        0.49720754        5.00000000        2.03270630
    37.45239283       44.15506228        0.79844801        0.49605668        5.00000000        2.02813878
    37.51834878       44.23352532        0.80084243        0.49490248        5.00000000        2.02357928
    37.58425648       44.31198836        0.80323702        0.49374493        5.00000000        2.01902779
    37.65011577       44.39045140        0.80563176        0.49258402        5.00000000        2.01448427
    37.71592650       44.46891444        0.80802663        0.49141972        5.00000000        2.00994872
    37.78168849       44.54737748        0.81042162        0.49025202        5.00000000        2.00542110
    37.84740158       44.62584052        0.81281671        0.48908091        5.00000000        2.00090139
    37.91306559       44.70430356        0.81521187        0.48790637        5.00000000        1.99638958
    37.97868037       44.78276660        0.81760709        0.48672839        5.00000000        1.99188563
    38.04424573       44.86122965        0.82000236        0.48554694        5.00000000        1.98738953
    38.10976151       44.93969269        0.82239765        0.48436202        5.00000000        1.98290126
    38.17522752       45.01815573        0.82479295        0.48317361        5.00000000        1.97842079
    38.24064359       45.09661877        0.82718824        0.48198168        5.00000000        1.97394810
    38.30600954       45.17508181        0.82958349        0.48078623        5.00000000        1.96948316
    38.37132519       45.25354485        0.83197871        0.47958724        5.00000000        1.96502597
    38.43659036       45.33200789        0.83437385        0.47838469        5.00000000        1.96057649
    38.50180486       45.41047093        0.83676891        0.47717857        5.00000000        1.95613470
    38.56696849       45.48893397        0.83916387        0.47596886        5.00000000        1.95170058
    38.63208109       45.56739701        0.84155871        0.47475553        5.00000000        1.94727412
    38.69714245       45.64586005        0.84395342        0.47353859        5.00000000        1.94285528
    38.76215239       45.72432310        0.84634796        0.47231800        5.00000000        1.93844405
    38.82711070       45.80278614        0.84874234        0.47109375        5.00000000        1.93404040
    38.89201720       45.88124918        0.85113652        0.46986582        5.00000000        1.92964431
    38.95687168       45.95971222        0.85353050        0.46863421        5.00000000        1.92525577
    39.02167395       46.03817526        0.85592424        0.46739888        5.00000000        1.92087475
    39.08642381       46.11663830        0.85831775        0.46615982        5.00000000        1.91650123
    39.15112104       46.19510134        0.86071099        0.46491701        5.00000000        1.91213519
    39.21576545       46.27356438        0.86310394        0.46367044        5.00000000        1.90777660
    39.28035683       46.35202742        0.86549660        0.46242009        5.00000000        1.90342545
    39.34489497       46.43049046        0.86788894        0.46116594        5.00000000        1.89908172
    39.40937965       46.50895351        0.87028095        0.45990797        5.00000000        1.89474538
    39.47381067       46.58741655        0.87267260        0.45864616        5.00000000        1.89041641
    39.53818780       46.66587959        0.87506388        0.45738049        5.00000000        1.88609480
    39.60251084       46.74434263        0.87745478        0.45611095        5.00000000        1.88178051
    39.66677956       46.82280567        0.87984526        0.45483752        5.00000000        1.87747354
    39.73099374       46.90126871        0.88223532        0.45356018        5.00000000        1.87317386
    39.79515316       46.97973175        0.88462494        0.45227890        5.00000000        1.86888144
    39.85925759       47.05819479        0.88701410        0.45099368        5.00000000        1.86459628
    39.92330681       47.13665783        0.88940277        0.44970448        5.00000000        1.86031834
    39.98730058       47.21512087        0.89179096        0.44841130        5.00000000        1.85604762
    40.05123868       47.29358392        0.89417862        0.44711410        5.00000000        1.85178408
    40.11512086       47.37204696        0.89656575        0.44581288        5.00000000        1.84752770
    40.17894690       47.45051000        0.89895234        0.44450762        5.00000000        1.84327848
    40.24271655       47.52897304        0.90133835        0.44319828        5.00000000        1.83903638
    40.30642958       47.60743608        0.90372378        0.44188486        5.00000000        1.83480139
    40.37008574       47.68589912        0.90610860        0.44056732        5.00000000        1.83057348
    40.43368479       47.76436216        0.90849280        0.43924566        5.00000000        1.82635264
    40.49722649       47.84282520        0.91087636        0.43791985        5.00000000        1.82213885
    40.56071057       47.92128824        0.91325926        0.43658987        5.00000000        1.81793209
    40.62413680       47.99975128        0.91564149        0.43525570        5.00000000        1.81373233
    40.68750491       48.07821432        0.91802302        0.43391732        5.00000000        1.80953956
    40.75081466       48.15667737        0.92040384        0.43257471        5.00000000        1.80535376
    40.81406578       48.23514041        0.92278393        0.43122784        5.00000000        1.80117490
    40.87725802       48.31360345        0.92516327        0.42987669        5.00000000        1.79700298
    40.94039111       48.39206649        0.92754184        0.42852125        5.00000000        1.79283796
    41.00346478       48.47052953        0.92991963        0.42716149        5.00000000        1.78867983
    41.06647878       48.54899257        0.93229662        0.42579740        5.00000000        1.78452857
    41.12943282       48.62745561        0.93467279        0.42442893        5.00000000        1.78038417
    41.19232665       48.70591865        0.93704813        0.42305609        5.00000000        1.77624659
    41.25515998       48.78438169        0.93942261        0.42167883        5.00000000        1.77211583
    41.31793253       48.86284473        0.94179621        0.42029715        5.00000000        1.76799186
    41.38064403       48.94130778        0.94416893        0.41891101        5.00000000        1.76387467
    41.44329420       49.01977082        0.94654073        0.41752040        5.00000000        1.75976423
    41.50588275       49.09823386        0.94891161        0.41612530        5.00000000        1.75566053
    41.56840940       49.17669690        0.95128154        0.41472567        5.00000000        1.75156354
    41.63087385       49.25515994        0.95365052        0.41332149        5.00000000        1.74747326
    41.69327582       49.33362298        0.95601851        0.41191275        5.00000000        1.74338965
    41.75561501       49.41208602        0.95838550        0.41049942        5.00000000        1.73931271
    41.81789112       49.49054906        0.96075148        0.40908147        5.00000000        1.73524240
    41.88010385       49.56901210        0.96311642        0.40765889        5.00000000        1.73117873
    41.94225291       49.64747514        0.96548032        0.40623164        5.00000000        1.72712165
    42.00433799       49.72593819        0.96784314        0.40479970        5.00000000        1.72307117
    42.06635878       49.80440123        0.97020488        0.40336305        5.00000000        1.71902726
    42.12831497       49.88286427        0.97256551        0.40192166        5.00000000        1.71498989
    42.19020624       49.96132731        0.97492502        0.40047552        5.00000000        1.71095906
    42.25203230       50.03979035        0.97728339        0.39902458        5.00000000        1.70693474
    42.31379280       50.11825339        0.97964060        0.39756884        5.00000000        1.70291692
    42.37548744       50.19671643        0.98199664        0.39610825        5.00000000        1.69890558
    42.43711590       50.27517947        0.98435148        0.39464281        5.00000000        1.69490070
    42.49867783       50.35364251        0.98670511        0.39317247        5.00000000        1.69090226
    42.56017293       50.43210555        0.98905751        0.39169722        5.00000000        1.68691024
    42.62160084       50.51056859        0.99140867        0.39021703        5.00000000        1.68292463
    42.68296125       50.58903164        0.99375856        0.38873188        5.00000000        1.67894542
    42.74425381       50.66749468        0.99610717        0.38724172        5.00000000        1.67497257
    42.80547818       50.74595772        0.99845448        0.38574655        5.00000000        1.67100608
    42.86663401       50.82442076        1.00080047        0.38424634        5.00000000        1.66704592
    42.92772097       50.90288380        1.00314513        0.38274105        5.00000000        1.66309209
    42.98873869       50.98134684        1.00548843        0.38123065        5.00000000        1.65914455
    43.04968684       51.05980988        1.00783037        0.37971513        5.00000000        1.65520330
    43.11056505       51.13827292        1.01017091        0.37819445        5.00000000        1.65126832
    43.17137296       51.21673596        1.01251005        0.37666859        5.00000000        1.64733959
    43.23211022       51.29519900        1.01484777        0.37513751        5.00000000        1.64341709
    43.29277645       51.37366205        1.01718405        0.37360120        5.00000000        1.63950081
    43.35337129       51.45212509        1.01951886        0.37205961        5.00000000        1.63559072
    43.41389438       51.53058813        1.02185221        0.37051273        5.00000000        1.63168682
    43.47434532       51.60905117        1.02418405        0.36896052        5.00000000        1.62778909
    43.53472376       51.68751421        1.02651439        0.36740295        5.00000000        1.62389750
    43.59502930       51.76597725        1.02884320        0.36584000        5.00000000        1.62001205
    43.65526156       51.84444029        1.03117046        0.36427163        5.00000000        1.61613271
    43.71542016       51.92290333        1.03349616        0.36269782        5.00000000        1.61225947
    43.77550469       52.00136637        1.03582027        0.36111853        5.00000000        1.60839232
    43.83551479       52.07982941        1.03814279        0.35953373        5.00000000        1.60453123
    43.89545003       52.15829246        1.04046369        0.35794341        5.00000000        1.60067619
    43.95531002       52.23675550        1.04278296        0.35634751        5.00000000        1.59682718
    44.01509436       52.31521854        1.04510057        0.35474602        5.00000000        1.59298419
    44.07480264       52.39368158        1.04741652        0.35313890        5.00000000        1.58914720
    44.13443445       52.47214462        1.04973078        0.35152612        5.00000000        1.58531620
    44.19398937       52.55060766        1.05204333        0.34990764        5.00000000        1.58149117
    44.25346698       52.62907070        1.05435417        0.34828345        5.00000000        1.57767209
    44.31286687       52.70753374        1.05666326        0.34665350        5.00000000        1.57385895
    44.37218860       52.78599678        1.05897060        0.34501776        5.00000000        1.57005173
    44.43143174       52.86445982        1.06127617        0.34337620        5.00000000        1.56625041
    44.49059587       52.94292286        1.06357995        0.34172879        5.00000000        1.56245499
    44.54968055       53.02138591        1.06588191        0.34007549        5.00000000        1.55866544
    44.60868533       53.09984895        1.06818205        0.33841627        5.00000000        1.55488175
    44.66760978       53.17831199        1.07048035        0.33675110        5.00000000        1.55110390
    44.72645343       53.25677503        1.07277679        0.33507994        5.00000000        1.54733189
    44.78521585       53.33523807        1.07507135        0.33340276        5.00000000        1.54356568
    44.84389657       53.41370111        1.07736402        0.33171952        5.00000000        1.53980528
    44.90249513       53.49216415        1.07965477        0.33003020        5.00000000        1.53605066
    44.96101107       53.57062719        1.08194359        0.32833475        5.00000000        1.53230180
    45.01944393       53.64909023        1.08423047        0.32663314        5.00000000        1.52855870
    45.07779322       53.72755327        1.08651538        0.32492533        5.00000000        1.52482133
    45.13605847       53.80601632        1.08879831        0.32321129        5.00000000        1.52108969
    45.19423920       53.88447936        1.09107925        0.32149099        5.00000000        1.51736376
    45.25233493       53.96294240        1.09335816        0.31976438        5.00000000        1.51364352
    45.31034517       54.04140544        1.09563505        0.31803144        5.00000000        1.50992896
    45.36826942       54.11986848        1.09790988        0.31629211        5.00000000        1.50622006
    45.42610719       54.19833152        1.10018265        0.31454637        5.00000000        1.50251682
    45.48385797       54.27679456        1.10245333        0.31279419        5.00000000        1.49881921
    45.54152126       54.35525760        1.10472191        0.31103551        5.00000000        1.49512721
    45.59909655       54.43372064        1.10698837        0.30927031        5.00000000        1.49144083
    45.65658332       54.51218368        1.10925270        0.30749854        5.00000000        1.48776004
    45.71398105       54.59064673        1.11151487        0.30572017        5.00000000        1.48408483
    45.77128921       54.66910977        1.11377487        0.30393515        5.00000000        1.48041518
    45.82850728       54.74757281        1.11603268        0.30214346        5.00000000        1.47675108
    45.88563473       54.82603585        1.11828829        0.30034504        5.00000000        1.47309252
    45.94267101       54.90449889        1.12054168        0.29853986        5.00000000        1.46943948
    45.99961559       54.98296193        1.12279283        0.29672789        5.00000000        1.46579195
    46.05646790       55.06142497        1.12504173        0.29490907        5.00000000        1.46214991
    46.11322742       55.13988801        1.12728835        0.29308337        5.00000000        1.45851335
    46.16989356       55.21835105        1.12953268        0.29125075        5.00000000        1.45488227
    46.22646577       55.29681409        1.13177471        0.28941117        5.00000000        1.45125663
    46.28294348       55.37527713        1.13401442        0.28756458        5.00000000        1.44763644
    46.33932613       55.45374018        1.13625178        0.28571094        5.00000000        1.44402168
    46.39561312       55.53220322        1.13848678        0.28385021        5.00000000        1.44041232
    46.45180388       55.61066626        1.14071942        0.28198235        5.00000000        1.43680837
    46.50789783       55.68912930        1.14294966        0.28010732        5.00000000        1.43320981
    46.56389435       55.76759234        1.14517749        0.27822507        5.00000000        1.42961662
    46.61979287       55.84605538        1.14740290        0.27633555        5.00000000        1.42602880
    46.67559277       55.92451842        1.14962587        0.27443873        5.00000000        1.42244632
    46.73129344       56.00298146        1.15184638        0.27253456        5.00000000        1.41886918
    46.78689427       56.08144450        1.15406441        0.27062299        5.00000000        1.41529736
    46.84239464       56.15990754        1.15627995        0.26870399        5.00000000        1.41173086
    46.89779392       56.23837059        1.15849298        0.26677750        5.00000000        1.40816965
    46.95309148       56.31683363        1.16070349        0.26484347        5.00000000        1.40461372
    47.00828667       56.39529667        1.16291146        0.26290187        5.00000000        1.40106307
    47.06337887       56.47375971        1.16511686        0.26095265        5.00000000        1.39751769
    47.11836741       56.55222275        1.16731969        0.25899576        5.00000000        1.39397754
    47.17325165       56.63068579        1.16951993        0.25703115        5.00000000        1.39044264
    47.22803092       56.70914883        1.17171756        0.25505877        5.00000000        1.38691296
    47.28270456       56.78761187        1.17391256        0.25307858        5.00000000        1.38338849
    47.33727188       56.86607491        1.17610492        0.25109052        5.00000000        1.37986922
    47.39173222       56.94453795        1.17829463        0.24909456        5.00000000        1.37635514
    47.44608489       57.02300099        1.18048165        0.24709064        5.00000000        1.37284623
    47.50032919       57.10146404        1.18266599        0.24507871        5.00000000        1.36934249
    47.55446442       57.17992708        1.18484761        0.24305872        5.00000000        1.36584391
    47.60848989       57.25839012        1.18702651        0.24103062        5.00000000        1.36235046
    47.66240488       57.33685316        1.18920267        0.23899435        5.00000000        1.35886214
    47.71620868       57.41531620        1.19137607        0.23694988        5.00000000        1.35537895
    47.76990055       57.49377924        1.19354670        0.23489715        5.00000000        1.35190086
    47.82347977       57.57224228        1.19571454        0.23283610        5.00000000        1.34842786
    47.87694560       57.65070532        1.19787956        0.23076668        5.00000000        1.34495995
    47.93029730       57.72916836        1.20004177        0.22868884        5.00000000        1.34149711
    47.98353411       57.80763140        1.20220113        0.22660253        5.00000000        1.33803934
    48.03665528       57.88609445        1.20435764        0.22450769        5.00000000        1.33458661
    48.08966003       57.96455749        1.20651127        0.22240426        5.00000000        1.33113893
    48.14254761       58.04302053        1.20866201        0.22029221        5.00000000        1.32769627
    48.19531722       58.12148357        1.21080985        0.21817146        5.00000000        1.32425864
    48.24796809       58.19994661        1.21295476        0.21604196        5.00000000        1.32082601
    48.30049941       58.27840965        1.21509674        0.21390366        5.00000000        1.31739838
    48.35291039       58.35687269        1.21723576        0.21175651        5.00000000        1.31397574
    48.40520022       58.43533573        1.21937181        0.20960043        5.00000000        1.31055807
    48.45736807       58.51379877        1.22150487        0.20743539        5.00000000        1.30714538
    48.50941313       58.59226181        1.22363493        0.20526131        5.00000000        1.30373763
    48.56133456       58.67072486        1.22576197        0.20307814        5.00000000        1.30033484
    48.61313151       58.74918790        1.22788598        0.20088582        5.00000000        1.29693698
    48.66480316       58.82765094        1.23000693        0.19868430        5.00000000        1.29354404
    48.71634862       58.90611398        1.23212481        0.19647351        5.00000000        1.29015603
    48.76776705       58.98457702        1.23423961        0.19425339        5.00000000        1.28677292
    48.81905757       59.06304006        1.23635131        0.19202388        5.00000000        1.28339470
    48.87021930       59.14150310        1.23845989        0.18978492        5.00000000        1.28002137
    48.92125135       59.21996614        1.24056534        0.18753646        5.00000000        1.27665292
    48.97215282       59.29842918        1.24266764        0.18527841        5.00000000        1.27328934
    49.02292280       59.37689222        1.24476678        0.18301073        5.00000000        1.26993062
    49.07356038       59.45535526        1.24686274        0.18073335        5.00000000        1.26657675
    49.12406463       59.53381831        1.24895549        0.17844621        5.00000000        1.26322772
    49.17443463       59.61228135        1.25104504        0.17614923        5.00000000        1.25988351
    49.22466942       59.69074439        1.25313136        0.17384237        5.00000000        1.25654414
    49.27476807       59.76920743        1.25521443        0.17152554        5.00000000        1.25320957
    49.32472960       59.84767047        1.25729425        0.16919869        5.00000000        1.24987981
    49.37455305       59.92613351        1.25937078        0.16686175        5.00000000        1.24655484
    49.42423745       60.00459655        1.26144403        0.16451465        5.00000000        1.24323466
    49.47378179       60.08305959        1.26351397        0.16215732        5.00000000        1.23991926
    49.52318508       60.16152263        1.26558058        0.15978970        5.00000000        1.23660863
    49.57244633       60.23998567        1.26764386        0.15741171        5.00000000        1.23330277
    49.62156449       60.31844872        1.26970377        0.15502329        5.00000000        1.23000165
    49.67053856       60.39691176        1.27176032        0.15262437        5.00000000        1.22670528
    49.71936749       60.47537480        1.27381348        0.15021487        5.00000000        1.22341365
    49.76805023       60.55383784        1.27586324        0.14779472        5.00000000        1.22012674
    49.81658573       60.63230088        1.27790959        0.14536386        5.00000000        1.21684456
    49.86497291       60.71076392        1.27995249        0.14292221        5.00000000        1.21356709
    49.91321070       60.78922696        1.28199195        0.14046969        5.00000000        1.21029432
    49.96129800       60.86769000        1.28402795        0.13800624        5.00000000        1.20702626
    50.00923372       60.94615304        1.28606046        0.13553178        5.00000000        1.20376288
    50.05701674       61.02461608        1.28808948        0.13304623        5.00000000        1.20050419
    50.10464594       61.10307913        1.29011498        0.13054951        5.00000000        1.19725017
    50.15212019       61.18154217        1.29213696        0.12804156        5.00000000        1.19400082
    50.19943834       61.26000521        1.29415540        0.12552229        5.00000000        1.19075613
    50.24659922       61.33846825        1.29617027        0.12299163        5.00000000        1.18751609
    50.29360169       61.41693129        1.29818158        0.12044950        5.00000000        1.18428071
    50.34044454       61.49539433        1.30018929        0.11789582        5.00000000        1.18104996
    50.38712660       61.57385737        1.30219340        0.11533051        5.00000000        1.17782384
    50.43364665       61.65232041        1.30419389        0.11275348        5.00000000        1.17460236
    50.48000348       61.73078345        1.30619075        0.11016467        5.00000000        1.17138549
    50.52619586       61.80924649        1.30818396        0.10756398        5.00000000        1.16817323
    50.57222255       61.88770953        1.31017349        0.10495133        5.00000000        1.16496559
    50.61808228       61.96617258        1.31215935        0.10232665        5.00000000        1.16176254
    50.66377381       62.04463562        1.31414152        0.09968984        5.00000000        1.15856409
    50.70929585       62.12309866        1.31611997        0.09704082        5.00000000        1.15537023
    50.75464709       62.20156170        1.31809469        0.09437951        5.00000000        1.15218095
    50.79982624       62.28002474        1.32006567        0.09170582        5.00000000        1.14899625
    50.84483198       62.35848778        1.32203290        0.08901967        5.00000000        1.14581612
    50.88966297       62.43695082        1.32399635        0.08632095        5.00000000        1.14264055
    50.93431787       62.51541386        1.32595601        0.08360960        5.00000000        1.13946955
    50.97879531       62.59387690        1.32791187        0.08088552        5.00000000        1.13630310
    51.02309392       62.67233994        1.32986392        0.07814861        5.00000000        1.13314120
    51.06721231       62.75080299        1.33181213        0.07539879        5.00000000        1.12998384
    51.11114907       62.82926603        1.33375649        0.07263596        5.00000000        1.12683103
    51.15490279       62.90772907        1.33569699        0.06986004        5.00000000        1.12368275
    51.19847202       62.98619211        1.33763361        0.06707093        5.00000000        1.12053899
    51.24185533       63.06465515        1.33956634        0.06426853        5.00000000        1.11739976
    51.28505125       63.14311819        1.34149517        0.06145276        5.00000000        1.11426506
    51.32805830       63.22158123        1.34342007        0.05862351        5.00000000        1.11113486
    51.37087498       63.30004427        1.34534103        0.05578069        5.00000000        1.10800918
    51.41349978       63.37850731        1.34725804        0.05292420        5.00000000        1.10488801
    51.45593118       63.45697035        1.34917108        0.05005394        5.00000000        1.10177133
    51.49816763       63.53543340        1.35108014        0.04716982        5.00000000        1.09865916
    51.54020758       63.61389644        1.35298520        0.04427173        5.00000000        1.09555148
    51.58204944       63.69235948        1.35488625        0.04135957        5.00000000        1.09244829
    51.62369162       63.77082252        1.35678327        0.03843325        5.00000000        1.08934959
    51.66513251       63.84928556        1.35867626        0.03549265        5.00000000        1.08625537
    51.70637049       63.92774860        1.36056518        0.03253768        5.00000000        1.08316564
    51.74740391       64.00621164        1.36245004        0.02956823        5.00000000        1.08008038
    51.78823111       64.08467468        1.36433081        0.02658419        5.00000000        1.07699959
    51.82885041       64.16313772        1.36620748        0.02358546        5.00000000        1.07392327
    51.86926010       64.24160076        1.36808004        0.02057193        5.00000000        1.07085142
    51.90945847       64.32006380        1.36994846        0.01754349        5.00000000        1.06778404
    51.94944379       64.39852685        1.37181275        0.01450004        5.00000000        1.06472111
    51.98921430       64.47698989        1.37367287        0.01144146        5.00000000        1.06166265
    52.02876822       64.55545293        1.37552882        0.00836764        5.00000000        1.05860864
    52.06810376       64.63391597        1.37738058        0.00527847        5.00000000        1.05555909
    52.10721911       64.71237901        1.37922815        0.00217383        5.00000000        1.05251399
    52.14611244       64.79084205        1.38107149       -0.00094638        5.00000000        1.04947334
    52.18478189       64.86930509        1.38291060       -0.00408229        5.00000000        1.04643714
    52.22322558       64.94776813        1.38474547       -0.00723400        5.00000000        1.04340538
    52.26144163       65.02623117        1.38657608       -0.01040165        5.00000000        1.04037807
    52.29942812       65.10469421        1.38840242       -0.01358534        5.00000000        1.03735521
    52.33718310       65.18315726        1.39022446       -0.01678519        5.00000000        1.03433678
    52.37470463       65.26162030        1.39204221       -0.02000133        5.00000000        1.03132280
    52.41199072       65.34008334        1.39385563       -0.02323388        5.00000000        1.02831325
    52.44903936       65.41854638        1.39566473       -0.02648296        5.00000000        1.02530815
    52.48584854       65.49700942        1.39746948       -0.02974870        5.00000000        1.02230748
    52.52241621       65.57547246        1.39926987       -0.03303121        5.00000000        1.01931125
    52.55874029       65.65393550        1.40106588       -0.03633063        5.00000000        1.01631946
    52.59481870       65.73239854        1.40285751       -0.03964708        5.00000000        1.01333210
    52.63064930       65.81086158        1.40464473       -0.04298069        5.00000000        1.01034918
    52.66622996       65.88932462        1.40642754       -0.04633159        5.00000000        1.00737069
    52.70155852       65.96778767        1.40820592       -0.04969991        5.00000000        1.00439664
    52.73663279       66.04625071        1.40997985       -0.05308579        5.00000000        1.00142703
    52.77145053       66.12471375        1.41174933       -0.05648935        5.00000000        0.99846185
    52.80600953       66.20317679        1.41351433       -0.05991074        5.00000000        0.99550111
    52.84030750       66.28163983        1.41527484       -0.06335007        5.00000000        0.99254480
    52.87434216       66.36010287        1.41703085       -0.06680750        5.00000000        0.98959294
    52.90811118       66.43856591        1.41878235       -0.07028316        5.00000000        0.98664551
    52.94161222       66.51702895        1.42052931       -0.07377719        5.00000000        0.98370253
    52.97484291       66.59549199        1.42227174       -0.07728973        5.00000000        0.98076399
    53.00780084       66.67395503        1.42400961       -0.08082093        5.00000000        0.97782989
    53.04048358       66.75241807        1.42574290       -0.08437091        5.00000000        0.97490023
    53.07288868       66.83088112        1.42747161       -0.08793984        5.00000000        0.97197503
    53.10501366       66.90934416        1.42919573       -0.09152784        5.00000000        0.96905427
    53.13685598       66.98780720        1.43091523       -0.09513508        5.00000000        0.96613796
    53.16841312       67.06627024        1.43263010       -0.09876170        5.00000000        0.96322611
    53.19968250       67.14473328        1.43434033       -0.10240785        5.00000000        0.96031871
    53.23066151       67.22319632        1.43604591       -0.10607367        5.00000000        0.95741577
    53.26134751       67.30165936        1.43774683       -0.10975933        5.00000000        0.95451729
    53.29173783       67.38012240        1.43944306       -0.11346497        5.00000000        0.95162327
    53.32182979       67.45858544        1.44113459       -0.11719074        5.00000000        0.94873372
    53.35162065       67.53704848        1.44282142       -0.12093682        5.00000000        0.94584864
    53.38110764       67.61551153        1.44450352       -0.12470335        5.00000000        0.94296804
    53.41028796       67.69397457        1.44618089       -0.12849049        5.00000000        0.94009191
    53.43915880       67.77243761        1.44785350       -0.13229840        5.00000000        0.93722027
    53.46771727       67.85090065        1.44952135       -0.13612725        5.00000000        0.93435311
    53.49596050       67.92936369        1.45118443       -0.13997719        5.00000000        0.93149044
    53.52388553       68.00782673        1.45284271       -0.14384839        5.00000000        0.92863226
    53.55148941       68.08628977        1.45449619       -0.14774103        5.00000000        0.92577859
    53.57876912       68.16475281        1.45614485       -0.15165526        5.00000000        0.92292941
    53.60572163       68.24321585        1.45778868       -0.15559125        5.00000000        0.92008475
    53.63234386       68.32167889        1.45942767       -0.15954918        5.00000000        0.91724460
    53.65863269       68.40014194        1.46106179       -0.16352922        5.00000000        0.91440897
    53.68458496       68.47860498        1.46269105       -0.16753154        5.00000000        0.91157787
    53.71019748       68.55706802        1.46431541       -0.17155631        5.00000000        0.90875129
    53.73546703       68.63553106        1.46593488       -0.17560372        5.00000000        0.90592926
    53.76039033       68.71399410        1.46754944       -0.17967394        5.00000000        0.90311177
    53.78496406       68.79245714        1.46915906       -0.18376715        5.00000000        0.90029882
    53.80918487       68.87092018        1.47076375       -0.18788353        5.00000000        0.89749044
    53.83304937       68.94938322        1.47236349       -0.19202326        5.00000000        0.89468661
    53.85655413       69.02784626        1.47395826       -0.19618653        5.00000000        0.89188736
    53.87969565       69.10630930        1.47554805       -0.20037353        5.00000000        0.88909268
    53.90247041       69.18477234        1.47713284       -0.20458444        5.00000000        0.88630259
    53.92487485       69.26323539        1.47871263       -0.20881945        5.00000000        0.88351710
    53.94690536       69.34169843        1.48028740       -0.21307876        5.00000000        0.88073620
    53.96855828       69.42016147        1.48185714       -0.21736254        5.00000000        0.87795991
    53.98982989       69.49862451        1.48342183       -0.22167101        5.00000000        0.87518825
    54.01071646       69.57708755        1.48498145       -0.22600435        5.00000000        0.87242120
    54.03121418       69.65555059        1.48653601       -0.23036276        5.00000000        0.86965880
    54.05131921       69.73401363        1.48808548       -0.23474644        5.00000000        0.86690103
    54.07102764       69.81247667        1.48962985       -0.23915559        5.00000000        0.86414792
    54.09033554       69.89093971        1.49116910       -0.24359041        5.00000000        0.86139948
    54.10923890       69.96940275        1.49270323       -0.24805111        5.00000000        0.85865571
    54.12773368       70.04786580        1.49423222       -0.25253789        5.00000000        0.85591662
    54.14581578       70.12632884        1.49575605       -0.25705096        5.00000000        0.85318222
    54.16348105       70.20479188        1.49727472       -0.26159053        5.00000000        0.85045253
    54.18072528       70.28325492        1.49878821       -0.26615681        5.00000000        0.84772755
    54.19754422       70.36171796        1.50029651       -0.27075001        5.00000000        0.84500731
    54.21393354       70.44018100        1.50179960       -0.27537034        5.00000000        0.84229179
    54.22988887       70.51864404        1.50329747       -0.28001803        5.00000000        0.83958103
    54.24540578       70.59710708        1.50479010       -0.28469328        5.00000000        0.83687503
    54.26047980       70.67557012        1.50627750       -0.28939631        5.00000000        0.83417380
    54.27510637       70.75403316        1.50775963       -0.29412736        5.00000000        0.83147736
    54.28928088       70.83249621        1.50923649       -0.29888663        5.00000000        0.82878572
    54.30299868       70.91095925        1.51070806       -0.30367436        5.00000000        0.82609889
    54.31625504       70.98942229        1.51217434       -0.30849077        5.00000000        0.82341689
    54.32904516       71.06788533        1.51363530       -0.31333609        5.00000000        0.82073972
    54.34136419       71.14634837        1.51509094       -0.31821054        5.00000000        0.81806741
    54.35320722       71.22481141        1.51654124       -0.32311436        5.00000000        0.81539996
    54.36456927       71.30327445        1.51798619       -0.32804778        5.00000000        0.81273739
    54.37544527       71.38173749        1.51942577       -0.33301103        5.00000000        0.81007972
    54.38583012       71.46020053        1.52085997       -0.33800436        5.00000000        0.80742696
    54.39571864       71.53866357        1.52228879       -0.34302799        5.00000000        0.80477913
    54.40510556       71.61712661        1.52371219       -0.34808217        5.00000000        0.80213624
    54.41398556       71.69558966        1.52513018       -0.35316714        5.00000000        0.79949831
    54.42235325       71.77405270        1.52654274       -0.35828314        5.00000000        0.79686535
    54.43020315       71.85251574        1.52794985       -0.36343042        5.00000000        0.79423738
    54.43752972       71.93097878        1.52935151       -0.36860921        5.00000000        0.79161442
    54.44432734       72.00944182        1.53074769       -0.37381978        5.00000000        0.78899649
    54.45059031       72.08790486        1.53213839       -0.37906236        5.00000000        0.78638360
    54.45631286       72.16636790        1.53352359       -0.38433722        5.00000000        0.78377577
    54.46148914       72.24483094        1.53490328       -0.38964459        5.00000000        0.78117302
    54.46611321       72.32329398        1.53627744       -0.39498474        5.00000000        0.77857536
    54.47017906       72.40175702        1.53764607       -0.40035792        5.00000000        0.77598282
    54.47368059       72.48022007        1.53900914       -0.40576439        5.00000000        0.77339542
    54.47661162       72.55868311        1.54036665       -0.41120440        5.00000000        0.77081317
    54.47896589       72.63714615        1.54171858       -0.41667822        5.00000000        0.76823610
    54.48073704       72.71560919        1.54306492       -0.42218610        5.00000000        0.76566422
    54.48191862       72.79407223        1.54440565       -0.42772832        5.00000000        0.76309756
    54.48250412       72.87253527        1.54574076       -0.43330512        5.00000000        0.76053613
