#  Theta paroi en deg Angle Choc en deg       Kp           Inverse Mach       Mach amont       Mach aval
     0.00000000       34.84990458        0.00000000        0.42857143        1.75000000
     2.10607565       34.85155908        0.00855399        0.42463602        1.75000000        1.74993631
     2.50990752       34.85387402        0.01152065        0.42327364        1.75000000        1.74984722
     2.95760282       34.85817028        0.01519084        0.42158987        1.75000000        1.74968188
     3.44721522       34.86576874        0.01962968        0.41955586        1.75000000        1.74938953
     3.95560129       34.87799028        0.02467611        0.41724648        1.75000000        1.74891950
     4.46859000       34.89615576        0.03019154        0.41472598        1.75000000        1.74822130
     4.97997126       34.92158609        0.03608942        0.41203450        1.75000000        1.74724472
     5.48778621       34.95560212        0.04232200        0.40919427        1.75000000        1.74593998
     5.99209966       34.99952475        0.04886661        0.40621591        1.75000000        1.74425787
     6.49389670       35.05467484        0.05571680        0.40310259        1.75000000        1.74214994
     6.90878310       35.10982494        0.06162758        0.40041928        1.75000000        1.74004660
     7.26718443       35.16497503        0.06690926        0.39802375        1.75000000        1.73794782
     7.58555703       35.22012513        0.07173503        0.39583665        1.75000000        1.73585357
     7.87389301       35.27527522        0.07621263        0.39380861        1.75000000        1.73376380
     8.13875260       35.33042532        0.08041425        0.39190658        1.75000000        1.73167850
     8.38469373       35.38557541        0.08439091        0.39010722        1.75000000        1.72959762
     8.61502231       35.44072551        0.08818013        0.38839333        1.75000000        1.72752114
     8.83221858       35.49587560        0.09181043        0.38675187        1.75000000        1.72544902
     9.03819491       35.55102570        0.09530407        0.38517265        1.75000000        1.72338124
     9.23445944       35.60617579        0.09867876        0.38364756        1.75000000        1.72131777
     9.42222420       35.66132589        0.10194886        0.38217003        1.75000000        1.71925856
     9.60247911       35.71647599        0.10512621        0.38073463        1.75000000        1.71720360
     9.77604400       35.77162608        0.10822068        0.37933686        1.75000000        1.71515286
     9.94360604       35.82677618        0.11124061        0.37797288        1.75000000        1.71310630
    10.10574743       35.88192627        0.11419309        0.37663945        1.75000000        1.71106389
    10.26296608       35.93707637        0.11708424        0.37533377        1.75000000        1.70902561
    10.41569142       35.99222646        0.11991936        0.37405341        1.75000000        1.70699143
    10.56429658       36.04737656        0.12270308        0.37279624        1.75000000        1.70496132
    10.70910805       36.10252665        0.12543945        0.37156040        1.75000000        1.70293524
    10.85041322       36.15767675        0.12813208        0.37034425        1.75000000        1.70091318
    10.98846654       36.21282684        0.13078417        0.36914630        1.75000000        1.69889511
    11.12349443       36.26797694        0.13339856        0.36796526        1.75000000        1.69688100
    11.25569934       36.32312704        0.13597783        0.36679994        1.75000000        1.69487082
    11.38526304       36.37827713        0.13852427        0.36564928        1.75000000        1.69286454
    11.51234948       36.43342723        0.14103997        0.36451232        1.75000000        1.69086214
    11.63710700       36.48857732        0.14352683        0.36338819        1.75000000        1.68886359
    11.75967029       36.54372742        0.14598658        0.36227609        1.75000000        1.68686887
    11.88016213       36.59887751        0.14842078        0.36117529        1.75000000        1.68487795
    11.99869468       36.65402761        0.15083089        0.36008514        1.75000000        1.68289081
    12.11537075       36.70917770        0.15321822        0.35900500        1.75000000        1.68090741
    12.23028483       36.76432780        0.15558399        0.35793433        1.75000000        1.67892774
    12.34352394       36.81947789        0.15792934        0.35687260        1.75000000        1.67695178
    12.45516847       36.87462799        0.16025529        0.35581932        1.75000000        1.67497948
    12.56529276       36.92977809        0.16256283        0.35477405        1.75000000        1.67301084
    12.67396581       36.98492818        0.16485284        0.35373636        1.75000000        1.67104583
    12.78125174       37.04007828        0.16712616        0.35270588        1.75000000        1.66908441
    12.88721019       37.09522837        0.16938357        0.35168223        1.75000000        1.66712658
    12.99189687       37.15037847        0.17162579        0.35066508        1.75000000        1.66517231
    13.09536374       37.20552856        0.17385349        0.34965411        1.75000000        1.66322157
    13.19765949       37.26067866        0.17606733        0.34864902        1.75000000        1.66127434
    13.29882974       37.31582875        0.17826789        0.34764954        1.75000000        1.65933059
    13.39891730       37.37097885        0.18045574        0.34665538        1.75000000        1.65739032
    13.49796241       37.42612894        0.18263139        0.34566632        1.75000000        1.65545348
    13.59600295       37.48127904        0.18479535        0.34468211        1.75000000        1.65352007
    13.69307463       37.53642913        0.18694809        0.34370254        1.75000000        1.65159006
    13.78921112       37.59157923        0.18909004        0.34272739        1.75000000        1.64966342
    13.88444426       37.64672933        0.19122163        0.34175646        1.75000000        1.64774014
    13.97880413       37.70187942        0.19334324        0.34078957        1.75000000        1.64582019
    14.07231926       37.75702952        0.19545525        0.33982654        1.75000000        1.64390356
    14.16501663       37.81217961        0.19755802        0.33886719        1.75000000        1.64199022
    14.25692189       37.86732971        0.19965189        0.33791138        1.75000000        1.64008015
    14.34805936       37.92247980        0.20173716        0.33695893        1.75000000        1.63817334
    14.43845219       37.97762990        0.20381415        0.33600972        1.75000000        1.63626975
    14.52812239       38.03277999        0.20588313        0.33506359        1.75000000        1.63436938
    14.61709092       38.08793009        0.20794440        0.33412041        1.75000000        1.63247220
    14.70537776       38.14308018        0.20999820        0.33318007        1.75000000        1.63057819
    14.79300196       38.19823028        0.21204479        0.33224242        1.75000000        1.62868733
    14.87998172       38.25338038        0.21408441        0.33130737        1.75000000        1.62679961
    14.96633441       38.30853047        0.21611727        0.33037480        1.75000000        1.62491500
    15.05207664       38.36368057        0.21814360        0.32944459        1.75000000        1.62303348
    15.13722431       38.41883066        0.22016361        0.32851666        1.75000000        1.62115504
    15.22179262       38.47398076        0.22217750        0.32759089        1.75000000        1.61927966
    15.30579617       38.52913085        0.22418544        0.32666720        1.75000000        1.61740731
    15.38924889       38.58428095        0.22618763        0.32574549        1.75000000        1.61553799
    15.47216423       38.63943104        0.22818424        0.32482568        1.75000000        1.61367166
    15.55455501       38.69458114        0.23017543        0.32390768        1.75000000        1.61180833
    15.63643360       38.74973123        0.23216137        0.32299142        1.75000000        1.60994795
    15.71781186       38.80488133        0.23414221        0.32207680        1.75000000        1.60809053
    15.79870121       38.86003142        0.23611809        0.32116377        1.75000000        1.60623604
    15.87911261       38.91518152        0.23808917        0.32025225        1.75000000        1.60438446
    15.95905663       38.97033162        0.24005556        0.31934216        1.75000000        1.60253578
    16.03854343       39.02548171        0.24201741        0.31843343        1.75000000        1.60068998
    16.11758282       39.08063181        0.24397484        0.31752602        1.75000000        1.59884704
    16.19618424       39.13578190        0.24592796        0.31661984        1.75000000        1.59700695
    16.27435679       39.19093200        0.24787691        0.31571484        1.75000000        1.59516969
    16.35210925       39.24608209        0.24982178        0.31481097        1.75000000        1.59333524
    16.42945011       39.30123219        0.25176269        0.31390815        1.75000000        1.59150359
    16.50638754       39.35638228        0.25369974        0.31300635        1.75000000        1.58967472
    16.58292946       39.41153238        0.25563304        0.31210550        1.75000000        1.58784861
    16.65908351       39.46668247        0.25756267        0.31120555        1.75000000        1.58602526
    16.73485707       39.52183257        0.25948873        0.31030645        1.75000000        1.58420463
    16.81025729       39.57698267        0.26141131        0.30940815        1.75000000        1.58238673
    16.88529108       39.63213276        0.26333050        0.30851061        1.75000000        1.58057153
    16.95996513       39.68728286        0.26524638        0.30761378        1.75000000        1.57875901
    17.03428592       39.74243295        0.26715903        0.30671762        1.75000000        1.57694917
    17.10825971       39.79758305        0.26906853        0.30582207        1.75000000        1.57514199
    17.18189259       39.85273314        0.27097496        0.30492711        1.75000000        1.57333745
    17.25519045       39.90788324        0.27287839        0.30403268        1.75000000        1.57153553
    17.32815899       39.96303333        0.27477888        0.30313874        1.75000000        1.56973623
    17.40080376       40.01818343        0.27667652        0.30224527        1.75000000        1.56793953
    17.47313013       40.07333352        0.27857136        0.30135222        1.75000000        1.56614541
    17.54514331       40.12848362        0.28046346        0.30045954        1.75000000        1.56435387
    17.61684837       40.18363371        0.28235290        0.29956722        1.75000000        1.56256488
    17.68825021       40.23878381        0.28423972        0.29867521        1.75000000        1.56077843
    17.75935361       40.29393391        0.28612400        0.29778347        1.75000000        1.55899451
    17.83016321       40.34908400        0.28800577        0.29689198        1.75000000        1.55721311
    17.90068352       40.40423410        0.28988510        0.29600070        1.75000000        1.55543421
    17.97091892       40.45938419        0.29176205        0.29510960        1.75000000        1.55365780
    18.04087365       40.51453429        0.29363665        0.29421865        1.75000000        1.55188386
    18.11055188       40.56968438        0.29550896        0.29332782        1.75000000        1.55011238
    18.17995762       40.62483448        0.29737903        0.29243707        1.75000000        1.54834336
    18.24909480       40.67998457        0.29924691        0.29154639        1.75000000        1.54657676
    18.31796724       40.73513467        0.30111264        0.29065573        1.75000000        1.54481260
    18.38657865       40.79028476        0.30297625        0.28976508        1.75000000        1.54305084
    18.45493265       40.84543486        0.30483781        0.28887441        1.75000000        1.54129148
    18.52303276       40.90058496        0.30669734        0.28798368        1.75000000        1.53953450
    18.59088241       40.95573505        0.30855488        0.28709288        1.75000000        1.53777990
    18.65848496       41.01088515        0.31041048        0.28620198        1.75000000        1.53602766
    18.72584366       41.06603524        0.31226417        0.28531095        1.75000000        1.53427776
    18.79296168       41.12118534        0.31411599        0.28441976        1.75000000        1.53253021
    18.85984214       41.17633543        0.31596598        0.28352841        1.75000000        1.53078497
    18.92648803       41.23148553        0.31781416        0.28263685        1.75000000        1.52904205
    18.99290233       41.28663562        0.31966057        0.28174508        1.75000000        1.52730144
    19.05908789       41.34178572        0.32150524        0.28085305        1.75000000        1.52556311
    19.12504752       41.39693581        0.32334821        0.27996077        1.75000000        1.52382705
    19.19078397       41.45208591        0.32518951        0.27906819        1.75000000        1.52209327
    19.25629989       41.50723600        0.32702915        0.27817531        1.75000000        1.52036174
    19.32159792       41.56238610        0.32886718        0.27728209        1.75000000        1.51863245
    19.38668058       41.61753620        0.33070362        0.27638853        1.75000000        1.51690540
    19.45155036       41.67268629        0.33253850        0.27549459        1.75000000        1.51518057
    19.51620971       41.72783639        0.33437184        0.27460027        1.75000000        1.51345795
    19.58066098       41.78298648        0.33620367        0.27370553        1.75000000        1.51173753
    19.64490651       41.83813658        0.33803401        0.27281036        1.75000000        1.51001930
    19.70894855       41.89328667        0.33986289        0.27191475        1.75000000        1.50830325
    19.77278932       41.94843677        0.34169033        0.27101867        1.75000000        1.50658937
    19.83643098       42.00358686        0.34351635        0.27012211        1.75000000        1.50487764
    19.89987566       42.05873696        0.34534098        0.26922504        1.75000000        1.50316807
    19.96312543       42.11388705        0.34716424        0.26832745        1.75000000        1.50146063
    20.02618230       42.16903715        0.34898614        0.26742933        1.75000000        1.49975532
    20.08904826       42.22418725        0.35080672        0.26653065        1.75000000        1.49805212
    20.15172524       42.27933734        0.35262597        0.26563140        1.75000000        1.49635103
    20.21421515       42.33448744        0.35444394        0.26473156        1.75000000        1.49465204
    20.27651982       42.38963753        0.35626063        0.26383111        1.75000000        1.49295514
    20.33864109       42.44478763        0.35807606        0.26293005        1.75000000        1.49126032
    20.40058072       42.49993772        0.35989025        0.26202835        1.75000000        1.48956756
    20.46234045       42.55508782        0.36170322        0.26112600        1.75000000        1.48787687
    20.52392198       42.61023791        0.36351498        0.26022298        1.75000000        1.48618822
    20.58532698       42.66538801        0.36532556        0.25931928        1.75000000        1.48450161
    20.64655709       42.72053810        0.36713495        0.25841489        1.75000000        1.48281704
    20.70761389       42.77568820        0.36894319        0.25750978        1.75000000        1.48113448
    20.76849896       42.83083830        0.37075028        0.25660395        1.75000000        1.47945394
    20.82921382       42.88598839        0.37255623        0.25569737        1.75000000        1.47777540
    20.88975998       42.94113849        0.37436108        0.25479004        1.75000000        1.47609886
    20.95013891       42.99628858        0.37616481        0.25388194        1.75000000        1.47442430
    21.01035204       43.05143868        0.37796746        0.25297306        1.75000000        1.47275172
    21.07040080       43.10658877        0.37976902        0.25206339        1.75000000        1.47108111
    21.13028656       43.16173887        0.38156952        0.25115290        1.75000000        1.46941245
    21.19001067       43.21688896        0.38336896        0.25024159        1.75000000        1.46774575
    21.24957449       43.27203906        0.38516736        0.24932944        1.75000000        1.46608099
    21.30897929       43.32718915        0.38696473        0.24841645        1.75000000        1.46441817
    21.36822636       43.38233925        0.38876107        0.24750259        1.75000000        1.46275727
    21.42731695       43.43748934        0.39055641        0.24658786        1.75000000        1.46109829
    21.48625230       43.49263944        0.39235074        0.24567225        1.75000000        1.45944122
    21.54503360       43.54778954        0.39414408        0.24475573        1.75000000        1.45778605
    21.60366204       43.60293963        0.39593644        0.24383830        1.75000000        1.45613277
    21.66213876       43.65808973        0.39772783        0.24291995        1.75000000        1.45448138
    21.72046493       43.71323982        0.39951825        0.24200066        1.75000000        1.45283187
    21.77864163       43.76838992        0.40130772        0.24108043        1.75000000        1.45118422
    21.83666997       43.82354001        0.40309624        0.24015923        1.75000000        1.44953844
    21.89455103       43.87869011        0.40488382        0.23923707        1.75000000        1.44789452
    21.95228584       43.93384020        0.40667047        0.23831392        1.75000000        1.44625244
    22.00987545       43.98899030        0.40845620        0.23738978        1.75000000        1.44461220
    22.06732086       44.04414039        0.41024101        0.23646463        1.75000000        1.44297379
    22.12462308       44.09929049        0.41202491        0.23553847        1.75000000        1.44133721
    22.18178307       44.15444059        0.41380791        0.23461128        1.75000000        1.43970244
    22.23880179       44.20959068        0.41559002        0.23368305        1.75000000        1.43806948
    22.29568018       44.26474078        0.41737123        0.23275377        1.75000000        1.43643833
    22.35241917       44.31989087        0.41915156        0.23182344        1.75000000        1.43480897
    22.40901965       44.37504097        0.42093102        0.23089203        1.75000000        1.43318140
    22.46548252       44.43019106        0.42270960        0.22995954        1.75000000        1.43155561
    22.52180865       44.48534116        0.42448732        0.22902596        1.75000000        1.42993160
    22.57799889       44.54049125        0.42626417        0.22809128        1.75000000        1.42830936
    22.63405409       44.59564135        0.42804017        0.22715548        1.75000000        1.42668887
    22.68997507       44.65079144        0.42981532        0.22621857        1.75000000        1.42507014
    22.74576264       44.70594154        0.43158962        0.22528052        1.75000000        1.42345316
    22.80141759       44.76109163        0.43336308        0.22434133        1.75000000        1.42183792
    22.85694071       44.81624173        0.43513571        0.22340098        1.75000000        1.42022441
    22.91233275       44.87139183        0.43690749        0.22245948        1.75000000        1.41861264
    22.96759449       44.92654192        0.43867845        0.22151680        1.75000000        1.41700258
    23.02272664       44.98169202        0.44044859        0.22057294        1.75000000        1.41539424
    23.07772995       45.03684211        0.44221790        0.21962788        1.75000000        1.41378760
    23.13260513       45.09199221        0.44398640        0.21868163        1.75000000        1.41218267
    23.18735286       45.14714230        0.44575407        0.21773417        1.75000000        1.41057944
    23.24197384       45.20229240        0.44752094        0.21678548        1.75000000        1.40897790
    23.29646875       45.25744249        0.44928700        0.21583557        1.75000000        1.40737804
    23.35083825       45.31259259        0.45105225        0.21488441        1.75000000        1.40577985
    23.40508299       45.36774268        0.45281669        0.21393201        1.75000000        1.40418334
    23.45920361       45.42289278        0.45458034        0.21297835        1.75000000        1.40258850
    23.51320073       45.47804288        0.45634318        0.21202343        1.75000000        1.40099532
    23.56707498       45.53319297        0.45810523        0.21106723        1.75000000        1.39940379
    23.62082696       45.58834307        0.45986649        0.21010974        1.75000000        1.39781391
    23.67445726       45.64349316        0.46162695        0.20915096        1.75000000        1.39622567
    23.72796648       45.69864326        0.46338662        0.20819088        1.75000000        1.39463908
    23.78135518       45.75379335        0.46514551        0.20722949        1.75000000        1.39305411
    23.83462393       45.80894345        0.46690360        0.20626678        1.75000000        1.39147077
    23.88777327       45.86409354        0.46866091        0.20530273        1.75000000        1.38988905
    23.94080377       45.91924364        0.47041743        0.20433735        1.75000000        1.38830894
    23.99371594       45.97439373        0.47217318        0.20337063        1.75000000        1.38673045
    24.04651032       46.02954383        0.47392813        0.20240254        1.75000000        1.38515356
    24.09918742       46.08469392        0.47568231        0.20143310        1.75000000        1.38357827
    24.15174774       46.13984402        0.47743571        0.20046228        1.75000000        1.38200457
    24.20419179       46.19499412        0.47918832        0.19949008        1.75000000        1.38043247
    24.25652005       46.25014421        0.48094016        0.19851650        1.75000000        1.37886194
    24.30873300       46.30529431        0.48269122        0.19754151        1.75000000        1.37729300
    24.36083111       46.36044440        0.48444150        0.19656512        1.75000000        1.37572563
    24.41281484       46.41559450        0.48619100        0.19558732        1.75000000        1.37415982
    24.46468464       46.47074459        0.48793973        0.19460809        1.75000000        1.37259559
    24.51644098       46.52589469        0.48968768        0.19362744        1.75000000        1.37103291
    24.56808427       46.58104478        0.49143485        0.19264534        1.75000000        1.36947178
    24.61961495       46.63619488        0.49318124        0.19166180        1.75000000        1.36791220
    24.67103345       46.69134497        0.49492686        0.19067680        1.75000000        1.36635417
    24.72234017       46.74649507        0.49667170        0.18969034        1.75000000        1.36479768
    24.77353552       46.80164517        0.49841576        0.18870241        1.75000000        1.36324272
    24.82461990       46.85679526        0.50015904        0.18771299        1.75000000        1.36168930
    24.87559371       46.91194536        0.50190154        0.18672209        1.75000000        1.36013740
    24.92645733       46.96709545        0.50364326        0.18572970        1.75000000        1.35858702
    24.97721113       47.02224555        0.50538421        0.18473580        1.75000000        1.35703816
    25.02785549       47.07739564        0.50712437        0.18374039        1.75000000        1.35549081
    25.07839077       47.13254574        0.50886375        0.18274347        1.75000000        1.35394496
    25.12881732       47.18769583        0.51060235        0.18174501        1.75000000        1.35240063
    25.17913550       47.24284593        0.51234016        0.18074502        1.75000000        1.35085779
    25.22934566       47.29799602        0.51407719        0.17974349        1.75000000        1.34931644
    25.27944812       47.35314612        0.51581343        0.17874041        1.75000000        1.34777659
    25.32944321       47.40829622        0.51754889        0.17773577        1.75000000        1.34623823
    25.37933127       47.46344631        0.51928356        0.17672957        1.75000000        1.34470134
    25.42911262       47.51859641        0.52101744        0.17572179        1.75000000        1.34316594
    25.47878755       47.57374650        0.52275052        0.17471243        1.75000000        1.34163201
    25.52835638       47.62889660        0.52448282        0.17370149        1.75000000        1.34009955
    25.57781941       47.68404669        0.52621432        0.17268894        1.75000000        1.33856855
    25.62717693       47.73919679        0.52794503        0.17167480        1.75000000        1.33703902
    25.67642923       47.79434688        0.52967493        0.17065904        1.75000000        1.33551095
    25.72557660       47.84949698        0.53140404        0.16964166        1.75000000        1.33398433
    25.77461930       47.90464707        0.53313235        0.16862266        1.75000000        1.33245917
    25.82355762       47.95979717        0.53485986        0.16760202        1.75000000        1.33093545
    25.87239182       48.01494726        0.53658656        0.16657974        1.75000000        1.32941317
    25.92112214       48.07009736        0.53831245        0.16555581        1.75000000        1.32789234
    25.96974887       48.12524746        0.54003754        0.16453023        1.75000000        1.32637294
    26.01827224       48.18039755        0.54176181        0.16350298        1.75000000        1.32485497
    26.06669249       48.23554765        0.54348527        0.16247406        1.75000000        1.32333843
    26.11500987       48.29069774        0.54520792        0.16144347        1.75000000        1.32182332
    26.16322461       48.34584784        0.54692975        0.16041118        1.75000000        1.32030963
    26.21133694       48.40099793        0.54865076        0.15937721        1.75000000        1.31879735
    26.25934709       48.45614803        0.55037095        0.15834153        1.75000000        1.31728650
    26.30725527       48.51129812        0.55209031        0.15730415        1.75000000        1.31577705
    26.35506170       48.56644822        0.55380885        0.15626505        1.75000000        1.31426901
    26.40276658       48.62159831        0.55552656        0.15522423        1.75000000        1.31276238
    26.45037013       48.67674841        0.55724343        0.15418167        1.75000000        1.31125715
    26.49787255       48.73189851        0.55895947        0.15313739        1.75000000        1.30975331
    26.54527402       48.78704860        0.56067468        0.15209135        1.75000000        1.30825087
    26.59257475       48.84219870        0.56238904        0.15104357        1.75000000        1.30674983
    26.63977492       48.89734879        0.56410256        0.14999403        1.75000000        1.30525017
    26.68687470       48.95249889        0.56581524        0.14894272        1.75000000        1.30375190
    26.73387429       49.00764898        0.56752706        0.14788964        1.75000000        1.30225501
    26.78077384       49.06279908        0.56923804        0.14683477        1.75000000        1.30075950
    26.82757355       49.11794917        0.57094816        0.14577812        1.75000000        1.29926536
    26.87427355       49.17309927        0.57265743        0.14471968        1.75000000        1.29777260
    26.92087403       49.22824936        0.57436583        0.14365944        1.75000000        1.29628121
    26.96737513       49.28339946        0.57607337        0.14259738        1.75000000        1.29479119
    27.01377701       49.33854955        0.57778005        0.14153351        1.75000000        1.29330253
    27.06007982       49.39369965        0.57948585        0.14046782        1.75000000        1.29181524
    27.10628369       49.44884975        0.58119079        0.13940029        1.75000000        1.29032930
    27.15238878       49.50399984        0.58289485        0.13833093        1.75000000        1.28884472
    27.19839522       49.55914994        0.58459802        0.13725973        1.75000000        1.28736150
    27.24430313       49.61430003        0.58630032        0.13618667        1.75000000        1.28587962
    27.29011267       49.66945013        0.58800173        0.13511176        1.75000000        1.28439910
    27.33582393       49.72460022        0.58970225        0.13403497        1.75000000        1.28291991
    27.38143705       49.77975032        0.59140188        0.13295632        1.75000000        1.28144208
    27.42695214       49.83490041        0.59310062        0.13187579        1.75000000        1.27996558
    27.47236933       49.89005051        0.59479845        0.13079337        1.75000000        1.27849042
    27.51768871       49.94520060        0.59649538        0.12970905        1.75000000        1.27701659
    27.56291040       50.00035070        0.59819141        0.12862284        1.75000000        1.27554410
    27.60803450       50.05550080        0.59988653        0.12753472        1.75000000        1.27407294
    27.65306110       50.11065089        0.60158073        0.12644468        1.75000000        1.27260310
    27.69799031       50.16580099        0.60327401        0.12535272        1.75000000        1.27113460
    27.74282221       50.22095108        0.60496638        0.12425883        1.75000000        1.26966741
    27.78755690       50.27610118        0.60665782        0.12316301        1.75000000        1.26820155
    27.83219446       50.33125127        0.60834833        0.12206524        1.75000000        1.26673700
    27.87673498       50.38640137        0.61003791        0.12096553        1.75000000        1.26527377
    27.92117852       50.44155146        0.61172656        0.11986386        1.75000000        1.26381185
    27.96552518       50.49670156        0.61341426        0.11876022        1.75000000        1.26235125
    28.00977501       50.55185165        0.61510102        0.11765461        1.75000000        1.26089195
    28.05392809       50.60700175        0.61678684        0.11654703        1.75000000        1.25943396
    28.09798449       50.66215184        0.61847170        0.11543746        1.75000000        1.25797728
    28.14194426       50.71730194        0.62015561        0.11432590        1.75000000        1.25652190
    28.18580747       50.77245204        0.62183856        0.11321234        1.75000000        1.25506782
    28.22957416       50.82760213        0.62352055        0.11209678        1.75000000        1.25361504
    28.27324441       50.88275223        0.62520157        0.11097920        1.75000000        1.25216356
    28.31681825       50.93790232        0.62688162        0.10985961        1.75000000        1.25071337
    28.36029573       50.99305242        0.62856070        0.10873799        1.75000000        1.24926447
    28.40367690       51.04820251        0.63023880        0.10761433        1.75000000        1.24781687
    28.44696179       51.10335261        0.63191591        0.10648864        1.75000000        1.24637055
    28.49015044       51.15850270        0.63359204        0.10536090        1.75000000        1.24492553
    28.53324289       51.21365280        0.63526717        0.10423110        1.75000000        1.24348178
    28.57623917       51.26880289        0.63694131        0.10309925        1.75000000        1.24203932
    28.61913930       51.32395299        0.63861445        0.10196532        1.75000000        1.24059814
    28.66194332       51.37910309        0.64028659        0.10082933        1.75000000        1.23915824
    28.70465124       51.43425318        0.64195772        0.09969125        1.75000000        1.23771962
    28.74726309       51.48940328        0.64362784        0.09855108        1.75000000        1.23628228
    28.78977888       51.54455337        0.64529694        0.09740882        1.75000000        1.23484621
    28.83219863       51.59970347        0.64696502        0.09626445        1.75000000        1.23341141
    28.87452234       51.65485356        0.64863207        0.09511798        1.75000000        1.23197789
    28.91675003       51.71000366        0.65029809        0.09396939        1.75000000        1.23054563
    28.95888170       51.76515375        0.65196309        0.09281868        1.75000000        1.22911464
    29.00091736       51.82030385        0.65362704        0.09166584        1.75000000        1.22768492
    29.04285700       51.87545394        0.65528995        0.09051086        1.75000000        1.22625646
    29.08470062       51.93060404        0.65695181        0.08935374        1.75000000        1.22482927
    29.12644822       51.98575413        0.65861262        0.08819447        1.75000000        1.22340334
    29.16809979       52.04090423        0.66027238        0.08703304        1.75000000        1.22197867
    29.20965531       52.09605433        0.66193108        0.08586945        1.75000000        1.22055525
    29.25111477       52.15120442        0.66358871        0.08470369        1.75000000        1.21913310
    29.29247817       52.20635452        0.66524527        0.08353575        1.75000000        1.21771220
    29.33374547       52.26150461        0.66690075        0.08236562        1.75000000        1.21629256
    29.37491666       52.31665471        0.66855516        0.08119330        1.75000000        1.21487416
    29.41599171       52.37180480        0.67020849        0.08001879        1.75000000        1.21345703
    29.45697060       52.42695490        0.67186073        0.07884207        1.75000000        1.21204114
    29.49785330       52.48210499        0.67351187        0.07766314        1.75000000        1.21062650
    29.53863977       52.53725509        0.67516192        0.07648199        1.75000000        1.20921311
    29.57932998       52.59240518        0.67681087        0.07529861        1.75000000        1.20780096
    29.61992390       52.64755528        0.67845872        0.07411300        1.75000000        1.20639006
    29.66042147       52.70270538        0.68010545        0.07292515        1.75000000        1.20498041
    29.70082267       52.75785547        0.68175106        0.07173506        1.75000000        1.20357200
    29.74112745       52.81300557        0.68339556        0.07054271        1.75000000        1.20216483
    29.78133576       52.86815566        0.68503893        0.06934810        1.75000000        1.20075890
    29.82144755       52.92330576        0.68668117        0.06815123        1.75000000        1.19935421
    29.86146277       52.97845585        0.68832228        0.06695208        1.75000000        1.19795076
    29.90138136       53.03360595        0.68996225        0.06575065        1.75000000        1.19654855
    29.94120327       53.08875604        0.69160108        0.06454693        1.75000000        1.19514758
    29.98092844       53.14390614        0.69323875        0.06334092        1.75000000        1.19374784
    30.02055681       53.19905623        0.69487528        0.06213261        1.75000000        1.19234933
    30.06008830       53.25420633        0.69651064        0.06092199        1.75000000        1.19095206
    30.09952286       53.30935643        0.69814484        0.05970906        1.75000000        1.18955603
    30.13886041       53.36450652        0.69977788        0.05849380        1.75000000        1.18816122
    30.17810089       53.41965662        0.70140974        0.05727621        1.75000000        1.18676765
    30.21724422       53.47480671        0.70304043        0.05605629        1.75000000        1.18537530
    30.25629033       53.52995681        0.70466993        0.05483403        1.75000000        1.18398418
    30.29523913       53.58510690        0.70629824        0.05360942        1.75000000        1.18259430
    30.33409054       53.64025700        0.70792537        0.05238245        1.75000000        1.18120564
    30.37284449       53.69540709        0.70955129        0.05115312        1.75000000        1.17981821
    30.41150087       53.75055719        0.71117602        0.04992142        1.75000000        1.17843200
    30.45005962       53.80570728        0.71279954        0.04868734        1.75000000        1.17704702
    30.48852064       53.86085738        0.71442184        0.04745088        1.75000000        1.17566326
    30.52688382       53.91600747        0.71604293        0.04621203        1.75000000        1.17428073
    30.56514909       53.97115757        0.71766280        0.04497079        1.75000000        1.17289942
    30.60331633       54.02630767        0.71928144        0.04372714        1.75000000        1.17151933
    30.64138546       54.08145776        0.72089885        0.04248108        1.75000000        1.17014046
    30.67935637       54.13660786        0.72251503        0.04123260        1.75000000        1.16876282
    30.71722896       54.19175795        0.72412996        0.03998169        1.75000000        1.16738640
    30.75500311       54.24690805        0.72574364        0.03872836        1.75000000        1.16601119
    30.79267873       54.30205814        0.72735608        0.03747259        1.75000000        1.16463721
    30.83025569       54.35720824        0.72896725        0.03621437        1.75000000        1.16326444
    30.86773389       54.41235833        0.73057717        0.03495370        1.75000000        1.16189290
    30.90511321       54.46750843        0.73218582        0.03369057        1.75000000        1.16052257
    30.94239353       54.52265852        0.73379319        0.03242498        1.75000000        1.15915346
    30.97957474       54.57780862        0.73539929        0.03115691        1.75000000        1.15778556
    31.01665670       54.63295872        0.73700411        0.02988637        1.75000000        1.15641888
    31.05363930       54.68810881        0.73860764        0.02861334        1.75000000        1.15505342
    31.09052241       54.74325891        0.74020988        0.02733781        1.75000000        1.15368917
    31.12730590       54.79840900        0.74181082        0.02605979        1.75000000        1.15232614
    31.16398963       54.85355910        0.74341046        0.02477926        1.75000000        1.15096433
    31.20057348       54.90870919        0.74500879        0.02349622        1.75000000        1.14960373
    31.23705731       54.96385929        0.74660581        0.02221066        1.75000000        1.14824434
    31.27344098       55.01900938        0.74820151        0.02092257        1.75000000        1.14688617
    31.30972435       55.07415948        0.74979588        0.01963195        1.75000000        1.14552921
    31.34590727       55.12930957        0.75138893        0.01833878        1.75000000        1.14417346
    31.38198961       55.18445967        0.75298065        0.01704307        1.75000000        1.14281893
    31.41797122       55.23960976        0.75457103        0.01574481        1.75000000        1.14146561
    31.45385194       55.29475986        0.75616006        0.01444398        1.75000000        1.14011350
    31.48963163       55.34990996        0.75774774        0.01314059        1.75000000        1.13876261
    31.52531014       55.40506005        0.75933407        0.01183462        1.75000000        1.13741293
    31.56088730       55.46021015        0.76091904        0.01052607        1.75000000        1.13606446
    31.59636295       55.51536024        0.76250265        0.00921494        1.75000000        1.13471720
    31.63173696       55.57051034        0.76408489        0.00790120        1.75000000        1.13337115
    31.66700913       55.62566043        0.76566575        0.00658487        1.75000000        1.13202632
    31.70217932       55.68081053        0.76724523        0.00526593        1.75000000        1.13068270
    31.73724735       55.73596062        0.76882333        0.00394437        1.75000000        1.12934029
    31.77221306       55.79111072        0.77040003        0.00262019        1.75000000        1.12799909
    31.80707628       55.84626081        0.77197534        0.00129338        1.75000000        1.12665910
    31.84183683       55.90141091        0.77354925       -0.00003606        1.75000000        1.12532033
    31.87649454       55.95656101        0.77512175       -0.00136815        1.75000000        1.12398276
    31.91104923       56.01171110        0.77669284       -0.00270288        1.75000000        1.12264641
    31.94550072       56.06686120        0.77826251       -0.00404027        1.75000000        1.12131127
    31.97984883       56.12201129        0.77983076       -0.00538033        1.75000000        1.11997735
    32.01409337       56.17716139        0.78139758       -0.00672305        1.75000000        1.11864463
    32.04823416       56.23231148        0.78296297       -0.00806845        1.75000000        1.11731313
    32.08227101       56.28746158        0.78452692       -0.00941653        1.75000000        1.11598284
    32.11620374       56.34261167        0.78608943       -0.01076731        1.75000000        1.11465376
    32.15003213       56.39776177        0.78765049       -0.01212077        1.75000000        1.11332589
    32.18375601       56.45291186        0.78921009       -0.01347694        1.75000000        1.11199924
    32.21737518       56.50806196        0.79076824       -0.01483583        1.75000000        1.11067380
    32.25088943       56.56321205        0.79232491       -0.01619742        1.75000000        1.10934957
    32.28429856       56.61836215        0.79388012       -0.01756174        1.75000000        1.10802656
    32.31760237       56.67351225        0.79543386       -0.01892880        1.75000000        1.10670476
    32.35080066       56.72866234        0.79698611       -0.02029858        1.75000000        1.10538418
    32.38389322       56.78381244        0.79853687       -0.02167111        1.75000000        1.10406480
    32.41687983       56.83896253        0.80008615       -0.02304640        1.75000000        1.10274665
    32.44976028       56.89411263        0.80163392       -0.02442443        1.75000000        1.10142970
    32.48253437       56.94926272        0.80318019       -0.02580523        1.75000000        1.10011398
    32.51520186       57.00441282        0.80472496       -0.02718880        1.75000000        1.09879947
    32.54776255       57.05956291        0.80626821       -0.02857515        1.75000000        1.09748617
    32.58021622       57.11471301        0.80780994       -0.02996428        1.75000000        1.09617409
    32.61256263       57.16986310        0.80935015       -0.03135620        1.75000000        1.09486323
    32.64480156       57.22501320        0.81088883       -0.03275092        1.75000000        1.09355359
    32.67693279       57.28016330        0.81242598       -0.03414844        1.75000000        1.09224516
    32.70895609       57.33531339        0.81396158       -0.03554877        1.75000000        1.09093795
    32.74087122       57.39046349        0.81549564       -0.03695192        1.75000000        1.08963196
    32.77267795       57.44561358        0.81702815       -0.03835789        1.75000000        1.08832719
    32.80437604       57.50076368        0.81855910       -0.03976669        1.75000000        1.08702364
    32.83596526       57.55591377        0.82008848       -0.04117832        1.75000000        1.08572131
    32.86744536       57.61106387        0.82161630       -0.04259280        1.75000000        1.08442019
    32.89881610       57.66621396        0.82314255       -0.04401012        1.75000000        1.08312031
    32.93007724       57.72136406        0.82466722       -0.04543031        1.75000000        1.08182164
    32.96122852       57.77651415        0.82619030       -0.04685335        1.75000000        1.08052419
    32.99226970       57.83166425        0.82771180       -0.04827927        1.75000000        1.07922797
    33.02320053       57.88681435        0.82923170       -0.04970805        1.75000000        1.07793297
    33.05402074       57.94196444        0.83075000       -0.05113972        1.75000000        1.07663920
    33.08473009       57.99711454        0.83226669       -0.05257428        1.75000000        1.07534665
    33.11532832       58.05226463        0.83378177       -0.05401174        1.75000000        1.07405533
    33.14581517       58.10741473        0.83529524       -0.05545209        1.75000000        1.07276523
    33.17619036       58.16256482        0.83680708       -0.05689535        1.75000000        1.07147636
    33.20645364       58.21771492        0.83831730       -0.05834153        1.75000000        1.07018872
    33.23660474       58.27286501        0.83982588       -0.05979063        1.75000000        1.06890231
    33.26664339       58.32801511        0.84133282       -0.06124265        1.75000000        1.06761713
    33.29656932       58.38316520        0.84283812       -0.06269760        1.75000000        1.06633317
    33.32638224       58.43831530        0.84434177       -0.06415550        1.75000000        1.06505045
    33.35608190       58.49346539        0.84584377       -0.06561634        1.75000000        1.06376896
    33.38566800       58.54861549        0.84734410       -0.06708014        1.75000000        1.06248871
    33.41514027       58.60376559        0.84884277       -0.06854689        1.75000000        1.06120968
    33.44449842       58.65891568        0.85033976       -0.07001660        1.75000000        1.05993189
    33.47374216       58.71406578        0.85183508       -0.07148929        1.75000000        1.05865534
    33.50287121       58.76921587        0.85332871       -0.07296496        1.75000000        1.05738002
    33.53188528       58.82436597        0.85482066       -0.07444361        1.75000000        1.05610594
    33.56078408       58.87951606        0.85631091       -0.07592524        1.75000000        1.05483310
    33.58956730       58.93466616        0.85779947       -0.07740988        1.75000000        1.05356150
    33.61823466       58.98981625        0.85928631       -0.07889751        1.75000000        1.05229114
    33.64678585       59.04496635        0.86077145       -0.08038816        1.75000000        1.05102202
    33.67522057       59.10011644        0.86225487       -0.08188182        1.75000000        1.04975414
    33.70353852       59.15526654        0.86373657       -0.08337850        1.75000000        1.04848750
    33.73173939       59.21041664        0.86521654       -0.08487820        1.75000000        1.04722211
    33.75982287       59.26556673        0.86669478       -0.08638094        1.75000000        1.04595796
    33.78778865       59.32071683        0.86817128       -0.08788672        1.75000000        1.04469506
    33.81563642       59.37586692        0.86964604       -0.08939554        1.75000000        1.04343341
    33.84336586       59.43101702        0.87111905       -0.09090741        1.75000000        1.04217300
    33.87097665       59.48616711        0.87259030       -0.09242234        1.75000000        1.04091385
    33.89846848       59.54131721        0.87405979       -0.09394034        1.75000000        1.03965594
    33.92584101       59.59646730        0.87552752       -0.09546140        1.75000000        1.03839929
    33.95309393       59.65161740        0.87699347       -0.09698553        1.75000000        1.03714389
    33.98022690       59.70676749        0.87845765       -0.09851275        1.75000000        1.03588975
    34.00723960       59.76191759        0.87992004       -0.10004305        1.75000000        1.03463686
    34.03413169       59.81706768        0.88138064       -0.10157644        1.75000000        1.03338522
    34.06090284       59.87221778        0.88283945       -0.10311294        1.75000000        1.03213485
    34.08755272       59.92736788        0.88429646       -0.10465253        1.75000000        1.03088573
    34.11408097       59.98251797        0.88575167       -0.10619524        1.75000000        1.02963788
    34.14048726       60.03766807        0.88720506       -0.10774106        1.75000000        1.02839128
    34.16677125       60.09281816        0.88865664       -0.10929000        1.75000000        1.02714595
    34.19293258       60.14796826        0.89010640       -0.11084207        1.75000000        1.02590189
    34.21897092       60.20311835        0.89155432       -0.11239726        1.75000000        1.02465909
    34.24488590       60.25826845        0.89300042       -0.11395560        1.75000000        1.02341755
    34.27067717       60.31341854        0.89444467       -0.11551708        1.75000000        1.02217729
    34.29634438       60.36856864        0.89588708       -0.11708171        1.75000000        1.02093829
    34.32188716       60.42371873        0.89732764       -0.11864949        1.75000000        1.01970057
    34.34730516       60.47886883        0.89876634       -0.12022044        1.75000000        1.01846411
    34.37259801       60.53401893        0.90020319       -0.12179454        1.75000000        1.01722894
    34.39776534       60.58916902        0.90163816       -0.12337182        1.75000000        1.01599503
    34.42280679       60.64431912        0.90307126       -0.12495228        1.75000000        1.01476241
    34.44772197       60.69946921        0.90450249       -0.12653591        1.75000000        1.01353106
    34.47251053       60.75461931        0.90593182       -0.12812273        1.75000000        1.01230100
    34.49717208       60.80976940        0.90735927       -0.12971275        1.75000000        1.01107221
    34.52170624       60.86491950        0.90878483       -0.13130596        1.75000000        1.00984471
    34.54611263       60.92006959        0.91020848       -0.13290237        1.75000000        1.00861849
    34.57039087       60.97521969        0.91163023       -0.13450199        1.75000000        1.00739356
    34.59454057       61.03036978        0.91305006       -0.13610482        1.75000000        1.00616991
    34.61856134       61.08551988        0.91446797       -0.13771087        1.75000000        1.00494756
    34.64245279       61.14066997        0.91588396       -0.13932014        1.75000000        1.00372649
    34.66621452       61.19582007        0.91729803       -0.14093263        1.75000000        1.00250672
    34.68984613       61.25097017        0.91871015       -0.14254836        1.75000000        1.00128824
    34.71334724       61.30612026        0.92012034       -0.14416733        1.75000000        1.00007106
    34.73671742       61.36127036        0.92152858       -0.14578954        1.75000000        0.99885518
    34.75995629       61.41642045        0.92293486       -0.14741499        1.75000000        0.99764059
    34.78306343       61.47157055        0.92433919       -0.14904370        1.75000000        0.99642731
    34.80603843       61.52672064        0.92574156       -0.15067566        1.75000000        0.99521533
    34.82888088       61.58187074        0.92714196       -0.15231088        1.75000000        0.99400465
    34.85159036       61.63702083        0.92854038       -0.15394937        1.75000000        0.99279528
    34.87416646       61.69217093        0.92993682       -0.15559113        1.75000000        0.99158722
    34.89660875       61.74732102        0.93133127       -0.15723616        1.75000000        0.99038046
    34.91891682       61.80247112        0.93272373       -0.15888447        1.75000000        0.98917502
    34.94109023       61.85762122        0.93411420       -0.16053606        1.75000000        0.98797089
    34.96312855       61.91277131        0.93550266       -0.16219094        1.75000000        0.98676808
    34.98503136       61.96792141        0.93688911       -0.16384911        1.75000000        0.98556658
    35.00679822       62.02307150        0.93827354       -0.16551057        1.75000000        0.98436640
    35.02842870       62.07822160        0.93965596       -0.16717534        1.75000000        0.98316754
    35.04992235       62.13337169        0.94103635       -0.16884341        1.75000000        0.98197001
    35.07127872       62.18852179        0.94241471       -0.17051478        1.75000000        0.98077380
    35.09249739       62.24367188        0.94379103       -0.17218947        1.75000000        0.97957891
    35.11357789       62.29882198        0.94516530       -0.17386748        1.75000000        0.97838536
    35.13451979       62.35397207        0.94653753       -0.17554880        1.75000000        0.97719313
    35.15532261       62.40912217        0.94790770       -0.17723345        1.75000000        0.97600224
    35.17598592       62.46427226        0.94927581       -0.17892142        1.75000000        0.97481268
    35.19650924       62.51942236        0.95064185       -0.18061272        1.75000000        0.97362446
    35.21689212       62.57457246        0.95200582       -0.18230736        1.75000000        0.97243757
    35.23713409       62.62972255        0.95336772       -0.18400534        1.75000000        0.97125203
    35.25723469       62.68487265        0.95472752       -0.18570666        1.75000000        0.97006783
    35.27719344       62.74002274        0.95608524       -0.18741132        1.75000000        0.96888497
    35.29700988       62.79517284        0.95744087       -0.18911933        1.75000000        0.96770346
    35.31668352       62.85032293        0.95879439       -0.19083069        1.75000000        0.96652330
    35.33621389       62.90547303        0.96014581       -0.19254540        1.75000000        0.96534449
    35.35560050       62.96062312        0.96149511       -0.19426347        1.75000000        0.96416704
    35.37484287       63.01577322        0.96284229       -0.19598491        1.75000000        0.96299093
    35.39394052       63.07092331        0.96418735       -0.19770970        1.75000000        0.96181619
    35.41289295       63.12607341        0.96553028       -0.19943786        1.75000000        0.96064281
    35.43169967       63.18122351        0.96687107       -0.20116939        1.75000000        0.95947078
    35.45036018       63.23637360        0.96820973       -0.20290429        1.75000000        0.95830012
    35.46887399       63.29152370        0.96954623       -0.20464257        1.75000000        0.95713083
    35.48724059       63.34667379        0.97088058       -0.20638422        1.75000000        0.95596291
    35.50545947       63.40182389        0.97221277       -0.20812925        1.75000000        0.95479635
    35.52353013       63.45697398        0.97354280       -0.20987766        1.75000000        0.95363117
    35.54145206       63.51212408        0.97487065       -0.21162946        1.75000000        0.95246737
    35.55922475       63.56727417        0.97619633       -0.21338464        1.75000000        0.95130494
    35.57684767       63.62242427        0.97751983       -0.21514321        1.75000000        0.95014389
    35.59432030       63.67757436        0.97884114       -0.21690517        1.75000000        0.94898423
    35.61164213       63.73272446        0.98016025       -0.21867052        1.75000000        0.94782595
    35.62881262       63.78787456        0.98147716       -0.22043927        1.75000000        0.94666905
    35.64583126       63.84302465        0.98279187       -0.22221141        1.75000000        0.94551355
    35.66269750       63.89817475        0.98410436       -0.22398695        1.75000000        0.94435944
    35.67941081       63.95332484        0.98541464       -0.22576589        1.75000000        0.94320672
    35.69597065       64.00847494        0.98672270       -0.22754822        1.75000000        0.94205540
    35.71237648       64.06362503        0.98802852       -0.22933396        1.75000000        0.94090548
    35.72862775       64.11877513        0.98933211       -0.23112310        1.75000000        0.93975696
    35.74472393       64.17392522        0.99063346       -0.23291565        1.75000000        0.93860985
    35.76066445       64.22907532        0.99193256       -0.23471159        1.75000000        0.93746414
    35.77644876       64.28422541        0.99322941       -0.23651095        1.75000000        0.93631984
    35.79207631       64.33937551        0.99452400       -0.23831371        1.75000000        0.93517695
    35.80754653       64.39452560        0.99581632       -0.24011988        1.75000000        0.93403548
    35.82285886       64.44967570        0.99710637       -0.24192945        1.75000000        0.93289543
    35.83801274       64.50482580        0.99839415       -0.24374244        1.75000000        0.93175679
    35.85300760       64.55997589        0.99967964       -0.24555883        1.75000000        0.93061958
    35.86784286       64.61512599        1.00096285       -0.24737863        1.75000000        0.92948379
    35.88251794       64.67027608        1.00224376       -0.24920184        1.75000000        0.92834943
    35.89703226       64.72542618        1.00352237       -0.25102846        1.75000000        0.92721650
    35.91138525       64.78057627        1.00479867       -0.25285849        1.75000000        0.92608500
    35.92557632       64.83572637        1.00607267       -0.25469193        1.75000000        0.92495494
    35.93960487       64.89087646        1.00734434       -0.25652877        1.75000000        0.92382632
    35.95347032       64.94602656        1.00861369       -0.25836903        1.75000000        0.92269913
    35.96717207       65.00117665        1.00988071       -0.26021269        1.75000000        0.92157339
    35.98070952       65.05632675        1.01114539       -0.26205975        1.75000000        0.92044910
    35.99408206       65.11147685        1.01240773       -0.26391022        1.75000000        0.91932626
    36.00728909       65.16662694        1.01366772       -0.26576410        1.75000000        0.91820487
    36.02033001       65.22177704        1.01492536       -0.26762138        1.75000000        0.91708493
    36.03320419       65.27692713        1.01618064       -0.26948206        1.75000000        0.91596645
    36.04591102       65.33207723        1.01743355       -0.27134614        1.75000000        0.91484944
    36.05844989       65.38722732        1.01868409       -0.27321362        1.75000000        0.91373388
    36.07082017       65.44237742        1.01993225       -0.27508450        1.75000000        0.91261980
    36.08302123       65.49752751        1.02117803       -0.27695877        1.75000000        0.91150718
    36.09505245       65.55267761        1.02242142       -0.27883644        1.75000000        0.91039603
    36.10691318       65.60782770        1.02366241       -0.28071750        1.75000000        0.90928636
    36.11860280       65.66297780        1.02490099       -0.28260195        1.75000000        0.90817817
    36.13012066       65.71812789        1.02613717       -0.28448978        1.75000000        0.90707146
    36.14146613       65.77327799        1.02737094       -0.28638100        1.75000000        0.90596623
    36.15263855       65.82842809        1.02860228       -0.28827560        1.75000000        0.90486249
    36.16363727       65.88357818        1.02983120       -0.29017357        1.75000000        0.90376024
    36.17446164       65.93872828        1.03105768       -0.29207492        1.75000000        0.90265948
    36.18511100       65.99387837        1.03228172       -0.29397965        1.75000000        0.90156022
    36.19558470       66.04902847        1.03350332       -0.29588774        1.75000000        0.90046246
    36.20588205       66.10417856        1.03472247       -0.29779919        1.75000000        0.89936620
    36.21600241       66.15932866        1.03593916       -0.29971401        1.75000000        0.89827144
    36.22594509       66.21447875        1.03715339       -0.30163219        1.75000000        0.89717819
    36.23570942       66.26962885        1.03836515       -0.30355371        1.75000000        0.89608646
    36.24529472       66.32477894        1.03957443       -0.30547859        1.75000000        0.89499624
    36.25470030       66.37992904        1.04078123       -0.30740681        1.75000000        0.89390754
    36.26392549       66.43507914        1.04198554       -0.30933837        1.75000000        0.89282036
    36.27296960       66.49022923        1.04318735       -0.31127326        1.75000000        0.89173470
    36.28183192       66.54537933        1.04438667       -0.31321149        1.75000000        0.89065057
    36.29051175       66.60052942        1.04558348       -0.31515303        1.75000000        0.88956797
    36.29900842       66.65567952        1.04677778       -0.31709790        1.75000000        0.88848691
    36.30732119       66.71082961        1.04796955       -0.31904608        1.75000000        0.88740738
    36.31544938       66.76597971        1.04915880       -0.32099757        1.75000000        0.88632939
    36.32339225       66.82112980        1.05034552       -0.32295236        1.75000000        0.88525295
    36.33114911       66.87627990        1.05152970       -0.32491044        1.75000000        0.88417806
    36.33871922       66.93142999        1.05271134       -0.32687181        1.75000000        0.88310471
    36.34610187       66.98658009        1.05389043       -0.32883647        1.75000000        0.88203292
    36.35329633       67.04173018        1.05506696       -0.33080440        1.75000000        0.88096268
    36.36030187       67.09688028        1.05624092       -0.33277560        1.75000000        0.87989401
    36.36711774       67.15203038        1.05741232       -0.33475005        1.75000000        0.87882690
    36.37374323       67.20718047        1.05858114       -0.33672777        1.75000000        0.87776136
    36.38017757       67.26233057        1.05974737       -0.33870873        1.75000000        0.87669739
    36.38642003       67.31748066        1.06091102       -0.34069292        1.75000000        0.87563499
    36.39246986       67.37263076        1.06207208       -0.34268035        1.75000000        0.87457417
    36.39832630       67.42778085        1.06323053       -0.34467099        1.75000000        0.87351493
    36.40398858       67.48293095        1.06438638       -0.34666485        1.75000000        0.87245728
    36.40945597       67.53808104        1.06553961       -0.34866192        1.75000000        0.87140121
    36.41472767       67.59323114        1.06669022       -0.35066218        1.75000000        0.87034674
    36.41980294       67.64838123        1.06783820       -0.35266562        1.75000000        0.86929386
    36.42468098       67.70353133        1.06898355       -0.35467224        1.75000000        0.86824258
    36.42936104       67.75868143        1.07012626       -0.35668202        1.75000000        0.86719290
    36.43384231       67.81383152        1.07126632       -0.35869496        1.75000000        0.86614483
    36.43812402       67.86898162        1.07240373       -0.36071105        1.75000000        0.86509837
    36.44220538       67.92413171        1.07353848       -0.36273027        1.75000000        0.86405352
    36.44608560       67.97928181        1.07467057       -0.36475261        1.75000000        0.86301029
    36.44976388       68.03443190        1.07579998       -0.36677807        1.75000000        0.86196868
    36.45323941       68.08958200        1.07692671       -0.36880662        1.75000000        0.86092869
    36.45651139       68.14473209        1.07805076       -0.37083827        1.75000000        0.85989033
    36.45957902       68.19988219        1.07917212       -0.37287300        1.75000000        0.85885361
    36.46244147       68.25503228        1.08029077       -0.37491079        1.75000000        0.85781852
    36.46509793       68.31018238        1.08140672       -0.37695163        1.75000000        0.85678506
    36.46754757       68.36533248        1.08251996       -0.37899551        1.75000000        0.85575325
    36.46978959       68.42048257        1.08363048       -0.38104242        1.75000000        0.85472309
    36.47182313       68.47563267        1.08473828       -0.38309234        1.75000000        0.85369458
    36.47364737       68.53078276        1.08584334       -0.38514526        1.75000000        0.85266772
    36.47526147       68.58593286        1.08694567       -0.38720117        1.75000000        0.85164253
    36.47666458       68.64108295        1.08804525       -0.38926005        1.75000000        0.85061899
    36.47785587       68.69623305        1.08914207       -0.39132189        1.75000000        0.84959712
    36.47883447       68.75138314        1.09023614       -0.39338667        1.75000000        0.84857692
    36.47959954       68.80653324        1.09132744       -0.39545437        1.75000000        0.84755839
    36.48015021       68.86168333        1.09241598       -0.39752499        1.75000000        0.84654154
    36.48048563       68.91683343        1.09350173       -0.39959850        1.75000000        0.84552637
    36.48060492       68.97198352        1.09458469       -0.40167489        1.75000000        0.84451289
