#  Theta paroi en deg Angle Choc en deg       Kp           Inverse Mach       Mach amont       Mach aval
     0.00000000       38.68218745        0.00000000        0.37500000        1.60000000
     2.15952585       38.68372699        0.00930195        0.37060542        1.60000000        1.59994714
     2.55881943       38.68588107        0.01242332        0.36913095        1.60000000        1.59987319
     3.00755742       38.68987879        0.01633356        0.36728387        1.60000000        1.59973596
     3.50162386       38.69694924        0.02109610        0.36503418        1.60000000        1.59949331
     4.01631137       38.70832152        0.02653260        0.36246596        1.60000000        1.59910314
     4.53635627       38.72522473        0.03248759        0.35965243        1.60000000        1.59852352
     5.05485834       38.74888794        0.03886152        0.35664028        1.60000000        1.59771268
     5.56940860       38.78054026        0.04559686        0.35345629        1.60000000        1.59662916
     6.07975277       38.82141078        0.05266331        0.35011429        1.60000000        1.59523191
     6.58662922       38.87272859        0.06004813        0.34661972        1.60000000        1.59348037
     7.00485641       38.92404640        0.06640772        0.34360838        1.60000000        1.59173203
     7.36542390       38.97536422        0.07207895        0.34092126        1.60000000        1.58998687
     7.68510662       39.02668203        0.07725019        0.33846947        1.60000000        1.58824486
     7.97409611       39.07799984        0.08203881        0.33619763        1.60000000        1.58650600
     8.23908677       39.12931765        0.08652357        0.33406858        1.60000000        1.58477026
     8.48473149       39.18063547        0.09076015        0.33205604        1.60000000        1.58303763
     8.71440616       39.23195328        0.09478959        0.33014066        1.60000000        1.58130808
     8.93064426       39.28327109        0.09864310        0.32830771        1.60000000        1.57958160
     9.13539969       39.33458890        0.10234504        0.32654569        1.60000000        1.57785818
     9.33021365       39.38590672        0.10591483        0.32484546        1.60000000        1.57613779
     9.51632501       39.43722453        0.10936823        0.32319956        1.60000000        1.57442042
     9.69474581       39.48854234        0.11271823        0.32160186        1.60000000        1.57270605
     9.86631428       39.53986015        0.11597567        0.32004726        1.60000000        1.57099467
    10.03173318       39.59117797        0.11914971        0.31853143        1.60000000        1.56928625
    10.19159798       39.64249578        0.12224818        0.31705068        1.60000000        1.56758079
    10.34641801       39.69381359        0.12527778        0.31560182        1.60000000        1.56587826
    10.49663258       39.74513140        0.12824437        0.31418212        1.60000000        1.56417865
    10.64262349       39.79644922        0.13115304        0.31278915        1.60000000        1.56248194
    10.78472482       39.84776703        0.13400827        0.31142079        1.60000000        1.56078813
    10.92323071       39.89908484        0.13681404        0.31007518        1.60000000        1.55909718
    11.05840158       39.95040265        0.13957387        0.30875063        1.60000000        1.55740909
    11.19046921       40.00172047        0.14229091        0.30744567        1.60000000        1.55572383
    11.31964082       40.05303828        0.14496801        0.30615895        1.60000000        1.55404141
    11.44610255       40.10435609        0.14760770        0.30488926        1.60000000        1.55236179
    11.57002224       40.15567390        0.15021230        0.30363550        1.60000000        1.55068497
    11.69155178       40.20699172        0.15278391        0.30239669        1.60000000        1.54901092
    11.81082914       40.25830953        0.15532444        0.30117191        1.60000000        1.54733964
    11.92798003       40.30962734        0.15783563        0.29996034        1.60000000        1.54567111
    12.04311936       40.36094515        0.16031908        0.29876122        1.60000000        1.54400531
    12.15635243       40.41226297        0.16277627        0.29757385        1.60000000        1.54234224
    12.26777603       40.46358078        0.16520855        0.29639759        1.60000000        1.54068187
    12.37747933       40.51489859        0.16761717        0.29523183        1.60000000        1.53902419
    12.48554465       40.56621640        0.17000329        0.29407603        1.60000000        1.53736919
    12.59204823       40.61753422        0.17236799        0.29292967        1.60000000        1.53571685
    12.69706072       40.66885203        0.17471225        0.29179229        1.60000000        1.53406716
    12.80064784       40.72016984        0.17703702        0.29066342        1.60000000        1.53242011
    12.90287074       40.77148766        0.17934315        0.28954267        1.60000000        1.53077567
    13.00378647       40.82280547        0.18163146        0.28842965        1.60000000        1.52913385
    13.10344835       40.87412328        0.18390271        0.28732398        1.60000000        1.52749462
    13.20190625       40.92544109        0.18615760        0.28622533        1.60000000        1.52585797
    13.29920693       40.97675891        0.18839680        0.28513339        1.60000000        1.52422389
    13.39539430       41.02807672        0.19062094        0.28404784        1.60000000        1.52259237
    13.49050960       41.07939453        0.19283060        0.28296840        1.60000000        1.52096338
    13.58459169       41.13071234        0.19502635        0.28189481        1.60000000        1.51933692
    13.67767717       41.18203016        0.19720871        0.28082682        1.60000000        1.51771298
    13.76980057       41.23334797        0.19937817        0.27976417        1.60000000        1.51609155
    13.86099454       41.28466578        0.20153520        0.27870666        1.60000000        1.51447260
    13.95128994       41.33598359        0.20368024        0.27765406        1.60000000        1.51285613
    14.04071601       41.38730141        0.20581372        0.27660616        1.60000000        1.51124212
    14.12930044       41.43861922        0.20793602        0.27556278        1.60000000        1.50963057
    14.21706953       41.48993703        0.21004754        0.27452374        1.60000000        1.50802146
    14.30404824       41.54125484        0.21214862        0.27348884        1.60000000        1.50641478
    14.39026030       41.59257266        0.21423962        0.27245794        1.60000000        1.50481051
    14.47572830       41.64389047        0.21632085        0.27143086        1.60000000        1.50320865
    14.56047375       41.69520828        0.21839262        0.27040746        1.60000000        1.50160918
    14.64451713       41.74652609        0.22045523        0.26938759        1.60000000        1.50001210
    14.72787800       41.79784391        0.22250897        0.26837112        1.60000000        1.49841738
    14.81057504       41.84916172        0.22455410        0.26735790        1.60000000        1.49682502
    14.89262606       41.90047953        0.22659087        0.26634781        1.60000000        1.49523500
    14.97404811       41.95179734        0.22861953        0.26534074        1.60000000        1.49364732
    15.05485750       42.00311516        0.23064033        0.26433656        1.60000000        1.49206196
    15.13506985       42.05443297        0.23265347        0.26333516        1.60000000        1.49047892
    15.21470011       42.10575078        0.23465918        0.26233643        1.60000000        1.48889818
    15.29376262       42.15706859        0.23665767        0.26134028        1.60000000        1.48731972
    15.37227114       42.20838641        0.23864913        0.26034659        1.60000000        1.48574355
    15.45023886       42.25970422        0.24063375        0.25935528        1.60000000        1.48416964
    15.52767847       42.31102203        0.24261172        0.25836625        1.60000000        1.48259800
    15.60460213       42.36233984        0.24458320        0.25737942        1.60000000        1.48102860
    15.68102157       42.41365766        0.24654838        0.25639469        1.60000000        1.47946143
    15.75694805       42.46497547        0.24850740        0.25541199        1.60000000        1.47789649
    15.83239241       42.51629328        0.25046043        0.25443124        1.60000000        1.47633377
    15.90736510       42.56761109        0.25240761        0.25345236        1.60000000        1.47477325
    15.98187616       42.61892891        0.25434909        0.25247527        1.60000000        1.47321493
    16.05593531       42.67024672        0.25628501        0.25149991        1.60000000        1.47165879
    16.12955186       42.72156453        0.25821549        0.25052620        1.60000000        1.47010483
    16.20273487       42.77288234        0.26014068        0.24955408        1.60000000        1.46855303
    16.27549301       42.82420016        0.26206070        0.24858348        1.60000000        1.46700338
    16.34783471       42.87551797        0.26397565        0.24761434        1.60000000        1.46545588
    16.41976807       42.92683578        0.26588567        0.24664660        1.60000000        1.46391052
    16.49130095       42.97815359        0.26779086        0.24568020        1.60000000        1.46236728
    16.56244093       43.02947141        0.26969133        0.24471509        1.60000000        1.46082616
    16.63319535       43.08078922        0.27158718        0.24375120        1.60000000        1.45928714
    16.70357129       43.13210703        0.27347851        0.24278849        1.60000000        1.45775022
    16.77357563       43.18342484        0.27536543        0.24182690        1.60000000        1.45621539
    16.84321504       43.23474266        0.27724802        0.24086638        1.60000000        1.45468264
    16.91249593       43.28606047        0.27912638        0.23990689        1.60000000        1.45315195
    16.98142455       43.33737828        0.28100059        0.23894837        1.60000000        1.45162333
    17.05000696       43.38869609        0.28287074        0.23799077        1.60000000        1.45009675
    17.11824901       43.44001391        0.28473692        0.23703406        1.60000000        1.44857222
    17.18615640       43.49133172        0.28659919        0.23607820        1.60000000        1.44704972
    17.25373464       43.54264953        0.28845765        0.23512312        1.60000000        1.44552924
    17.32098909       43.59396735        0.29031236        0.23416880        1.60000000        1.44401078
    17.38792495       43.64528516        0.29216339        0.23321520        1.60000000        1.44249433
    17.45454724       43.69660297        0.29401082        0.23226227        1.60000000        1.44097987
    17.52086090       43.74792078        0.29585472        0.23130998        1.60000000        1.43946741
    17.58687067       43.79923860        0.29769515        0.23035829        1.60000000        1.43795692
    17.65258118       43.85055641        0.29953217        0.22940716        1.60000000        1.43644841
    17.71799693       43.90187422        0.30136585        0.22845656        1.60000000        1.43494186
    17.78312229       43.95319203        0.30319625        0.22750645        1.60000000        1.43343726
    17.84796153       44.00450985        0.30502343        0.22655680        1.60000000        1.43193462
    17.91251877       44.05582766        0.30684744        0.22560758        1.60000000        1.43043391
    17.97679805       44.10714547        0.30866834        0.22465875        1.60000000        1.42893513
    18.04080327       44.15846328        0.31048618        0.22371028        1.60000000        1.42743828
    18.10453827       44.20978110        0.31230102        0.22276214        1.60000000        1.42594334
    18.16800674       44.26109891        0.31411290        0.22181430        1.60000000        1.42445031
    18.23121232       44.31241672        0.31592187        0.22086673        1.60000000        1.42295918
    18.29415853       44.36373453        0.31772799        0.21991941        1.60000000        1.42146994
    18.35684880       44.41505235        0.31953129        0.21897230        1.60000000        1.41998258
    18.41928647       44.46637016        0.32133183        0.21802537        1.60000000        1.41849710
    18.48147482       44.51768797        0.32312965        0.21707861        1.60000000        1.41701349
    18.54341701       44.56900578        0.32492479        0.21613198        1.60000000        1.41553174
    18.60511616       44.62032360        0.32671729        0.21518546        1.60000000        1.41405184
    18.66657529       44.67164141        0.32850719        0.21423902        1.60000000        1.41257379
    18.72779735       44.72295922        0.33029453        0.21329263        1.60000000        1.41109758
    18.78878522       44.77427703        0.33207935        0.21234628        1.60000000        1.40962320
    18.84954170       44.82559485        0.33386169        0.21139994        1.60000000        1.40815064
    18.91006956       44.87691266        0.33564158        0.21045359        1.60000000        1.40667991
    18.97037145       44.92823047        0.33741906        0.20950720        1.60000000        1.40521098
    19.03045000       44.97954828        0.33919416        0.20856075        1.60000000        1.40374385
    19.09030776       45.03086610        0.34096692        0.20761422        1.60000000        1.40227852
    19.14994722       45.08218391        0.34273736        0.20666758        1.60000000        1.40081498
    19.20937082       45.13350172        0.34450553        0.20572082        1.60000000        1.39935322
    19.26858094       45.18481953        0.34627144        0.20477392        1.60000000        1.39789324
    19.32757992       45.23613735        0.34803514        0.20382685        1.60000000        1.39643502
    19.38637000       45.28745516        0.34979664        0.20287960        1.60000000        1.39497857
    19.44495344       45.33877297        0.35155598        0.20193214        1.60000000        1.39352387
    19.50333238       45.39009078        0.35331319        0.20098446        1.60000000        1.39207092
    19.56150897       45.44140860        0.35506829        0.20003653        1.60000000        1.39061971
    19.61948527       45.49272641        0.35682132        0.19908835        1.60000000        1.38917024
    19.67726333       45.54404422        0.35857228        0.19813988        1.60000000        1.38772250
    19.73484512       45.59536203        0.36032122        0.19719111        1.60000000        1.38627648
    19.79223258       45.64667985        0.36206814        0.19624203        1.60000000        1.38483217
    19.84942763       45.69799766        0.36381309        0.19529261        1.60000000        1.38338958
    19.90643213       45.74931547        0.36555608        0.19434285        1.60000000        1.38194869
    19.96324789       45.80063328        0.36729713        0.19339271        1.60000000        1.38050950
    20.01987669       45.85195110        0.36903626        0.19244219        1.60000000        1.37907199
    20.07632030       45.90326891        0.37077350        0.19149128        1.60000000        1.37763618
    20.13258040       45.95458672        0.37250887        0.19053994        1.60000000        1.37620204
    20.18865869       46.00590453        0.37424239        0.18958817        1.60000000        1.37476958
    20.24455679       46.05722235        0.37597407        0.18863596        1.60000000        1.37333878
    20.30027631       46.10854016        0.37770394        0.18768328        1.60000000        1.37190964
    20.35581881       46.15985797        0.37943202        0.18673012        1.60000000        1.37048216
    20.41118585       46.21117578        0.38115831        0.18577647        1.60000000        1.36905633
    20.46637894       46.26249360        0.38288285        0.18482231        1.60000000        1.36763215
    20.52139954       46.31381141        0.38460565        0.18386763        1.60000000        1.36620960
    20.57624910       46.36512922        0.38632673        0.18291241        1.60000000        1.36478868
    20.63092904       46.41644704        0.38804610        0.18195664        1.60000000        1.36336939
    20.68544076       46.46776485        0.38976377        0.18100031        1.60000000        1.36195173
    20.73978562       46.51908266        0.39147977        0.18004339        1.60000000        1.36053567
    20.79396495       46.57040047        0.39319411        0.17908589        1.60000000        1.35912123
    20.84798006       46.62171829        0.39490681        0.17812778        1.60000000        1.35770840
    20.90183224       46.67303610        0.39661787        0.17716905        1.60000000        1.35629716
    20.95552274       46.72435391        0.39832732        0.17620969        1.60000000        1.35488752
    21.00905280       46.77567172        0.40003516        0.17524968        1.60000000        1.35347947
    21.06242363       46.82698954        0.40174141        0.17428902        1.60000000        1.35207300
    21.11563642       46.87830735        0.40344609        0.17332769        1.60000000        1.35066811
    21.16869233       46.92962516        0.40514921        0.17236568        1.60000000        1.34926479
    21.22159250       46.98094297        0.40685077        0.17140297        1.60000000        1.34786304
    21.27433805       47.03226079        0.40855079        0.17043955        1.60000000        1.34646285
    21.32693009       47.08357860        0.41024929        0.16947542        1.60000000        1.34506423
    21.37936968       47.13489641        0.41194627        0.16851056        1.60000000        1.34366715
    21.43165789       47.18621422        0.41364175        0.16754496        1.60000000        1.34227163
    21.48379575       47.23753204        0.41533573        0.16657861        1.60000000        1.34087764
    21.53578428       47.28884985        0.41702823        0.16561149        1.60000000        1.33948520
    21.58762448       47.34016766        0.41871926        0.16464359        1.60000000        1.33809429
    21.63931733       47.39148547        0.42040883        0.16367492        1.60000000        1.33670491
    21.69086380       47.44280329        0.42209695        0.16270544        1.60000000        1.33531705
    21.74226482       47.49412110        0.42378362        0.16173515        1.60000000        1.33393071
    21.79352133       47.54543891        0.42546886        0.16076405        1.60000000        1.33254589
    21.84463423       47.59675672        0.42715267        0.15979212        1.60000000        1.33116257
    21.89560441       47.64807454        0.42883507        0.15881935        1.60000000        1.32978076
    21.94643276       47.69939235        0.43051606        0.15784572        1.60000000        1.32840046
    21.99712013       47.75071016        0.43219566        0.15687124        1.60000000        1.32702165
    22.04766737       47.80202797        0.43387386        0.15589589        1.60000000        1.32564433
    22.09807530       47.85334579        0.43555069        0.15491966        1.60000000        1.32426850
    22.14834474       47.90466360        0.43722613        0.15394253        1.60000000        1.32289415
    22.19847649       47.95598141        0.43890021        0.15296451        1.60000000        1.32152128
    22.24847133       48.00729922        0.44057293        0.15198558        1.60000000        1.32014989
    22.29833004       48.05861704        0.44224430        0.15100572        1.60000000        1.31877996
    22.34805337       48.10993485        0.44391432        0.15002494        1.60000000        1.31741150
    22.39764207       48.16125266        0.44558301        0.14904322        1.60000000        1.31604451
    22.44709686       48.21257047        0.44725036        0.14806055        1.60000000        1.31467897
    22.49641846       48.26388829        0.44891638        0.14707692        1.60000000        1.31331488
    22.54560757       48.31520610        0.45058109        0.14609233        1.60000000        1.31195225
    22.59466489       48.36652391        0.45224448        0.14510676        1.60000000        1.31059106
    22.64359109       48.41784172        0.45390656        0.14412021        1.60000000        1.30923131
    22.69238684       48.46915954        0.45556734        0.14313267        1.60000000        1.30787300
    22.74105279       48.52047735        0.45722683        0.14214412        1.60000000        1.30651612
    22.78958959       48.57179516        0.45888502        0.14115456        1.60000000        1.30516067
    22.83799786       48.62311297        0.46054192        0.14016398        1.60000000        1.30380665
    22.88627824       48.67443079        0.46219754        0.13917237        1.60000000        1.30245405
    22.93443132       48.72574860        0.46385189        0.13817973        1.60000000        1.30110287
    22.98245771       48.77706641        0.46550496        0.13718604        1.60000000        1.29975310
    23.03035798       48.82838422        0.46715677        0.13619130        1.60000000        1.29840474
    23.07813273       48.87970204        0.46880731        0.13519549        1.60000000        1.29705779
    23.12578250       48.93101985        0.47045659        0.13419861        1.60000000        1.29571224
    23.17330787       48.98233766        0.47210462        0.13320066        1.60000000        1.29436809
    23.22070938       49.03365548        0.47375140        0.13220162        1.60000000        1.29302534
    23.26798756       49.08497329        0.47539693        0.13120148        1.60000000        1.29168398
    23.31514294       49.13629110        0.47704121        0.13020024        1.60000000        1.29034400
    23.36217604       49.18760891        0.47868426        0.12919789        1.60000000        1.28900542
    23.40908737       49.23892673        0.48032607        0.12819442        1.60000000        1.28766821
    23.45587742       49.29024454        0.48196664        0.12718983        1.60000000        1.28633238
    23.50254669       49.34156235        0.48360599        0.12618409        1.60000000        1.28499793
    23.54909566       49.39288016        0.48524411        0.12517722        1.60000000        1.28366485
    23.59552480       49.44419798        0.48688100        0.12416920        1.60000000        1.28233314
    23.64183457       49.49551579        0.48851667        0.12316002        1.60000000        1.28100279
    23.68802543       49.54683360        0.49015112        0.12214967        1.60000000        1.27967380
    23.73409783       49.59815141        0.49178436        0.12113816        1.60000000        1.27834617
    23.78005221       49.64946923        0.49341638        0.12012546        1.60000000        1.27701990
    23.82588900       49.70078704        0.49504720        0.11911157        1.60000000        1.27569498
    23.87160862       49.75210485        0.49667680        0.11809650        1.60000000        1.27437141
    23.91721149       49.80342266        0.49830520        0.11708021        1.60000000        1.27304918
    23.96269801       49.85474048        0.49993239        0.11606272        1.60000000        1.27172829
    24.00806860       49.90605829        0.50155837        0.11504402        1.60000000        1.27040875
    24.05332364       49.95737610        0.50318316        0.11402408        1.60000000        1.26909054
    24.09846351       50.00869391        0.50480675        0.11300292        1.60000000        1.26777366
    24.14348860       50.06001173        0.50642914        0.11198052        1.60000000        1.26645811
    24.18839928       50.11132954        0.50805033        0.11095688        1.60000000        1.26514390
    24.23319592       50.16264735        0.50967033        0.10993198        1.60000000        1.26383100
    24.27787886       50.21396516        0.51128914        0.10890583        1.60000000        1.26251943
    24.32244847       50.26528298        0.51290675        0.10787841        1.60000000        1.26120917
    24.36690509       50.31660079        0.51452318        0.10684972        1.60000000        1.25990023
    24.41124906       50.36791860        0.51613841        0.10581974        1.60000000        1.25859261
    24.45548070       50.41923641        0.51775246        0.10478848        1.60000000        1.25728629
    24.49960035       50.47055423        0.51936531        0.10375593        1.60000000        1.25598128
    24.54360833       50.52187204        0.52097698        0.10272208        1.60000000        1.25467758
    24.58750494       50.57318985        0.52258747        0.10168693        1.60000000        1.25337518
    24.63129050       50.62450766        0.52419677        0.10065046        1.60000000        1.25207407
    24.67496530       50.67582548        0.52580489        0.09961267        1.60000000        1.25077427
    24.71852965       50.72714329        0.52741182        0.09857355        1.60000000        1.24947575
    24.76198382       50.77846110        0.52901757        0.09753311        1.60000000        1.24817853
    24.80532811       50.82977891        0.53062213        0.09649132        1.60000000        1.24688260
    24.84856280       50.88109673        0.53222551        0.09544819        1.60000000        1.24558795
    24.89168815       50.93241454        0.53382771        0.09440371        1.60000000        1.24429459
    24.93470443       50.98373235        0.53542873        0.09335787        1.60000000        1.24300251
    24.97761191       51.03505016        0.53702857        0.09231066        1.60000000        1.24171170
    25.02041083       51.08636798        0.53862722        0.09126209        1.60000000        1.24042217
    25.06310147       51.13768579        0.54022469        0.09021214        1.60000000        1.23913392
    25.10568404       51.18900360        0.54182098        0.08916080        1.60000000        1.23784694
    25.14815881       51.24032141        0.54341609        0.08810808        1.60000000        1.23656123
    25.19052599       51.29163923        0.54501001        0.08705395        1.60000000        1.23527678
    25.23278584       51.34295704        0.54660276        0.08599843        1.60000000        1.23399360
    25.27493856       51.39427485        0.54819432        0.08494150        1.60000000        1.23271168
    25.31698439       51.44559266        0.54978469        0.08388316        1.60000000        1.23143102
    25.35892352       51.49691048        0.55137389        0.08282340        1.60000000        1.23015161
    25.40075620       51.54822829        0.55296190        0.08176221        1.60000000        1.22887347
    25.44248260       51.59954610        0.55454872        0.08069959        1.60000000        1.22759657
    25.48410294       51.65086391        0.55613436        0.07963553        1.60000000        1.22632093
    25.52561741       51.70218173        0.55771881        0.07857003        1.60000000        1.22504653
    25.56702621       51.75349954        0.55930208        0.07750307        1.60000000        1.22377339
    25.60832953       51.80481735        0.56088416        0.07643467        1.60000000        1.22250148
    25.64952754       51.85613517        0.56246505        0.07536480        1.60000000        1.22123082
    25.69062042       51.90745298        0.56404475        0.07429346        1.60000000        1.21996140
    25.73160836       51.95877079        0.56562326        0.07322065        1.60000000        1.21869322
    25.77249153       52.01008860        0.56720058        0.07214636        1.60000000        1.21742627
    25.81327008       52.06140642        0.56877671        0.07107059        1.60000000        1.21616056
    25.85394419       52.11272423        0.57035164        0.06999333        1.60000000        1.21489608
    25.89451401       52.16404204        0.57192538        0.06891457        1.60000000        1.21363283
    25.93497969       52.21535985        0.57349793        0.06783431        1.60000000        1.21237082
    25.97534139       52.26667767        0.57506928        0.06675254        1.60000000        1.21111002
    26.01559925       52.31799548        0.57663943        0.06566926        1.60000000        1.20985045
    26.05575342       52.36931329        0.57820838        0.06458446        1.60000000        1.20859211
    26.09580402       52.42063110        0.57977613        0.06349814        1.60000000        1.20733499
    26.13575120       52.47194892        0.58134268        0.06241029        1.60000000        1.20607908
    26.17559509       52.52326673        0.58290803        0.06132090        1.60000000        1.20482439
    26.21533581       52.57458454        0.58447217        0.06022997        1.60000000        1.20357092
    26.25497349       52.62590235        0.58603511        0.05913750        1.60000000        1.20231867
    26.29450825       52.67722017        0.58759684        0.05804347        1.60000000        1.20106762
    26.33394020       52.72853798        0.58915735        0.05694789        1.60000000        1.19981779
    26.37326946       52.77985579        0.59071666        0.05585075        1.60000000        1.19856916
    26.41249612       52.83117360        0.59227476        0.05475203        1.60000000        1.19732175
    26.45162031       52.88249142        0.59383164        0.05365175        1.60000000        1.19607553
    26.49064211       52.93380923        0.59538730        0.05254988        1.60000000        1.19483053
    26.52956164       52.98512704        0.59694175        0.05144644        1.60000000        1.19358672
    26.56837897       53.03644485        0.59849497        0.05034140        1.60000000        1.19234412
    26.60709421       53.08776267        0.60004698        0.04923477        1.60000000        1.19110271
    26.64570744       53.13908048        0.60159776        0.04812654        1.60000000        1.18986251
    26.68421875       53.19039829        0.60314731        0.04701670        1.60000000        1.18862350
    26.72262821       53.24171610        0.60469564        0.04590526        1.60000000        1.18738568
    26.76093591       53.29303392        0.60624274        0.04479219        1.60000000        1.18614906
    26.79914191       53.34435173        0.60778861        0.04367751        1.60000000        1.18491363
    26.83724630       53.39566954        0.60933324        0.04256121        1.60000000        1.18367939
    26.87524914       53.44698735        0.61087664        0.04144327        1.60000000        1.18244634
    26.91315049       53.49830517        0.61241880        0.04032370        1.60000000        1.18121448
    26.95095042       53.54962298        0.61395972        0.03920248        1.60000000        1.17998381
    26.98864898       53.60094079        0.61549940        0.03807962        1.60000000        1.17875432
    27.02624623       53.65225860        0.61703783        0.03695511        1.60000000        1.17752601
    27.06374223       53.70357642        0.61857502        0.03582894        1.60000000        1.17629889
    27.10113701       53.75489423        0.62011095        0.03470111        1.60000000        1.17507295
    27.13843064       53.80621204        0.62164564        0.03357162        1.60000000        1.17384818
    27.17562315       53.85752985        0.62317907        0.03244045        1.60000000        1.17262460
    27.21271458       53.90884767        0.62471125        0.03130761        1.60000000        1.17140219
    27.24970498       53.96016548        0.62624217        0.03017309        1.60000000        1.17018097
    27.28659436       54.01148329        0.62777182        0.02903688        1.60000000        1.16896091
    27.32338278       54.06280110        0.62930022        0.02789898        1.60000000        1.16774203
    27.36007026       54.11411892        0.63082734        0.02675939        1.60000000        1.16652432
    27.39665681       54.16543673        0.63235320        0.02561809        1.60000000        1.16530779
    27.43314248       54.21675454        0.63387779        0.02447509        1.60000000        1.16409242
    27.46952727       54.26807235        0.63540111        0.02333038        1.60000000        1.16287823
    27.50581121       54.31939017        0.63692315        0.02218395        1.60000000        1.16166520
    27.54199430       54.37070798        0.63844391        0.02103581        1.60000000        1.16045334
    27.57807657       54.42202579        0.63996338        0.01988594        1.60000000        1.15924265
    27.61405802       54.47334360        0.64148158        0.01873434        1.60000000        1.15803312
    27.64993866       54.52466142        0.64299849        0.01758101        1.60000000        1.15682476
    27.68571849       54.57597923        0.64451410        0.01642594        1.60000000        1.15561756
    27.72139752       54.62729704        0.64602843        0.01526912        1.60000000        1.15441152
    27.75697574       54.67861486        0.64754146        0.01411056        1.60000000        1.15320665
    27.79245315       54.72993267        0.64905319        0.01295024        1.60000000        1.15200293
    27.82782975       54.78125048        0.65056363        0.01178817        1.60000000        1.15080037
    27.86310552       54.83256829        0.65207275        0.01062433        1.60000000        1.14959898
    27.89828045       54.88388611        0.65358058        0.00945873        1.60000000        1.14839874
    27.93335453       54.93520392        0.65508709        0.00829136        1.60000000        1.14719966
    27.96832775       54.98652173        0.65659229        0.00712221        1.60000000        1.14600173
    28.00320008       55.03783954        0.65809618        0.00595128        1.60000000        1.14480496
    28.03797151       55.08915736        0.65959874        0.00477857        1.60000000        1.14360935
    28.07264200       55.14047517        0.66109999        0.00360406        1.60000000        1.14241489
    28.10721154       55.19179298        0.66259991        0.00242777        1.60000000        1.14122158
    28.14168009       55.24311079        0.66409851        0.00124967        1.60000000        1.14002942
    28.17604762       55.29442861        0.66559578        0.00006978        1.60000000        1.13883842
    28.21031410       55.34574642        0.66709171       -0.00111193        1.60000000        1.13764857
    28.24447949       55.39706423        0.66858630       -0.00229544        1.60000000        1.13645986
    28.27854376       55.44838204        0.67007956       -0.00348078        1.60000000        1.13527231
    28.31250686       55.49969986        0.67157148       -0.00466793        1.60000000        1.13408590
    28.34636875       55.55101767        0.67306205       -0.00585690        1.60000000        1.13290065
    28.38012938       55.60233548        0.67455127       -0.00704771        1.60000000        1.13171654
    28.41378871       55.65365329        0.67603913       -0.00824035        1.60000000        1.13053358
    28.44734668       55.70497111        0.67752565       -0.00943482        1.60000000        1.12935176
    28.48080325       55.75628892        0.67901080       -0.01063114        1.60000000        1.12817109
    28.51415835       55.80760673        0.68049460       -0.01182931        1.60000000        1.12699157
    28.54741194       55.85892454        0.68197703       -0.01302932        1.60000000        1.12581319
    28.58056395       55.91024236        0.68345809       -0.01423119        1.60000000        1.12463596
    28.61361431       55.96156017        0.68493778       -0.01543492        1.60000000        1.12345987
    28.64656297       56.01287798        0.68641609       -0.01664051        1.60000000        1.12228492
    28.67940986       56.06419579        0.68789303       -0.01784796        1.60000000        1.12111111
    28.71215491       56.11551361        0.68936859       -0.01905729        1.60000000        1.11993845
    28.74479805       56.16683142        0.69084276       -0.02026850        1.60000000        1.11876693
    28.77733920       56.21814923        0.69231554       -0.02148158        1.60000000        1.11759655
    28.80977830       56.26946704        0.69378694       -0.02269655        1.60000000        1.11642731
    28.84211526       56.32078486        0.69525693       -0.02391340        1.60000000        1.11525921
    28.87435001       56.37210267        0.69672553       -0.02513214        1.60000000        1.11409225
    28.90648245       56.42342048        0.69819273       -0.02635279        1.60000000        1.11292644
    28.93851252       56.47473829        0.69965853       -0.02757533        1.60000000        1.11176176
    28.97044012       56.52605611        0.70112291       -0.02879977        1.60000000        1.11059822
    29.00226516       56.57737392        0.70258589       -0.03002612        1.60000000        1.10943582
    29.03398755       56.62869173        0.70404744       -0.03125438        1.60000000        1.10827456
    29.06560721       56.68000954        0.70550758       -0.03248456        1.60000000        1.10711443
    29.09712403       56.73132736        0.70696630       -0.03371666        1.60000000        1.10595545
    29.12853792       56.78264517        0.70842359       -0.03495068        1.60000000        1.10479760
    29.15984878       56.83396298        0.70987945       -0.03618663        1.60000000        1.10364089
    29.19105652       56.88528079        0.71133388       -0.03742451        1.60000000        1.10248532
    29.22216101       56.93659861        0.71278688       -0.03866432        1.60000000        1.10133088
    29.25316217       56.98791642        0.71423843       -0.03990607        1.60000000        1.10017758
    29.28405988       57.03923423        0.71568854       -0.04114976        1.60000000        1.09902542
    29.31485404       57.09055204        0.71713720       -0.04239540        1.60000000        1.09787440
    29.34554453       57.14186986        0.71858441       -0.04364299        1.60000000        1.09672451
    29.37613124       57.19318767        0.72003017       -0.04489253        1.60000000        1.09557576
    29.40661405       57.24450548        0.72147447       -0.04614403        1.60000000        1.09442814
    29.43699286       57.29582330        0.72291730       -0.04739749        1.60000000        1.09328166
    29.46726752       57.34714111        0.72435867       -0.04865291        1.60000000        1.09213631
    29.49743793       57.39845892        0.72579858       -0.04991030        1.60000000        1.09099211
    29.52750397       57.44977673        0.72723701       -0.05116966        1.60000000        1.08984903
    29.55746550       57.50109455        0.72867396       -0.05243100        1.60000000        1.08870710
    29.58732239       57.55241236        0.73010943       -0.05369431        1.60000000        1.08756630
    29.61707453       57.60373017        0.73154342       -0.05495961        1.60000000        1.08642663
    29.64672177       57.65504798        0.73297592       -0.05622689        1.60000000        1.08528810
    29.67626398       57.70636580        0.73440693       -0.05749616        1.60000000        1.08415071
    29.70570103       57.75768361        0.73583644       -0.05876743        1.60000000        1.08301445
    29.73503278       57.80900142        0.73726446       -0.06004068        1.60000000        1.08187933
    29.76425909       57.86031923        0.73869097       -0.06131594        1.60000000        1.08074534
    29.79337982       57.91163705        0.74011598       -0.06259320        1.60000000        1.07961249
    29.82239482       57.96295486        0.74153947       -0.06387247        1.60000000        1.07848078
    29.85130395       58.01427267        0.74296146       -0.06515374        1.60000000        1.07735020
    29.88010706       58.06559048        0.74438192       -0.06643703        1.60000000        1.07622076
    29.90880400       58.11690830        0.74580086       -0.06772233        1.60000000        1.07509245
    29.93739462       58.16822611        0.74721828       -0.06900965        1.60000000        1.07396529
    29.96587876       58.21954392        0.74863416       -0.07029900        1.60000000        1.07283925
    29.99425628       58.27086173        0.75004852       -0.07159036        1.60000000        1.07171436
    30.02252700       58.32217955        0.75146133       -0.07288376        1.60000000        1.07059060
    30.05069078       58.37349736        0.75287261       -0.07417919        1.60000000        1.06946798
    30.07874746       58.42481517        0.75428233       -0.07547665        1.60000000        1.06834650
    30.10669686       58.47613298        0.75569052       -0.07677615        1.60000000        1.06722615
    30.13453882       58.52745080        0.75709714       -0.07807768        1.60000000        1.06610695
    30.16227319       58.57876861        0.75850221       -0.07938127        1.60000000        1.06498888
    30.18989977       58.63008642        0.75990572       -0.08068690        1.60000000        1.06387195
    30.21741842       58.68140423        0.76130767       -0.08199457        1.60000000        1.06275616
    30.24482895       58.73272205        0.76270804       -0.08330431        1.60000000        1.06164150
    30.27213118       58.78403986        0.76410685       -0.08461609        1.60000000        1.06052799
    30.29932495       58.83535767        0.76550407       -0.08592993        1.60000000        1.05941562
    30.32641007       58.88667548        0.76689972       -0.08724584        1.60000000        1.05830439
    30.35338637       58.93799330        0.76829378       -0.08856381        1.60000000        1.05719429
    30.38025365       58.98931111        0.76968626       -0.08988384        1.60000000        1.05608534
    30.40701174       59.04062892        0.77107714       -0.09120594        1.60000000        1.05497753
    30.43366045       59.09194673        0.77246642       -0.09253012        1.60000000        1.05387086
    30.46019959       59.14326455        0.77385410       -0.09385636        1.60000000        1.05276534
    30.48662896       59.19458236        0.77524018       -0.09518469        1.60000000        1.05166095
    30.51294839       59.24590017        0.77662465       -0.09651510        1.60000000        1.05055771
    30.53915768       59.29721798        0.77800751       -0.09784758        1.60000000        1.04945561
    30.56525662       59.34853580        0.77938875       -0.09918215        1.60000000        1.04835466
    30.59124502       59.39985361        0.78076837       -0.10051881        1.60000000        1.04725485
    30.61712268       59.45117142        0.78214636       -0.10185756        1.60000000        1.04615619
    30.64288941       59.50248923        0.78352273       -0.10319840        1.60000000        1.04505867
    30.66854499       59.55380705        0.78489746       -0.10454134        1.60000000        1.04396229
    30.69408922       59.60512486        0.78627055       -0.10588637        1.60000000        1.04286706
    30.71952189       59.65644267        0.78764200       -0.10723350        1.60000000        1.04177298
    30.74484280       59.70776048        0.78901181       -0.10858273        1.60000000        1.04068005
    30.77005174       59.75907830        0.79037997       -0.10993406        1.60000000        1.03958827
    30.79514848       59.81039611        0.79174647       -0.11128750        1.60000000        1.03849763
    30.82013282       59.86171392        0.79311132       -0.11264305        1.60000000        1.03740814
    30.84500454       59.91303173        0.79447450       -0.11400071        1.60000000        1.03631980
    30.86976342       59.96434955        0.79583602       -0.11536048        1.60000000        1.03523262
    30.89440924       60.01566736        0.79719586       -0.11672236        1.60000000        1.03414658
    30.91894178       60.06698517        0.79855403       -0.11808636        1.60000000        1.03306170
    30.94336081       60.11830299        0.79991053       -0.11945248        1.60000000        1.03197797
    30.96766611       60.16962080        0.80126534       -0.12082072        1.60000000        1.03089539
    30.99185745       60.22093861        0.80261846       -0.12219108        1.60000000        1.02981396
    31.01593460       60.27225642        0.80396989       -0.12356356        1.60000000        1.02873369
    31.03989733       60.32357424        0.80531963       -0.12493817        1.60000000        1.02765457
    31.06374540       60.37489205        0.80666766       -0.12631491        1.60000000        1.02657662
    31.08747858       60.42620986        0.80801399       -0.12769377        1.60000000        1.02549981
    31.11109663       60.47752767        0.80935862       -0.12907477        1.60000000        1.02442417
    31.13459931       60.52884549        0.81070153       -0.13045790        1.60000000        1.02334968
    31.15798638       60.58016330        0.81204272       -0.13184316        1.60000000        1.02227635
    31.18125760       60.63148111        0.81338219       -0.13323056        1.60000000        1.02120418
    31.20441273       60.68279892        0.81471994       -0.13462009        1.60000000        1.02013317
    31.22745151       60.73411674        0.81605596       -0.13601176        1.60000000        1.01906333
    31.25037369       60.78543455        0.81739024       -0.13740557        1.60000000        1.01799464
    31.27317904       60.83675236        0.81872278       -0.13880153        1.60000000        1.01692712
    31.29586728       60.88807017        0.82005359       -0.14019962        1.60000000        1.01586076
    31.31843818       60.93938799        0.82138264       -0.14159986        1.60000000        1.01479557
    31.34089147       60.99070580        0.82270994       -0.14300225        1.60000000        1.01373154
    31.36322689       61.04202361        0.82403549       -0.14440678        1.60000000        1.01266868
    31.38544419       61.09334142        0.82535928       -0.14581346        1.60000000        1.01160699
    31.40754310       61.14465924        0.82668131       -0.14722228        1.60000000        1.01054646
    31.42952337       61.19597705        0.82800156       -0.14863326        1.60000000        1.00948711
    31.45138471       61.24729486        0.82932005       -0.15004638        1.60000000        1.00842892
    31.47312687       61.29861267        0.83063675       -0.15146166        1.60000000        1.00737191
    31.49474957       61.34993049        0.83195168       -0.15287909        1.60000000        1.00631607
    31.51625255       61.40124830        0.83326482       -0.15429867        1.60000000        1.00526140
    31.53763553       61.45256611        0.83457617       -0.15572040        1.60000000        1.00420790
    31.55889824       61.50388392        0.83588572       -0.15714429        1.60000000        1.00315558
    31.58004039       61.55520174        0.83719347       -0.15857034        1.60000000        1.00210444
    31.60106172       61.60651955        0.83849943       -0.15999854        1.60000000        1.00105447
    31.62196193       61.65783736        0.83980357       -0.16142889        1.60000000        1.00000568
    31.64274075       61.70915517        0.84110590       -0.16286141        1.60000000        0.99895807
    31.66339789       61.76047299        0.84240642       -0.16429608        1.60000000        0.99791164
    31.68393306       61.81179080        0.84370511       -0.16573290        1.60000000        0.99686640
    31.70434598       61.86310861        0.84500198       -0.16717189        1.60000000        0.99582233
    31.72463635       61.91442642        0.84629701       -0.16861303        1.60000000        0.99477945
    31.74480388       61.96574424        0.84759022       -0.17005634        1.60000000        0.99373776
    31.76484829       62.01706205        0.84888158       -0.17150180        1.60000000        0.99269724
    31.78476926       62.06837986        0.85017110       -0.17294941        1.60000000        0.99165792
    31.80456651       62.11969767        0.85145878       -0.17439919        1.60000000        0.99061979
    31.82423973       62.17101549        0.85274460       -0.17585113        1.60000000        0.98958284
    31.84378862       62.22233330        0.85402857       -0.17730522        1.60000000        0.98854708
    31.86321288       62.27365111        0.85531067       -0.17876147        1.60000000        0.98751252
    31.88251219       62.32496892        0.85659091       -0.18021988        1.60000000        0.98647915
    31.90168627       62.37628674        0.85786928       -0.18168045        1.60000000        0.98544697
    31.92073478       62.42760455        0.85914577       -0.18314318        1.60000000        0.98441599
    31.93965743       62.47892236        0.86042038       -0.18460806        1.60000000        0.98338621
    31.95845389       62.53024017        0.86169311       -0.18607510        1.60000000        0.98235762
    31.97712386       62.58155799        0.86296396       -0.18754429        1.60000000        0.98133023
    31.99566700       62.63287580        0.86423290       -0.18901564        1.60000000        0.98030404
    32.01408302       62.68419361        0.86549996       -0.19048915        1.60000000        0.97927906
    32.03237158       62.73551142        0.86676511       -0.19196481        1.60000000        0.97825527
    32.05053236       62.78682924        0.86802835       -0.19344262        1.60000000        0.97723269
    32.06856503       62.83814705        0.86928968       -0.19492258        1.60000000        0.97621132
    32.08646927       62.88946486        0.87054910       -0.19640470        1.60000000        0.97519116
    32.10424475       62.94078268        0.87180660       -0.19788896        1.60000000        0.97417220
    32.12189113       62.99210049        0.87306217       -0.19937537        1.60000000        0.97315445
    32.13940808       63.04341830        0.87431582       -0.20086394        1.60000000        0.97213791
    32.15679528       63.09473611        0.87556753       -0.20235464        1.60000000        0.97112259
    32.17405237       63.14605393        0.87681730       -0.20384750        1.60000000        0.97010847
    32.19117903       63.19737174        0.87806513       -0.20534250        1.60000000        0.96909558
    32.20817491       63.24868955        0.87931101       -0.20683964        1.60000000        0.96808390
    32.22503966       63.30000736        0.88055494       -0.20833892        1.60000000        0.96707344
    32.24177295       63.35132518        0.88179691       -0.20984034        1.60000000        0.96606420
    32.25837442       63.40264299        0.88303692       -0.21134389        1.60000000        0.96505617
    32.27484373       63.45396080        0.88427496       -0.21284959        1.60000000        0.96404938
    32.29118052       63.50527861        0.88551104       -0.21435741        1.60000000        0.96304380
    32.30738445       63.55659643        0.88674513       -0.21586737        1.60000000        0.96203945
    32.32345515       63.60791424        0.88797725       -0.21737946        1.60000000        0.96103633
    32.33939227       63.65923205        0.88920739       -0.21889367        1.60000000        0.96003443
    32.35519545       63.71054986        0.89043553       -0.22041001        1.60000000        0.95903377
    32.37086433       63.76186768        0.89166168       -0.22192848        1.60000000        0.95803434
    32.38639855       63.81318549        0.89288583       -0.22344906        1.60000000        0.95703614
    32.40179774       63.86450330        0.89410798       -0.22497176        1.60000000        0.95603917
    32.41706153       63.91582111        0.89532812       -0.22649658        1.60000000        0.95504344
    32.43218955       63.96713893        0.89654625       -0.22802351        1.60000000        0.95404895
    32.44718145       64.01845674        0.89776235       -0.22955256        1.60000000        0.95305570
    32.46203683       64.06977455        0.89897644       -0.23108370        1.60000000        0.95206369
    32.47675532       64.12109236        0.90018850       -0.23261696        1.60000000        0.95107292
    32.49133656       64.17241018        0.90139853       -0.23415231        1.60000000        0.95008339
    32.50578015       64.22372799        0.90260652       -0.23568976        1.60000000        0.94909511
    32.52008572       64.27504580        0.90381247       -0.23722931        1.60000000        0.94810808
    32.53425288       64.32636361        0.90501637       -0.23877095        1.60000000        0.94712230
    32.54828126       64.37768143        0.90621823       -0.24031468        1.60000000        0.94613776
    32.56217045       64.42899924        0.90741802       -0.24186049        1.60000000        0.94515449
    32.57592008       64.48031705        0.90861576       -0.24340839        1.60000000        0.94417246
    32.58952974       64.53163486        0.90981143       -0.24495836        1.60000000        0.94319169
    32.60299905       64.58295268        0.91100503       -0.24651040        1.60000000        0.94221218
    32.61632762       64.63427049        0.91219656       -0.24806452        1.60000000        0.94123393
    32.62951503       64.68558830        0.91338601       -0.24962070        1.60000000        0.94025693
    32.64256090       64.73690611        0.91457337       -0.25117894        1.60000000        0.93928120
    32.65546482       64.78822393        0.91575864       -0.25273924        1.60000000        0.93830674
    32.66822639       64.83954174        0.91694182       -0.25430160        1.60000000        0.93733354
    32.68084519       64.89085955        0.91812290       -0.25586600        1.60000000        0.93636161
    32.69332084       64.94217736        0.91930188       -0.25743245        1.60000000        0.93539095
    32.70565290       64.99349518        0.92047875       -0.25900093        1.60000000        0.93442156
    32.71784097       65.04481299        0.92165350       -0.26057146        1.60000000        0.93345345
    32.72988464       65.09613080        0.92282614       -0.26214401        1.60000000        0.93248661
    32.74178349       65.14744861        0.92399665       -0.26371858        1.60000000        0.93152105
    32.75353710       65.19876643        0.92516504       -0.26529518        1.60000000        0.93055676
    32.76514504       65.25008424        0.92633129       -0.26687379        1.60000000        0.92959376
    32.77660691       65.30140205        0.92749540       -0.26845441        1.60000000        0.92863204
    32.78792227       65.35271986        0.92865737       -0.27003703        1.60000000        0.92767161
    32.79909069       65.40403768        0.92981719       -0.27162166        1.60000000        0.92671246
    32.81011175       65.45535549        0.93097486       -0.27320827        1.60000000        0.92575460
    32.82098501       65.50667330        0.93213037       -0.27479687        1.60000000        0.92479803
    32.83171004       65.55799111        0.93328372       -0.27638746        1.60000000        0.92384276
    32.84228641       65.60930893        0.93443490       -0.27798001        1.60000000        0.92288877
    32.85271367       65.66062674        0.93558391       -0.27957454        1.60000000        0.92193609
    32.86299140       65.71194455        0.93673074       -0.28117103        1.60000000        0.92098470
    32.87311914       65.76326237        0.93787539       -0.28276947        1.60000000        0.92003461
    32.88309645       65.81458018        0.93901785       -0.28436987        1.60000000        0.91908583
    32.89292288       65.86589799        0.94015812       -0.28597221        1.60000000        0.91813835
    32.90259800       65.91721580        0.94129619       -0.28757648        1.60000000        0.91719218
    32.91212134       65.96853362        0.94243205       -0.28918268        1.60000000        0.91624731
    32.92149245       66.01985143        0.94356571       -0.29079080        1.60000000        0.91530375
    32.93071088       66.07116924        0.94469716       -0.29240084        1.60000000        0.91436151
    32.93977617       66.12248705        0.94582639       -0.29401279        1.60000000        0.91342058
    32.94868787       66.17380487        0.94695339       -0.29562663        1.60000000        0.91248097
    32.95744550       66.22512268        0.94807817       -0.29724237        1.60000000        0.91154268
    32.96604862       66.27644049        0.94920071       -0.29885999        1.60000000        0.91060570
    32.97449674       66.32775830        0.95032102       -0.30047949        1.60000000        0.90967005
    32.98278941       66.37907612        0.95143908       -0.30210086        1.60000000        0.90873573
    32.99092615       66.43039393        0.95255489       -0.30372408        1.60000000        0.90780273
    32.99890649       66.48171174        0.95366845       -0.30534916        1.60000000        0.90687106
    33.00672995       66.53302955        0.95477975       -0.30697608        1.60000000        0.90594073
    33.01439607       66.58434737        0.95588879       -0.30860484        1.60000000        0.90501172
    33.02190436       66.63566518        0.95699556       -0.31023542        1.60000000        0.90408405
    33.02925433       66.68698299        0.95810005       -0.31186782        1.60000000        0.90315772
    33.03644552       66.73830080        0.95920226       -0.31350203        1.60000000        0.90223273
    33.04347742       66.78961862        0.96030219       -0.31513803        1.60000000        0.90130908
    33.05034955       66.84093643        0.96139983       -0.31677583        1.60000000        0.90038678
    33.05706143       66.89225424        0.96249517       -0.31841540        1.60000000        0.89946582
    33.06361256       66.94357205        0.96358821       -0.32005674        1.60000000        0.89854622
    33.07000244       66.99488987        0.96467895       -0.32169985        1.60000000        0.89762796
    33.07623058       67.04620768        0.96576738       -0.32334470        1.60000000        0.89671106
    33.08229649       67.09752549        0.96685349       -0.32499129        1.60000000        0.89579551
    33.08819965       67.14884330        0.96793727       -0.32663961        1.60000000        0.89488132
    33.09393956       67.20016112        0.96901874       -0.32828965        1.60000000        0.89396849
    33.09951573       67.25147893        0.97009786       -0.32994140        1.60000000        0.89305702
    33.10492764       67.30279674        0.97117466       -0.33159485        1.60000000        0.89214692
    33.11017477       67.35411455        0.97224910       -0.33324998        1.60000000        0.89123819
    33.11525663       67.40543237        0.97332121       -0.33490678        1.60000000        0.89033082
    33.12017270       67.45675018        0.97439095       -0.33656525        1.60000000        0.88942483
    33.12492245       67.50806799        0.97545834       -0.33822537        1.60000000        0.88852021
    33.12950537       67.55938580        0.97652336       -0.33988713        1.60000000        0.88761697
    33.13392093       67.61070362        0.97758602       -0.34155052        1.60000000        0.88671510
    33.13816862       67.66202143        0.97864630       -0.34321553        1.60000000        0.88581462
    33.14224791       67.71333924        0.97970420       -0.34488213        1.60000000        0.88491552
    33.14615827       67.76465705        0.98075971       -0.34655033        1.60000000        0.88401781
    33.14989916       67.81597487        0.98181283       -0.34822011        1.60000000        0.88312149
    33.15347006       67.86729268        0.98286355       -0.34989145        1.60000000        0.88222655
    33.15687043       67.91861049        0.98391187       -0.35156434        1.60000000        0.88133301
    33.16009973       67.96992830        0.98495779       -0.35323878        1.60000000        0.88044087
    33.16315742       68.02124612        0.98600129       -0.35491474        1.60000000        0.87955013
    33.16604297       68.07256393        0.98704237       -0.35659221        1.60000000        0.87866078
    33.16875582       68.12388174        0.98808103       -0.35827118        1.60000000        0.87777284
    33.17129543       68.17519955        0.98911725       -0.35995163        1.60000000        0.87688631
    33.17366125       68.22651737        0.99015104       -0.36163355        1.60000000        0.87600118
    33.17585273       68.27783518        0.99118239       -0.36331693        1.60000000        0.87511747
    33.17786933       68.32915299        0.99221130       -0.36500175        1.60000000        0.87423516
    33.17971047       68.38047081        0.99323775       -0.36668799        1.60000000        0.87335428
    33.18137560       68.43178862        0.99426174       -0.36837564        1.60000000        0.87247481
    33.18286416       68.48310643        0.99528327       -0.37006469        1.60000000        0.87159676
    33.18417559       68.53442424        0.99630233       -0.37175512        1.60000000        0.87072014
    33.18530933       68.58574206        0.99731892       -0.37344691        1.60000000        0.86984494
    33.18626480       68.63705987        0.99833302       -0.37514006        1.60000000        0.86897117
    33.18704144       68.68837768        0.99934464       -0.37683453        1.60000000        0.86809883
    33.18763868       68.73969549        1.00035376       -0.37853032        1.60000000        0.86722793
    33.18805593       68.79101331        1.00136039       -0.38022741        1.60000000        0.86635846
    33.18829263       68.84233112        1.00236451       -0.38192578        1.60000000        0.86549044
    33.18834819       68.89364893        1.00336613       -0.38362541        1.60000000        0.86462385
