#  Theta paroi en deg Angle Choc en deg       Kp           Inverse Mach       Mach amont       Mach aval
     0.00000000       29.19640441        0.00000000        0.51219512        2.05000000
     1.97681359       29.19822852        0.00718625        0.50898085        2.05000000        2.04991475
     2.37091148       29.20078077        0.00976400        0.50783343        2.05000000        2.04979549
     2.80117593       29.20551744        0.01290704        0.50643825        2.05000000        2.04957419
     3.26830017       29.21389483        0.01667815        0.50476975        2.05000000        2.04918292
     3.75175778       29.22736920        0.02094698        0.50288807        2.05000000        2.04855393
     4.23915631       29.24739686        0.02560380        0.50084367        2.05000000        2.04761981
     4.72535147       29.27543407        0.03058329        0.49866689        2.05000000        2.04631364
     5.20903988       29.31293713        0.03585286        0.49637343        2.05000000        2.04456930
     5.69072437       29.36136231        0.04140107        0.49396956        2.05000000        2.04232165
     6.17171245       29.42216591        0.04723025        0.49145551        2.05000000        2.03950692
     6.57092123       29.48296950        0.05228152        0.48928619        2.05000000        2.03670041
     6.91703018       29.54377310        0.05681400        0.48734671        2.05000000        2.03390206
     7.22553570       29.60457669        0.06097190        0.48557318        2.05000000        2.03111176
     7.50584017       29.66538029        0.06484477        0.48392595        2.05000000        2.02832945
     7.76411302       29.72618389        0.06849248        0.48237853        2.05000000        2.02555505
     8.00463872       29.78698748        0.07195725        0.48091223        2.05000000        2.02278847
     8.23052352       29.84779108        0.07527013        0.47951334        2.05000000        2.02002964
     8.44409717       29.90859467        0.07845466        0.47817144        2.05000000        2.01727849
     8.64715543       29.96939827        0.08152919        0.47687842        2.05000000        2.01453495
     8.84111409       30.03020186        0.08450830        0.47562782        2.05000000        2.01179892
     9.02711074       30.09100546        0.08740381        0.47441443        2.05000000        2.00907036
     9.20607428       30.15180906        0.09022545        0.47323393        2.05000000        2.00634918
     9.37877380       30.21261265        0.09298130        0.47208275        2.05000000        2.00363530
     9.54585392       30.27341625        0.09567822        0.47095786        2.05000000        2.00092868
     9.70786061       30.33421984        0.09832201        0.46985668        2.05000000        1.99822922
     9.86526078       30.39502344        0.10091766        0.46877700        2.05000000        1.99553687
    10.01845700       30.45582703        0.10346952        0.46771690        2.05000000        1.99285155
    10.16779905       30.51663063        0.10598136        0.46667470        2.05000000        1.99017321
    10.31359295       30.57743422        0.10845650        0.46564892        2.05000000        1.98750177
    10.45610802       30.63823782        0.11089785        0.46463828        2.05000000        1.98483717
    10.59558269       30.69904142        0.11330804        0.46364160        2.05000000        1.98217934
    10.73222906       30.75984501        0.11568937        0.46265785        2.05000000        1.97952823
    10.86623680       30.82064861        0.11804392        0.46168611        2.05000000        1.97688377
    10.99777618       30.88145220        0.12037357        0.46072554        2.05000000        1.97424589
    11.12700072       30.94225580        0.12268002        0.45977539        2.05000000        1.97161455
    11.25404932       31.00305939        0.12496478        0.45883496        2.05000000        1.96898967
    11.37904815       31.06386299        0.12722926        0.45790363        2.05000000        1.96637119
    11.50211212       31.12466658        0.12947473        0.45698083        2.05000000        1.96375907
    11.62334623       31.18547018        0.13170236        0.45606604        2.05000000        1.96115323
    11.74284674       31.24627378        0.13391321        0.45515877        2.05000000        1.95855363
    11.86070206       31.30707737        0.13610826        0.45425858        2.05000000        1.95596021
    11.97699363       31.36788097        0.13828842        0.45336506        2.05000000        1.95337291
    12.09179667       31.42868456        0.14045452        0.45247783        2.05000000        1.95079167
    12.20518077       31.48948816        0.14260735        0.45159653        2.05000000        1.94821644
    12.31721046       31.55029175        0.14474762        0.45072085        2.05000000        1.94564717
    12.42794572       31.61109535        0.14687599        0.44985047        2.05000000        1.94308380
    12.53744237       31.67189894        0.14899309        0.44898512        2.05000000        1.94052629
    12.64575246       31.73270254        0.15109951        0.44812451        2.05000000        1.93797457
    12.75292465       31.79350614        0.15319577        0.44726842        2.05000000        1.93542861
    12.85900444       31.85430973        0.15528239        0.44641659        2.05000000        1.93288833
    12.96403448       31.91511333        0.15735984        0.44556881        2.05000000        1.93035371
    13.06805482       31.97591692        0.15942857        0.44472488        2.05000000        1.92782468
    13.17110308       32.03672052        0.16148899        0.44388459        2.05000000        1.92530121
    13.27321468       32.09752411        0.16354150        0.44304777        2.05000000        1.92278323
    13.37442297       32.15832771        0.16558647        0.44221425        2.05000000        1.92027070
    13.47475947       32.21913131        0.16762425        0.44138384        2.05000000        1.91776358
    13.57425391       32.27993490        0.16965516        0.44055641        2.05000000        1.91526182
    13.67293443       32.34073850        0.17167952        0.43973180        2.05000000        1.91276537
    13.77082765       32.40154209        0.17369762        0.43890988        2.05000000        1.91027419
    13.86795884       32.46234569        0.17570975        0.43809050        2.05000000        1.90778823
    13.96435192       32.52314928        0.17771615        0.43727355        2.05000000        1.90530745
    14.06002966       32.58395288        0.17971710        0.43645890        2.05000000        1.90283180
    14.15501367       32.64475647        0.18171281        0.43564644        2.05000000        1.90036124
    14.24932451       32.70556007        0.18370351        0.43483605        2.05000000        1.89789573
    14.34298178       32.76636367        0.18568943        0.43402764        2.05000000        1.89543522
    14.43600413       32.82716726        0.18767076        0.43322110        2.05000000        1.89297968
    14.52840937       32.88797086        0.18964770        0.43241634        2.05000000        1.89052906
    14.62021450       32.94877445        0.19162043        0.43161326        2.05000000        1.88808332
    14.71143574       33.00957805        0.19358913        0.43081178        2.05000000        1.88564242
    14.80208863       33.07038164        0.19555396        0.43001181        2.05000000        1.88320632
    14.89218799       33.13118524        0.19751509        0.42921328        2.05000000        1.88077499
    14.98174806       33.19198883        0.19947266        0.42841610        2.05000000        1.87834837
    15.07078243       33.25279243        0.20142683        0.42762020        2.05000000        1.87592644
    15.15930417       33.31359603        0.20337773        0.42682552        2.05000000        1.87350915
    15.24732578       33.37439962        0.20532550        0.42603197        2.05000000        1.87109647
    15.33485930       33.43520322        0.20727026        0.42523949        2.05000000        1.86868836
    15.42191623       33.49600681        0.20921213        0.42444803        2.05000000        1.86628478
    15.50850769       33.55681041        0.21115124        0.42365751        2.05000000        1.86388571
    15.59464430       33.61761400        0.21308769        0.42286788        2.05000000        1.86149109
    15.68033635       33.67841760        0.21502159        0.42207908        2.05000000        1.85910089
    15.76559370       33.73922119        0.21695305        0.42129106        2.05000000        1.85671509
    15.85042582       33.80002479        0.21888216        0.42050375        2.05000000        1.85433365
    15.93484188       33.86082839        0.22080902        0.41971712        2.05000000        1.85195652
    16.01885072       33.92163198        0.22273372        0.41893111        2.05000000        1.84958368
    16.10246081       33.98243558        0.22465634        0.41814567        2.05000000        1.84721510
    16.18568039       34.04323917        0.22657697        0.41736076        2.05000000        1.84485074
    16.26851736       34.10404277        0.22849569        0.41657632        2.05000000        1.84249056
    16.35097938       34.16484636        0.23041258        0.41579232        2.05000000        1.84013454
    16.43307383       34.22564996        0.23232772        0.41500871        2.05000000        1.83778264
    16.51480785       34.28645356        0.23424116        0.41422545        2.05000000        1.83543484
    16.59618833       34.34725715        0.23615299        0.41344250        2.05000000        1.83309109
    16.67722198       34.40806075        0.23806326        0.41265982        2.05000000        1.83075137
    16.75791523       34.46886434        0.23997205        0.41187738        2.05000000        1.82841566
    16.83827435       34.52966794        0.24187941        0.41109513        2.05000000        1.82608391
    16.91830538       34.59047153        0.24378541        0.41031304        2.05000000        1.82375609
    16.99801419       34.65127513        0.24569009        0.40953108        2.05000000        1.82143219
    17.07740646       34.71207872        0.24759352        0.40874921        2.05000000        1.81911217
    17.15648770       34.77288232        0.24949574        0.40796740        2.05000000        1.81679600
    17.23526324       34.83368592        0.25139682        0.40718561        2.05000000        1.81448365
    17.31373826       34.89448951        0.25329679        0.40640381        2.05000000        1.81217509
    17.39191779       34.95529311        0.25519570        0.40562198        2.05000000        1.80987030
    17.46980670       35.01609670        0.25709361        0.40484009        2.05000000        1.80756924
    17.54740973       35.07690030        0.25899055        0.40405810        2.05000000        1.80527190
    17.62473147       35.13770389        0.26088656        0.40327598        2.05000000        1.80297824
    17.70177639       35.19850749        0.26278169        0.40249371        2.05000000        1.80068824
    17.77854883       35.25931108        0.26467598        0.40171127        2.05000000        1.79840187
    17.85505299       35.32011468        0.26656947        0.40092861        2.05000000        1.79611910
    17.93129299       35.38091828        0.26846218        0.40014573        2.05000000        1.79383991
    18.00727280       35.44172187        0.27035416        0.39936259        2.05000000        1.79156427
    18.08299631       35.50252547        0.27224544        0.39857917        2.05000000        1.78929216
    18.15846728       35.56332906        0.27413606        0.39779544        2.05000000        1.78702355
    18.23368939       35.62413266        0.27602604        0.39701139        2.05000000        1.78475842
    18.30866621       35.68493625        0.27791542        0.39622698        2.05000000        1.78249675
    18.38340122       35.74573985        0.27980422        0.39544219        2.05000000        1.78023850
    18.45789781       35.80654345        0.28169248        0.39465701        2.05000000        1.77798366
    18.53215927       35.86734704        0.28358022        0.39387140        2.05000000        1.77573219
    18.60618882       35.92815064        0.28546747        0.39308536        2.05000000        1.77348409
    18.67998960       35.98895423        0.28735426        0.39229885        2.05000000        1.77123932
    18.75356467       36.04975783        0.28924060        0.39151186        2.05000000        1.76899787
    18.82691699       36.11056142        0.29112653        0.39072437        2.05000000        1.76675970
    18.90004948       36.17136502        0.29301206        0.38993636        2.05000000        1.76452480
    18.97296496       36.23216861        0.29489722        0.38914780        2.05000000        1.76229314
    19.04566620       36.29297221        0.29678203        0.38835868        2.05000000        1.76006471
    19.11815589       36.35377581        0.29866651        0.38756898        2.05000000        1.75783948
    19.19043666       36.41457940        0.30055068        0.38677868        2.05000000        1.75561743
    19.26251109       36.47538300        0.30243457        0.38598777        2.05000000        1.75339854
    19.33438168       36.53618659        0.30431818        0.38519622        2.05000000        1.75118278
    19.40605087       36.59699019        0.30620153        0.38440402        2.05000000        1.74897014
    19.47752107       36.65779378        0.30808465        0.38361114        2.05000000        1.74676060
    19.54879459       36.71859738        0.30996756        0.38281759        2.05000000        1.74455414
    19.61987373       36.77940097        0.31185025        0.38202333        2.05000000        1.74235073
    19.69076072       36.84020457        0.31373276        0.38122835        2.05000000        1.74015035
    19.76145772       36.90100817        0.31561510        0.38043263        2.05000000        1.73795300
    19.83196687       36.96181176        0.31749728        0.37963616        2.05000000        1.73575864
    19.90229026       37.02261536        0.31937931        0.37883893        2.05000000        1.73356726
    19.97242991       37.08341895        0.32126121        0.37804091        2.05000000        1.73137883
    20.04238782       37.14422255        0.32314299        0.37724209        2.05000000        1.72919335
    20.11216593       37.20502614        0.32502467        0.37644246        2.05000000        1.72701079
    20.18176615       37.26582974        0.32690625        0.37564200        2.05000000        1.72483113
    20.25119034       37.32663333        0.32878774        0.37484070        2.05000000        1.72265436
    20.32044032       37.38743693        0.33066917        0.37403855        2.05000000        1.72048046
    20.38951788       37.44824053        0.33255053        0.37323552        2.05000000        1.71830940
    20.45842475       37.50904412        0.33443184        0.37243161        2.05000000        1.71614118
    20.52716265       37.56984772        0.33631310        0.37162679        2.05000000        1.71397577
    20.59573325       37.63065131        0.33819434        0.37082107        2.05000000        1.71181316
    20.66413819       37.69145491        0.34007555        0.37001441        2.05000000        1.70965332
    20.73237907       37.75225850        0.34195674        0.36920682        2.05000000        1.70749625
    20.80045746       37.81306210        0.34383793        0.36839828        2.05000000        1.70534193
    20.86837490       37.87386570        0.34571911        0.36758877        2.05000000        1.70319034
    20.93613289       37.93466929        0.34760030        0.36677828        2.05000000        1.70104146
    21.00373290       37.99547289        0.34948151        0.36596680        2.05000000        1.69889528
    21.07117639       38.05627648        0.35136274        0.36515431        2.05000000        1.69675178
    21.13846478       38.11708008        0.35324400        0.36434081        2.05000000        1.69461095
    21.20559944       38.17788367        0.35512528        0.36352628        2.05000000        1.69247276
    21.27258174       38.23868727        0.35700661        0.36271071        2.05000000        1.69033721
    21.33941301       38.29949086        0.35888799        0.36189408        2.05000000        1.68820428
    21.40609457       38.36029446        0.36076941        0.36107639        2.05000000        1.68607396
    21.47262768       38.42109806        0.36265089        0.36025762        2.05000000        1.68394622
    21.53901361       38.48190165        0.36453243        0.35943777        2.05000000        1.68182106
    21.60525359       38.54270525        0.36641403        0.35861681        2.05000000        1.67969846
    21.67134882       38.60350884        0.36829571        0.35779475        2.05000000        1.67757840
    21.73730050       38.66431244        0.37017745        0.35697155        2.05000000        1.67546088
    21.80310978       38.72511603        0.37205927        0.35614723        2.05000000        1.67334587
    21.86877780       38.78591963        0.37394117        0.35532176        2.05000000        1.67123336
    21.93430569       38.84672322        0.37582315        0.35449513        2.05000000        1.66912335
    21.99969453       38.90752682        0.37770522        0.35366734        2.05000000        1.66701581
    22.06494540       38.96833042        0.37958738        0.35283836        2.05000000        1.66491073
    22.13005936       39.02913401        0.38146962        0.35200820        2.05000000        1.66280810
    22.19503745       39.08993761        0.38335196        0.35117684        2.05000000        1.66070790
    22.25988068       39.15074120        0.38523440        0.35034427        2.05000000        1.65861012
    22.32459004       39.21154480        0.38711693        0.34951047        2.05000000        1.65651476
    22.38916653       39.27234839        0.38899956        0.34867545        2.05000000        1.65442179
    22.45361109       39.33315199        0.39088229        0.34783918        2.05000000        1.65233120
    22.51792468       39.39395558        0.39276512        0.34700166        2.05000000        1.65024298
    22.58210822       39.45475918        0.39464805        0.34616288        2.05000000        1.64815712
    22.64616261       39.51556278        0.39653109        0.34532283        2.05000000        1.64607361
    22.71008875       39.57636637        0.39841423        0.34448149        2.05000000        1.64399243
    22.77388753       39.63716997        0.40029748        0.34363886        2.05000000        1.64191357
    22.83755978       39.69797356        0.40218083        0.34279493        2.05000000        1.63983702
    22.90110637       39.75877716        0.40406429        0.34194969        2.05000000        1.63776277
    22.96452812       39.81958075        0.40594785        0.34110312        2.05000000        1.63569081
    23.02782585       39.88038435        0.40783152        0.34025523        2.05000000        1.63362111
    23.09100035       39.94118795        0.40971529        0.33940599        2.05000000        1.63155369
    23.15405242       40.00199154        0.41159917        0.33855540        2.05000000        1.62948851
    23.21698282       40.06279514        0.41348316        0.33770344        2.05000000        1.62742557
    23.27979231       40.12359873        0.41536724        0.33685012        2.05000000        1.62536486
    23.34248164       40.18440233        0.41725144        0.33599542        2.05000000        1.62330638
    23.40505154       40.24520592        0.41913573        0.33513933        2.05000000        1.62125009
    23.46750272       40.30600952        0.42102012        0.33428184        2.05000000        1.61919601
    23.52983589       40.36681311        0.42290462        0.33342294        2.05000000        1.61714411
    23.59205176       40.42761671        0.42478921        0.33256263        2.05000000        1.61509439
    23.65415098       40.48842031        0.42667390        0.33170088        2.05000000        1.61304683
    23.71613424       40.54922390        0.42855869        0.33083771        2.05000000        1.61100142
    23.77800220       40.61002750        0.43044357        0.32997308        2.05000000        1.60895816
    23.83975549       40.67083109        0.43232854        0.32910701        2.05000000        1.60691704
    23.90139476       40.73163469        0.43421360        0.32823947        2.05000000        1.60487804
    23.96292063       40.79243828        0.43609875        0.32737046        2.05000000        1.60284115
    24.02433370       40.85324188        0.43798399        0.32649997        2.05000000        1.60080637
    24.08563459       40.91404547        0.43986931        0.32562798        2.05000000        1.59877369
    24.14682387       40.97484907        0.44175471        0.32475450        2.05000000        1.59674309
    24.20790215       41.03565267        0.44364019        0.32387951        2.05000000        1.59471457
    24.26886997       41.09645626        0.44552575        0.32300301        2.05000000        1.59268811
    24.32972791       41.15725986        0.44741138        0.32212498        2.05000000        1.59066371
    24.39047652       41.21806345        0.44929709        0.32124541        2.05000000        1.58864136
    24.45111634       41.27886705        0.45118286        0.32036430        2.05000000        1.58662105
    24.51164790       41.33967064        0.45306870        0.31948165        2.05000000        1.58460277
    24.57207172       41.40047424        0.45495460        0.31859743        2.05000000        1.58258651
    24.63238832       41.46127783        0.45684056        0.31771164        2.05000000        1.58057227
    24.69259820       41.52208143        0.45872657        0.31682427        2.05000000        1.57856003
    24.75270186       41.58288503        0.46061264        0.31593532        2.05000000        1.57654978
    24.81269979       41.64368862        0.46249876        0.31504477        2.05000000        1.57454152
    24.87259246       41.70449222        0.46438492        0.31415262        2.05000000        1.57253524
    24.93238035       41.76529581        0.46627113        0.31325885        2.05000000        1.57053094
    24.99206392       41.82609941        0.46815738        0.31236347        2.05000000        1.56852859
    25.05164362       41.88690300        0.47004366        0.31146646        2.05000000        1.56652820
    25.11111990       41.94770660        0.47192997        0.31056781        2.05000000        1.56452975
    25.17049319       42.00851020        0.47381631        0.30966751        2.05000000        1.56253324
    25.22976394       42.06931379        0.47570267        0.30876556        2.05000000        1.56053867
    25.28893256       42.13011739        0.47758906        0.30786194        2.05000000        1.55854601
    25.34799946       42.19092098        0.47947546        0.30695666        2.05000000        1.55655527
    25.40696506       42.25172458        0.48136187        0.30604969        2.05000000        1.55456644
    25.46582976       42.31252817        0.48324829        0.30514104        2.05000000        1.55257950
    25.52459395       42.37333177        0.48513471        0.30423069        2.05000000        1.55059446
    25.58325801       42.43413536        0.48702113        0.30331864        2.05000000        1.54861130
    25.64182234       42.49493896        0.48890755        0.30240487        2.05000000        1.54663002
    25.70028730       42.55574256        0.49079395        0.30148938        2.05000000        1.54465062
    25.75865325       42.61654615        0.49268034        0.30057216        2.05000000        1.54267307
    25.81692057       42.67734975        0.49456671        0.29965320        2.05000000        1.54069738
    25.87508960       42.73815334        0.49645306        0.29873250        2.05000000        1.53872354
    25.93316069       42.79895694        0.49833938        0.29781004        2.05000000        1.53675154
    25.99113418       42.85976053        0.50022567        0.29688582        2.05000000        1.53478138
    26.04901041       42.92056413        0.50211192        0.29595983        2.05000000        1.53281304
    26.10678970       42.98136772        0.50399812        0.29503206        2.05000000        1.53084653
    26.16447238       43.04217132        0.50588428        0.29410250        2.05000000        1.52888183
    26.22205876       43.10297492        0.50777039        0.29317114        2.05000000        1.52691894
    26.27954916       43.16377851        0.50965644        0.29223798        2.05000000        1.52495786
    26.33694387       43.22458211        0.51154242        0.29130301        2.05000000        1.52299856
    26.39424321       43.28538570        0.51342834        0.29036622        2.05000000        1.52104106
    26.45144745       43.34618930        0.51531419        0.28942760        2.05000000        1.51908534
    26.50855690       43.40699289        0.51719995        0.28848714        2.05000000        1.51713140
    26.56557183       43.46779649        0.51908564        0.28754484        2.05000000        1.51517923
    26.62249252       43.52860009        0.52097123        0.28660068        2.05000000        1.51322883
    26.67931924       43.58940368        0.52285673        0.28565466        2.05000000        1.51128018
    26.73605226       43.65020728        0.52474213        0.28470677        2.05000000        1.50933329
    26.79269185       43.71101087        0.52662743        0.28375701        2.05000000        1.50738814
    26.84923824       43.77181447        0.52851262        0.28280535        2.05000000        1.50544474
    26.90569171       43.83261806        0.53039769        0.28185181        2.05000000        1.50350307
    26.96205249       43.89342166        0.53228264        0.28089636        2.05000000        1.50156313
    27.01832082       43.95422525        0.53416746        0.27993899        2.05000000        1.49962491
    27.07449694       44.01502885        0.53605215        0.27897971        2.05000000        1.49768841
    27.13058109       44.07583245        0.53793670        0.27801851        2.05000000        1.49575363
    27.18657349       44.13663604        0.53982110        0.27705536        2.05000000        1.49382056
    27.24247435       44.19743964        0.54170536        0.27609028        2.05000000        1.49188918
    27.29828391       44.25824323        0.54358946        0.27512324        2.05000000        1.48995951
    27.35400237       44.31904683        0.54547340        0.27415424        2.05000000        1.48803152
    27.40962995       44.37985042        0.54735717        0.27318327        2.05000000        1.48610522
    27.46516683       44.44065402        0.54924077        0.27221033        2.05000000        1.48418061
    27.52061323       44.50145761        0.55112419        0.27123540        2.05000000        1.48225767
    27.57596934       44.56226121        0.55300742        0.27025848        2.05000000        1.48033640
    27.63123535       44.62306481        0.55489046        0.26927956        2.05000000        1.47841680
    27.68641145       44.68386840        0.55677331        0.26829863        2.05000000        1.47649886
    27.74149781       44.74467200        0.55865595        0.26731568        2.05000000        1.47458258
    27.79649462       44.80547559        0.56053838        0.26633070        2.05000000        1.47266795
    27.85140205       44.86627919        0.56242060        0.26534369        2.05000000        1.47075497
    27.90622027       44.92708278        0.56430259        0.26435464        2.05000000        1.46884363
    27.96094945       44.98788638        0.56618436        0.26336354        2.05000000        1.46693392
    28.01558974       45.04868997        0.56806589        0.26237038        2.05000000        1.46502586
    28.07014131       45.10949357        0.56994718        0.26137515        2.05000000        1.46311942
    28.12460432       45.17029717        0.57182823        0.26037785        2.05000000        1.46121460
    28.17897889       45.23110076        0.57370902        0.25937846        2.05000000        1.45931141
    28.23326520       45.29190436        0.57558955        0.25837698        2.05000000        1.45740983
    28.28746338       45.35270795        0.57746981        0.25737340        2.05000000        1.45550986
    28.34157355       45.41351155        0.57934981        0.25636771        2.05000000        1.45361150
    28.39559588       45.47431514        0.58122952        0.25535990        2.05000000        1.45171474
    28.44953048       45.53511874        0.58310895        0.25434997        2.05000000        1.44981958
    28.50337747       45.59592234        0.58498809        0.25333791        2.05000000        1.44792602
    28.55713699       45.65672593        0.58686693        0.25232370        2.05000000        1.44603405
    28.61080916       45.71752953        0.58874546        0.25130734        2.05000000        1.44414366
    28.66439408       45.77833312        0.59062368        0.25028883        2.05000000        1.44225486
    28.71789189       45.83913672        0.59250159        0.24926814        2.05000000        1.44036763
    28.77130268       45.89994031        0.59437917        0.24824528        2.05000000        1.43848198
    28.82462655       45.96074391        0.59625642        0.24722024        2.05000000        1.43659790
    28.87786362       46.02154750        0.59813333        0.24619300        2.05000000        1.43471539
    28.93101399       46.08235110        0.60000989        0.24516356        2.05000000        1.43283444
    28.98407774       46.14315470        0.60188611        0.24413192        2.05000000        1.43095506
    29.03705498       46.20395829        0.60376196        0.24309805        2.05000000        1.42907722
    29.08994579       46.26476189        0.60563746        0.24206196        2.05000000        1.42720094
    29.14275025       46.32556548        0.60751258        0.24102363        2.05000000        1.42532622
    29.19546846       46.38636908        0.60938732        0.23998306        2.05000000        1.42345303
    29.24810049       46.44717267        0.61126168        0.23894024        2.05000000        1.42158139
    29.30064642       46.50797627        0.61313564        0.23789516        2.05000000        1.41971129
    29.35310631       46.56877986        0.61500921        0.23684781        2.05000000        1.41784272
    29.40548025       46.62958346        0.61688237        0.23579818        2.05000000        1.41597568
    29.45776830       46.69038706        0.61875512        0.23474626        2.05000000        1.41411018
    29.50997051       46.75119065        0.62062744        0.23369205        2.05000000        1.41224619
    29.56208696       46.81199425        0.62249935        0.23263554        2.05000000        1.41038374
    29.61411770       46.87279784        0.62437082        0.23157671        2.05000000        1.40852280
    29.66606279       46.93360144        0.62624184        0.23051557        2.05000000        1.40666337
    29.71792227       46.99440503        0.62811243        0.22945209        2.05000000        1.40480546
    29.76969621       47.05520863        0.62998255        0.22838627        2.05000000        1.40294906
    29.82138463       47.11601222        0.63185222        0.22731811        2.05000000        1.40109417
    29.87298758       47.17681582        0.63372142        0.22624760        2.05000000        1.39924078
    29.92450512       47.23761942        0.63559014        0.22517471        2.05000000        1.39738889
    29.97593726       47.29842301        0.63745838        0.22409946        2.05000000        1.39553850
    30.02728405       47.35922661        0.63932613        0.22302182        2.05000000        1.39368960
    30.07854552       47.42003020        0.64119338        0.22194179        2.05000000        1.39184220
    30.12972170       47.48083380        0.64306013        0.22085937        2.05000000        1.38999628
    30.18081261       47.54163739        0.64492637        0.21977453        2.05000000        1.38815186
    30.23181827       47.60244099        0.64679209        0.21868728        2.05000000        1.38630891
    30.28273871       47.66324459        0.64865729        0.21759760        2.05000000        1.38446745
    30.33357394       47.72404818        0.65052195        0.21650548        2.05000000        1.38262747
    30.38432398       47.78485178        0.65238607        0.21541093        2.05000000        1.38078897
    30.43498883       47.84565537        0.65424965        0.21431391        2.05000000        1.37895194
    30.48556851       47.90645897        0.65611267        0.21321444        2.05000000        1.37711638
    30.53606303       47.96726256        0.65797514        0.21211250        2.05000000        1.37528228
    30.58647238       48.02806616        0.65983703        0.21100807        2.05000000        1.37344966
    30.63679657       48.08886975        0.66169835        0.20990116        2.05000000        1.37161850
    30.68703561       48.14967335        0.66355908        0.20879175        2.05000000        1.36978880
    30.73718947       48.21047695        0.66541923        0.20767983        2.05000000        1.36796056
    30.78725815       48.27128054        0.66727878        0.20656539        2.05000000        1.36613378
    30.83724166       48.33208414        0.66913772        0.20544843        2.05000000        1.36430845
    30.88713996       48.39288773        0.67099605        0.20432894        2.05000000        1.36248458
    30.93695306       48.45369133        0.67285376        0.20320690        2.05000000        1.36066215
    30.98668092       48.51449492        0.67471085        0.20208231        2.05000000        1.35884117
    31.03632354       48.57529852        0.67656730        0.20095516        2.05000000        1.35702164
    31.08588089       48.63610211        0.67842311        0.19982543        2.05000000        1.35520356
    31.13535294       48.69690571        0.68027827        0.19869313        2.05000000        1.35338691
    31.18473966       48.75770931        0.68213278        0.19755823        2.05000000        1.35157171
    31.23404103       48.81851290        0.68398662        0.19642074        2.05000000        1.34975794
    31.28325701       48.87931650        0.68583979        0.19528064        2.05000000        1.34794561
    31.33238757       48.94012009        0.68769228        0.19413792        2.05000000        1.34613471
    31.38143267       49.00092369        0.68954409        0.19299257        2.05000000        1.34432525
    31.43039227       49.06172728        0.69139520        0.19184459        2.05000000        1.34251721
    31.47926632       49.12253088        0.69324562        0.19069396        2.05000000        1.34071060
    31.52805478       49.18333447        0.69509532        0.18954067        2.05000000        1.33890542
    31.57675761       49.24413807        0.69694431        0.18838472        2.05000000        1.33710167
    31.62537475       49.30494167        0.69879258        0.18722610        2.05000000        1.33529934
    31.67390615       49.36574526        0.70064011        0.18606479        2.05000000        1.33349842
    31.72235176       49.42654886        0.70248691        0.18490078        2.05000000        1.33169893
    31.77071152       49.48735245        0.70433297        0.18373408        2.05000000        1.32990086
    31.81898536       49.54815605        0.70617827        0.18256466        2.05000000        1.32810420
    31.86717323       49.60895964        0.70802281        0.18139252        2.05000000        1.32630896
    31.91527506       49.66976324        0.70986658        0.18021765        2.05000000        1.32451513
    31.96329078       49.73056684        0.71170957        0.17904003        2.05000000        1.32272271
    32.01122032       49.79137043        0.71355179        0.17785967        2.05000000        1.32093170
    32.05906362       49.85217403        0.71539321        0.17667654        2.05000000        1.31914210
    32.10682060       49.91297762        0.71723384        0.17549064        2.05000000        1.31735391
    32.15449118       49.97378122        0.71907366        0.17430196        2.05000000        1.31556712
    32.20207527       50.03458481        0.72091266        0.17311049        2.05000000        1.31378174
    32.24957281       50.09538841        0.72275085        0.17191622        2.05000000        1.31199776
    32.29698371       50.15619200        0.72458821        0.17071914        2.05000000        1.31021518
    32.34430787       50.21699560        0.72642473        0.16951924        2.05000000        1.30843400
    32.39154522       50.27779920        0.72826041        0.16831651        2.05000000        1.30665422
    32.43869566       50.33860279        0.73009523        0.16711094        2.05000000        1.30487584
    32.48575910       50.39940639        0.73192920        0.16590251        2.05000000        1.30309886
    32.53273543       50.46020998        0.73376231        0.16469123        2.05000000        1.30132327
    32.57962457       50.52101358        0.73559454        0.16347708        2.05000000        1.29954907
    32.62642642       50.58181717        0.73742588        0.16226005        2.05000000        1.29777627
    32.67314087       50.64262077        0.73925634        0.16104012        2.05000000        1.29600486
    32.71976781       50.70342436        0.74108590        0.15981730        2.05000000        1.29423484
    32.76630714       50.76422796        0.74291456        0.15859156        2.05000000        1.29246621
    32.81275875       50.82503156        0.74474231        0.15736291        2.05000000        1.29069897
    32.85912252       50.88583515        0.74656913        0.15613132        2.05000000        1.28893311
    32.90539835       50.94663875        0.74839503        0.15489679        2.05000000        1.28716864
    32.95158612       51.00744234        0.75021999        0.15365931        2.05000000        1.28540556
    32.99768571       51.06824594        0.75204402        0.15241887        2.05000000        1.28364387
    33.04369699       51.12904953        0.75386709        0.15117545        2.05000000        1.28188355
    33.08961984       51.18985313        0.75568920        0.14992905        2.05000000        1.28012462
    33.13545414       51.25065673        0.75751035        0.14867966        2.05000000        1.27836707
    33.18119976       51.31146032        0.75933052        0.14742726        2.05000000        1.27661091
    33.22685657       51.37226392        0.76114972        0.14617185        2.05000000        1.27485612
    33.27242443       51.43306751        0.76296792        0.14491342        2.05000000        1.27310271
    33.31790322       51.49387111        0.76478513        0.14365194        2.05000000        1.27135068
    33.36329279       51.55467470        0.76660134        0.14238743        2.05000000        1.26960003
    33.40859300       51.61547830        0.76841653        0.14111985        2.05000000        1.26785076
    33.45380372       51.67628189        0.77023070        0.13984921        2.05000000        1.26610286
    33.49892479       51.73708549        0.77204385        0.13857549        2.05000000        1.26435634
    33.54395607       51.79788909        0.77385596        0.13729869        2.05000000        1.26261120
    33.58889742       51.85869268        0.77566703        0.13601878        2.05000000        1.26086743
    33.63374868       51.91949628        0.77747705        0.13473576        2.05000000        1.25912503
    33.67850970       51.98029987        0.77928601        0.13344962        2.05000000        1.25738401
    33.72318032       52.04110347        0.78109391        0.13216035        2.05000000        1.25564436
    33.76776038       52.10190706        0.78290073        0.13086794        2.05000000        1.25390608
    33.81224973       52.16271066        0.78470647        0.12957237        2.05000000        1.25216917
    33.85664820       52.22351425        0.78651113        0.12827364        2.05000000        1.25043364
    33.90095563       52.28431785        0.78831468        0.12697173        2.05000000        1.24869948
    33.94517184       52.34512145        0.79011713        0.12566664        2.05000000        1.24696669
    33.98929668       52.40592504        0.79191847        0.12435835        2.05000000        1.24523527
    34.03332996       52.46672864        0.79371869        0.12304685        2.05000000        1.24350521
    34.07727151       52.52753223        0.79551779        0.12173213        2.05000000        1.24177653
    34.12112117       52.58833583        0.79731574        0.12041418        2.05000000        1.24004922
    34.16487874       52.64913942        0.79911256        0.11909298        2.05000000        1.23832328
    34.20854405       52.70994302        0.80090822        0.11776854        2.05000000        1.23659870
    34.25211691       52.77074661        0.80270273        0.11644083        2.05000000        1.23487549
    34.29559714       52.83155021        0.80449607        0.11510984        2.05000000        1.23315366
    34.33898455       52.89235381        0.80628823        0.11377556        2.05000000        1.23143319
    34.38227894       52.95315740        0.80807922        0.11243799        2.05000000        1.22971408
    34.42548014       53.01396100        0.80986901        0.11109711        2.05000000        1.22799635
    34.46858793       53.07476459        0.81165761        0.10975290        2.05000000        1.22627998
    34.51160213       53.13556819        0.81344500        0.10840536        2.05000000        1.22456498
    34.55452253       53.19637178        0.81523118        0.10705448        2.05000000        1.22285134
    34.59734894       53.25717538        0.81701614        0.10570024        2.05000000        1.22113908
    34.64008114       53.31797898        0.81879986        0.10434263        2.05000000        1.21942818
    34.68271893       53.37878257        0.82058236        0.10298165        2.05000000        1.21771865
    34.72526210       53.43958617        0.82236361        0.10161727        2.05000000        1.21601048
    34.76771045       53.50038976        0.82414361        0.10024949        2.05000000        1.21430368
    34.81006374       53.56119336        0.82592235        0.09887830        2.05000000        1.21259825
    34.85232178       53.62199695        0.82769982        0.09750368        2.05000000        1.21089418
    34.89448433       53.68280055        0.82947601        0.09612563        2.05000000        1.20919149
    34.93655118       53.74360414        0.83125093        0.09474412        2.05000000        1.20749016
    34.97852211       53.80440774        0.83302455        0.09335915        2.05000000        1.20579019
    35.02039689       53.86521134        0.83479688        0.09197071        2.05000000        1.20409160
    35.06217529       53.92601493        0.83656790        0.09057878        2.05000000        1.20239437
    35.10385708       53.98681853        0.83833760        0.08918336        2.05000000        1.20069851
    35.14544202       54.04762212        0.84010598        0.08778443        2.05000000        1.19900401
    35.18692989       54.10842572        0.84187304        0.08638197        2.05000000        1.19731089
    35.22832044       54.16922931        0.84363876        0.08497598        2.05000000        1.19561913
    35.26961343       54.23003291        0.84540313        0.08356645        2.05000000        1.19392875
    35.31080862       54.29083650        0.84716615        0.08215336        2.05000000        1.19223973
    35.35190577       54.35164010        0.84892781        0.08073670        2.05000000        1.19055208
    35.39290462       54.41244370        0.85068810        0.07931646        2.05000000        1.18886580
    35.43380493       54.47324729        0.85244701        0.07789262        2.05000000        1.18718089
    35.47460644       54.53405089        0.85420454        0.07646517        2.05000000        1.18549735
    35.51530890       54.59485448        0.85596068        0.07503411        2.05000000        1.18381518
    35.55591205       54.65565808        0.85771542        0.07359942        2.05000000        1.18213438
    35.59641562       54.71646167        0.85946875        0.07216108        2.05000000        1.18045496
    35.63681937       54.77726527        0.86122067        0.07071908        2.05000000        1.17877690
    35.67712302       54.83806886        0.86297116        0.06927342        2.05000000        1.17710022
    35.71732630       54.89887246        0.86472023        0.06782408        2.05000000        1.17542491
    35.75742895       54.95967606        0.86646785        0.06637104        2.05000000        1.17375098
    35.79743069       55.02047965        0.86821403        0.06491429        2.05000000        1.17207841
    35.83733124       55.08128325        0.86995876        0.06345383        2.05000000        1.17040723
    35.87713033       55.14208684        0.87170202        0.06198963        2.05000000        1.16873742
    35.91682768       55.20289044        0.87344381        0.06052169        2.05000000        1.16706898
    35.95642300       55.26369403        0.87518413        0.05905000        2.05000000        1.16540192
    35.99591602       55.32449763        0.87692296        0.05757453        2.05000000        1.16373624
    36.03530643       55.38530123        0.87866030        0.05609528        2.05000000        1.16207193
    36.07459395       55.44610482        0.88039614        0.05461223        2.05000000        1.16040900
    36.11377829       55.50690842        0.88213047        0.05312538        2.05000000        1.15874746
    36.15285915       55.56771201        0.88386328        0.05163470        2.05000000        1.15708729
    36.19183623       55.62851561        0.88559457        0.05014019        2.05000000        1.15542850
    36.23070924       55.68931920        0.88732433        0.04864183        2.05000000        1.15377109
    36.26947786       55.75012280        0.88905255        0.04713962        2.05000000        1.15211507
    36.30814178       55.81092639        0.89077922        0.04563352        2.05000000        1.15046043
    36.34670071       55.87172999        0.89250434        0.04412354        2.05000000        1.14880717
    36.38515433       55.93253359        0.89422789        0.04260967        2.05000000        1.14715530
    36.42350233       55.99333718        0.89594987        0.04109187        2.05000000        1.14550481
    36.46174438       56.05414078        0.89767028        0.03957015        2.05000000        1.14385570
    36.49988017       56.11494437        0.89938909        0.03804450        2.05000000        1.14220799
    36.53790937       56.17574797        0.90110632        0.03651488        2.05000000        1.14056166
    36.57583167       56.23655156        0.90282194        0.03498131        2.05000000        1.13891672
    36.61364672       56.29735516        0.90453595        0.03344375        2.05000000        1.13727318
    36.65135421       56.35815875        0.90624835        0.03190220        2.05000000        1.13563102
    36.68895379       56.41896235        0.90795912        0.03035664        2.05000000        1.13399025
    36.72644513       56.47976595        0.90966826        0.02880706        2.05000000        1.13235088
    36.76382790       56.54056954        0.91137576        0.02725345        2.05000000        1.13071290
    36.80110174       56.60137314        0.91308161        0.02569579        2.05000000        1.12907632
    36.83826632       56.66217673        0.91478580        0.02413407        2.05000000        1.12744113
    36.87532128       56.72298033        0.91648833        0.02256828        2.05000000        1.12580734
    36.91226629       56.78378392        0.91818919        0.02099840        2.05000000        1.12417495
    36.94910097       56.84458752        0.91988837        0.01942441        2.05000000        1.12254396
    36.98582498       56.90539111        0.92158586        0.01784631        2.05000000        1.12091437
    37.02243796       56.96619471        0.92328166        0.01626408        2.05000000        1.11928618
    37.05893955       57.02699831        0.92497575        0.01467771        2.05000000        1.11765940
    37.09532938       57.08780190        0.92666814        0.01308718        2.05000000        1.11603401
    37.13160707       57.14860550        0.92835880        0.01149248        2.05000000        1.11441004
    37.16777228       57.20940909        0.93004774        0.00989359        2.05000000        1.11278747
    37.20382461       57.27021269        0.93173495        0.00829051        2.05000000        1.11116631
    37.23976370       57.33101628        0.93342042        0.00668321        2.05000000        1.10954656
    37.27558916       57.39181988        0.93510413        0.00507168        2.05000000        1.10792822
    37.31130061       57.45262348        0.93678609        0.00345592        2.05000000        1.10631129
    37.34689767       57.51342707        0.93846629        0.00183590        2.05000000        1.10469577
    37.38237994       57.57423067        0.94014471        0.00021160        2.05000000        1.10308167
    37.41774704       57.63503426        0.94182136       -0.00141697        2.05000000        1.10146899
    37.45299857       57.69583786        0.94349621       -0.00304984        2.05000000        1.09985772
    37.48813414       57.75664145        0.94516927       -0.00468703        2.05000000        1.09824788
    37.52315334       57.81744505        0.94684053       -0.00632854        2.05000000        1.09663945
    37.55805576       57.87824864        0.94850998       -0.00797439        2.05000000        1.09503245
    37.59284101       57.93905224        0.95017761       -0.00962460        2.05000000        1.09342687
    37.62750868       57.99985584        0.95184341       -0.01127918        2.05000000        1.09182271
    37.66205834       58.06065943        0.95350737       -0.01293814        2.05000000        1.09021999
    37.69648958       58.12146303        0.95516950       -0.01460150        2.05000000        1.08861869
    37.73080199       58.18226662        0.95682978       -0.01626927        2.05000000        1.08701882
    37.76499514       58.24307022        0.95848820       -0.01794147        2.05000000        1.08542038
    37.79906861       58.30387381        0.96014475       -0.01961811        2.05000000        1.08382338
    37.83302196       58.36467741        0.96179943       -0.02129921        2.05000000        1.08222781
    37.86685477       58.42548100        0.96345223       -0.02298478        2.05000000        1.08063368
    37.90056660       58.48628460        0.96510315       -0.02467483        2.05000000        1.07904098
    37.93415700       58.54708820        0.96675217       -0.02636939        2.05000000        1.07744973
    37.96762555       58.60789179        0.96839928       -0.02806846        2.05000000        1.07585991
    38.00097179       58.66869539        0.97004448       -0.02977206        2.05000000        1.07427155
    38.03419527       58.72949898        0.97168777       -0.03148021        2.05000000        1.07268462
    38.06729554       58.79030258        0.97332913       -0.03319291        2.05000000        1.07109915
    38.10027216       58.85110617        0.97496855       -0.03491019        2.05000000        1.06951512
    38.13312465       58.91190977        0.97660603       -0.03663206        2.05000000        1.06793254
    38.16585256       58.97271336        0.97824156       -0.03835854        2.05000000        1.06635142
    38.19845542       59.03351696        0.97987514       -0.04008963        2.05000000        1.06477175
    38.23093277       59.09432056        0.98150675       -0.04182536        2.05000000        1.06319354
    38.26328412       59.15512415        0.98313639       -0.04356574        2.05000000        1.06161678
    38.29550902       59.21592775        0.98476404       -0.04531078        2.05000000        1.06004149
    38.32760696       59.27673134        0.98638971       -0.04706050        2.05000000        1.05846766
    38.35957748       59.33753494        0.98801339       -0.04881491        2.05000000        1.05689529
    38.39142008       59.39833853        0.98963506       -0.05057403        2.05000000        1.05532439
    38.42313428       59.45914213        0.99125472       -0.05233788        2.05000000        1.05375496
    38.45471959       59.51994573        0.99287236       -0.05410647        2.05000000        1.05218700
    38.48617551       59.58074932        0.99448797       -0.05587981        2.05000000        1.05062051
    38.51750152       59.64155292        0.99610155       -0.05765793        2.05000000        1.04905550
    38.54869715       59.70235651        0.99771309       -0.05944083        2.05000000        1.04749196
    38.57976186       59.76316011        0.99932258       -0.06122852        2.05000000        1.04592990
    38.61069516       59.82396370        1.00093001       -0.06302104        2.05000000        1.04436933
    38.64149653       59.88476730        1.00253538       -0.06481838        2.05000000        1.04281024
    38.67216545       59.94557089        1.00413867       -0.06662058        2.05000000        1.04125263
    38.70270139       60.00637449        1.00573989       -0.06842763        2.05000000        1.03969651
    38.73310383       60.06717809        1.00733902       -0.07023956        2.05000000        1.03814188
    38.76337225       60.12798168        1.00893605       -0.07205639        2.05000000        1.03658874
    38.79350610       60.18878528        1.01053098       -0.07387812        2.05000000        1.03503710
    38.82350485       60.24958887        1.01212379       -0.07570477        2.05000000        1.03348696
    38.85336796       60.31039247        1.01371450       -0.07753637        2.05000000        1.03193831
    38.88309488       60.37119606        1.01530307       -0.07937291        2.05000000        1.03039117
    38.91268507       60.43199966        1.01688951       -0.08121443        2.05000000        1.02884553
    38.94213797       60.49280325        1.01847381       -0.08306093        2.05000000        1.02730140
    38.97145301       60.55360685        1.02005596       -0.08491244        2.05000000        1.02575877
    39.00062966       60.61441045        1.02163596       -0.08676896        2.05000000        1.02421766
    39.02966733       60.67521404        1.02321379       -0.08863051        2.05000000        1.02267806
    39.05856546       60.73601764        1.02478945       -0.09049711        2.05000000        1.02113998
    39.08732347       60.79682123        1.02636293       -0.09236877        2.05000000        1.01960342
    39.11594079       60.85762483        1.02793422       -0.09424551        2.05000000        1.01806838
    39.14441684       60.91842842        1.02950332       -0.09612735        2.05000000        1.01653486
    39.17275104       60.97923202        1.03107021       -0.09801429        2.05000000        1.01500287
    39.20094279       61.04003562        1.03263490       -0.09990637        2.05000000        1.01347241
    39.22899150       61.10083921        1.03419737       -0.10180358        2.05000000        1.01194348
    39.25689657       61.16164281        1.03575761       -0.10370595        2.05000000        1.01041609
    39.28465740       61.22244640        1.03731562       -0.10561349        2.05000000        1.00889023
    39.31227339       61.28325000        1.03887139       -0.10752622        2.05000000        1.00736592
    39.33974393       61.34405359        1.04042491       -0.10944415        2.05000000        1.00584314
    39.36706839       61.40485719        1.04197618       -0.11136730        2.05000000        1.00432191
    39.39424617       61.46566078        1.04352518       -0.11329569        2.05000000        1.00280223
    39.42127664       61.52646438        1.04507192       -0.11522932        2.05000000        1.00128411
    39.44815917       61.58726798        1.04661637       -0.11716823        2.05000000        0.99976753
    39.47489313       61.64807157        1.04815854       -0.11911242        2.05000000        0.99825252
    39.50147789       61.70887517        1.04969842       -0.12106190        2.05000000        0.99673906
    39.52791279       61.76967876        1.05123599       -0.12301670        2.05000000        0.99522716
    39.55419721       61.83048236        1.05277126       -0.12497682        2.05000000        0.99371684
    39.58033049       61.89128595        1.05430421       -0.12694230        2.05000000        0.99220808
    39.60631197       61.95208955        1.05583483       -0.12891313        2.05000000        0.99070089
    39.63214100       62.01289314        1.05736312       -0.13088934        2.05000000        0.98919527
    39.65781691       62.07369674        1.05888908       -0.13287094        2.05000000        0.98769124
    39.68333905       62.13450034        1.06041269       -0.13485795        2.05000000        0.98618878
    39.70870672       62.19530393        1.06193394       -0.13685038        2.05000000        0.98468791
    39.73391926       62.25610753        1.06345283       -0.13884825        2.05000000        0.98318862
    39.75897599       62.31691112        1.06496935       -0.14085157        2.05000000        0.98169093
    39.78387622       62.37771472        1.06648350       -0.14286037        2.05000000        0.98019483
    39.80861925       62.43851831        1.06799526       -0.14487465        2.05000000        0.97870032
    39.83320440       62.49932191        1.06950463       -0.14689443        2.05000000        0.97720742
    39.85763097       62.56012550        1.07101159       -0.14891973        2.05000000        0.97571611
    39.88189823       62.62092910        1.07251615       -0.15095056        2.05000000        0.97422641
    39.90600550       62.68173270        1.07401830       -0.15298694        2.05000000        0.97273833
    39.92995205       62.74253629        1.07551802       -0.15502889        2.05000000        0.97125185
    39.95373715       62.80333989        1.07701532       -0.15707641        2.05000000        0.96976699
    39.97736010       62.86414348        1.07851017       -0.15912953        2.05000000        0.96828375
    40.00082015       62.92494708        1.08000258       -0.16118826        2.05000000        0.96680213
    40.02411657       62.98575067        1.08149254       -0.16325261        2.05000000        0.96532214
    40.04724863       63.04655427        1.08298003       -0.16532261        2.05000000        0.96384377
    40.07021557       63.10735787        1.08446506       -0.16739826        2.05000000        0.96236704
    40.09301665       63.16816146        1.08594761       -0.16947959        2.05000000        0.96089195
    40.11565111       63.22896506        1.08742768       -0.17156660        2.05000000        0.95941850
    40.13811819       63.28976865        1.08890526       -0.17365931        2.05000000        0.95794669
    40.16041713       63.35057225        1.09038034       -0.17575774        2.05000000        0.95647652
    40.18254715       63.41137584        1.09185291       -0.17786191        2.05000000        0.95500801
    40.20450747       63.47217944        1.09332297       -0.17997182        2.05000000        0.95354115
    40.22629733       63.53298303        1.09479051       -0.18208750        2.05000000        0.95207595
    40.24791592       63.59378663        1.09625551       -0.18420895        2.05000000        0.95061241
    40.26936247       63.65459023        1.09771799       -0.18633620        2.05000000        0.94915053
    40.29063616       63.71539382        1.09917792       -0.18846926        2.05000000        0.94769033
    40.31173620       63.77619742        1.10063529       -0.19060814        2.05000000        0.94623179
    40.33266178       63.83700101        1.10209011       -0.19275286        2.05000000        0.94477493
    40.35341208       63.89780461        1.10354236       -0.19490344        2.05000000        0.94331976
    40.37398629       63.95860820        1.10499204       -0.19705988        2.05000000        0.94186626
    40.39438357       64.01941180        1.10643913       -0.19922221        2.05000000        0.94041446
    40.41460311       64.08021539        1.10788364       -0.20139043        2.05000000        0.93896434
    40.43464406       64.14101899        1.10932555       -0.20356457        2.05000000        0.93751592
    40.45450558       64.20182259        1.11076485       -0.20574463        2.05000000        0.93606921
    40.47418682       64.26262618        1.11220154       -0.20793064        2.05000000        0.93462419
    40.49368693       64.32342978        1.11363561       -0.21012260        2.05000000        0.93318088
    40.51300505       64.38423337        1.11506706       -0.21232053        2.05000000        0.93173928
    40.53214032       64.44503697        1.11649587       -0.21452445        2.05000000        0.93029940
    40.55109186       64.50584056        1.11792203       -0.21673436        2.05000000        0.92886124
    40.56985880       64.56664416        1.11934555       -0.21895029        2.05000000        0.92742480
    40.58844025       64.62744775        1.12076641       -0.22117225        2.05000000        0.92599009
    40.60683533       64.68825135        1.12218460       -0.22340025        2.05000000        0.92455711
    40.62504313       64.74905495        1.12360012       -0.22563431        2.05000000        0.92312587
    40.64306277       64.80985854        1.12501296       -0.22787443        2.05000000        0.92169636
    40.66089332       64.87066214        1.12642311       -0.23012064        2.05000000        0.92026861
    40.67853389       64.93146573        1.12783056       -0.23237295        2.05000000        0.91884260
    40.69598354       64.99226933        1.12923531       -0.23463137        2.05000000        0.91741834
    40.71324136       65.05307292        1.13063735       -0.23689591        2.05000000        0.91599584
    40.73030641       65.11387652        1.13203667       -0.23916659        2.05000000        0.91457510
    40.74717775       65.17468012        1.13343326       -0.24144342        2.05000000        0.91315613
    40.76385444       65.23548371        1.13482712       -0.24372641        2.05000000        0.91173893
    40.78033553       65.29628731        1.13621824       -0.24601558        2.05000000        0.91032350
    40.79662006       65.35709090        1.13760661       -0.24831094        2.05000000        0.90890986
    40.81270707       65.41789450        1.13899222       -0.25061251        2.05000000        0.90749799
    40.82859558       65.47869809        1.14037507       -0.25292029        2.05000000        0.90608792
    40.84428462       65.53950169        1.14175515       -0.25523430        2.05000000        0.90467964
    40.85977321       65.60030528        1.14313244       -0.25755455        2.05000000        0.90327315
    40.87506036       65.66110888        1.14450695       -0.25988106        2.05000000        0.90186847
    40.89014506       65.72191248        1.14587866       -0.26221383        2.05000000        0.90046560
    40.90502632       65.78271607        1.14724757       -0.26455288        2.05000000        0.89906453
    40.91970313       65.84351967        1.14861367       -0.26689822        2.05000000        0.89766528
    40.93417446       65.90432326        1.14997695       -0.26924986        2.05000000        0.89626786
    40.94843930       65.96512686        1.15133741       -0.27160782        2.05000000        0.89487226
    40.96249661       66.02593045        1.15269503       -0.27397210        2.05000000        0.89347849
    40.97634536       66.08673405        1.15404981       -0.27634272        2.05000000        0.89208655
    40.98998450       66.14753764        1.15540174       -0.27871969        2.05000000        0.89069646
    41.00341297       66.20834124        1.15675081       -0.28110301        2.05000000        0.88930821
    41.01662973       66.26914484        1.15809702       -0.28349271        2.05000000        0.88792181
    41.02963370       66.32994843        1.15944036       -0.28588879        2.05000000        0.88653726
    41.04242382       66.39075203        1.16078082       -0.28829126        2.05000000        0.88515458
    41.05499900       66.45155562        1.16211839       -0.29070013        2.05000000        0.88377376
    41.06735814       66.51235922        1.16345306       -0.29311541        2.05000000        0.88239481
    41.07950017       66.57316281        1.16478484       -0.29553712        2.05000000        0.88101773
    41.09142398       66.63396641        1.16611370       -0.29796526        2.05000000        0.87964254
    41.10312845       66.69477000        1.16743964       -0.30039985        2.05000000        0.87826923
    41.11461247       66.75557360        1.16876266       -0.30284088        2.05000000        0.87689781
    41.12587492       66.81637720        1.17008274       -0.30528838        2.05000000        0.87552829
    41.13691466       66.87718079        1.17139988       -0.30774234        2.05000000        0.87416066
    41.14773055       66.93798439        1.17271407       -0.31020279        2.05000000        0.87279495
    41.15832146       66.99878798        1.17402531       -0.31266973        2.05000000        0.87143114
    41.16868621       67.05959158        1.17533358       -0.31514316        2.05000000        0.87006925
    41.17882365       67.12039517        1.17663887       -0.31762310        2.05000000        0.86870929
    41.18873261       67.18119877        1.17794119       -0.32010955        2.05000000        0.86735125
    41.19841191       67.24200237        1.17924052       -0.32260252        2.05000000        0.86599514
    41.20786036       67.30280596        1.18053685       -0.32510202        2.05000000        0.86464098
    41.21707678       67.36360956        1.18183017       -0.32760806        2.05000000        0.86328875
    41.22605995       67.42441315        1.18312049       -0.33012063        2.05000000        0.86193848
    41.23480867       67.48521675        1.18440778       -0.33263976        2.05000000        0.86059016
    41.24332172       67.54602034        1.18569205       -0.33516545        2.05000000        0.85924380
    41.25159787       67.60682394        1.18697328       -0.33769770        2.05000000        0.85789941
    41.25963589       67.66762753        1.18825146       -0.34023652        2.05000000        0.85655699
    41.26743454       67.72843113        1.18952660       -0.34278191        2.05000000        0.85521655
    41.27499257       67.78923473        1.19079868       -0.34533389        2.05000000        0.85387809
    41.28230870       67.85003832        1.19206769       -0.34789245        2.05000000        0.85254162
    41.28938169       67.91084192        1.19333362       -0.35045760        2.05000000        0.85120714
    41.29621025       67.97164551        1.19459647       -0.35302935        2.05000000        0.84987467
    41.30279310       68.03244911        1.19585623       -0.35560769        2.05000000        0.84854420
    41.30912894       68.09325270        1.19711289       -0.35819264        2.05000000        0.84721575
    41.31521648       68.15405630        1.19836644       -0.36078420        2.05000000        0.84588931
    41.32105440       68.21485989        1.19961688       -0.36338237        2.05000000        0.84456490
    41.32664138       68.27566349        1.20086419       -0.36598715        2.05000000        0.84324252
    41.33197610       68.33646709        1.20210838       -0.36859855        2.05000000        0.84192217
    41.33705722       68.39727068        1.20334942       -0.37121657        2.05000000        0.84060387
    41.34188339       68.45807428        1.20458732       -0.37384121        2.05000000        0.83928761
    41.34645326       68.51887787        1.20582206       -0.37647248        2.05000000        0.83797341
    41.35076547       68.57968147        1.20705364       -0.37911036        2.05000000        0.83666127
    41.35481864       68.64048506        1.20828204       -0.38175488        2.05000000        0.83535120
    41.35861140       68.70128866        1.20950727       -0.38440602        2.05000000        0.83404320
    41.36214234       68.76209226        1.21072931       -0.38706378        2.05000000        0.83273728
    41.36541009       68.82289585        1.21194815       -0.38972817        2.05000000        0.83143345
    41.36841321       68.88369945        1.21316379       -0.39239919        2.05000000        0.83013171
    41.37115030       68.94450304        1.21437622       -0.39507683        2.05000000        0.82883206
    41.37361993       69.00530664        1.21558542       -0.39776110        2.05000000        0.82753453
    41.37582066       69.06611023        1.21679140       -0.40045198        2.05000000        0.82623910
    41.37775104       69.12691383        1.21799414       -0.40314949        2.05000000        0.82494579
    41.37940963       69.18771742        1.21919364       -0.40585361        2.05000000        0.82365461
    41.38079494       69.24852102        1.22038988       -0.40856434        2.05000000        0.82236556
    41.38190552       69.30932462        1.22158286       -0.41128168        2.05000000        0.82107864
    41.38273987       69.37012821        1.22277257       -0.41400563        2.05000000        0.81979387
    41.38329650       69.43093181        1.22395900       -0.41673618        2.05000000        0.81851125
    41.38357390       69.49173540        1.22514215       -0.41947333        2.05000000        0.81723079
