#  Theta paroi en deg Angle Choc en deg       Kp           Inverse Mach       Mach amont       Mach aval
     0.00000000       35.54874400        0.00000000        0.41860465        1.72000000
     2.11781865       35.55037754        0.00870212        0.41458287        1.72000000        1.71993847
     2.52149921       35.55266315        0.01170418        0.41319750        1.72000000        1.71985237
     2.97004012       35.55690497        0.01542598        0.41148138        1.72000000        1.71969262
     3.46111972       35.56440714        0.01993253        0.40940539        1.72000000        1.71941014
     3.97129704       35.57647381        0.02505935        0.40704612        1.72000000        1.71895597
     4.48619569       35.59440911        0.03066460        0.40446952        1.72000000        1.71828131
     4.99947812       35.61951719        0.03665925        0.40171693        1.72000000        1.71733763
     5.50910382       35.65310219        0.04299371        0.39881142        1.72000000        1.71607680
     6.01508069       35.69646824        0.04964390        0.39576418        1.72000000        1.71445122
     6.51835038       35.75091950        0.05660224        0.39257877        1.72000000        1.71241399
     6.93428682       35.80537076        0.06260388        0.38983351        1.72000000        1.71038104
     7.29345598       35.85982201        0.06796454        0.38738294        1.72000000        1.70835236
     7.61239241       35.91427327        0.07286047        0.38514589        1.72000000        1.70632791
     7.90113677       35.96872452        0.07740138        0.38307186        1.72000000        1.70430766
     8.16628166       36.02317578        0.08166076        0.38112700        1.72000000        1.70229158
     8.41240786       36.07762704        0.08569057        0.37928741        1.72000000        1.70027964
     8.64283795       36.13207829        0.08952904        0.37753549        1.72000000        1.69827183
     8.86006490       36.18652955        0.09320524        0.37585788        1.72000000        1.69626809
     9.06601089       36.24098080        0.09674183        0.37424413        1.72000000        1.69426842
     9.26219192       36.29543206        0.10015686        0.37268595        1.72000000        1.69227278
     9.44982632       36.34988332        0.10346499        0.37117659        1.72000000        1.69028114
     9.62990924       36.40433457        0.10667827        0.36971050        1.72000000        1.68829349
     9.80326480       36.45878583        0.10980676        0.36828305        1.72000000        1.68630978
     9.97058386       36.51323708        0.11285898        0.36689032        1.72000000        1.68433000
    10.13245170       36.56768834        0.11584216        0.36552899        1.72000000        1.68235411
    10.28936892       36.62213960        0.11876253        0.36419617        1.72000000        1.68038210
    10.44176722       36.67659085        0.12162550        0.36288939        1.72000000        1.67841393
    10.59002178       36.73104211        0.12443580        0.36160645        1.72000000        1.67644959
    10.73446085       36.78549336        0.12719756        0.36034546        1.72000000        1.67448903
    10.87537340       36.83994462        0.12991446        0.35910471        1.72000000        1.67253225
    11.01301523       36.89439588        0.13258977        0.35788271        1.72000000        1.67057922
    11.14761402       36.94884713        0.13522639        0.35667810        1.72000000        1.66862991
    11.27937332       37.00329839        0.13782694        0.35548967        1.72000000        1.66668429
    11.40847594       37.05774964        0.14039378        0.35431635        1.72000000        1.66474234
    11.53508668       37.11220090        0.14292903        0.35315713        1.72000000        1.66280405
    11.65935472       37.16665216        0.14543464        0.35201114        1.72000000        1.66086937
    11.78141552       37.22110341        0.14791235        0.35087754        1.72000000        1.65893830
    11.90139252       37.27555467        0.15036379        0.34975560        1.72000000        1.65701081
    12.01939852       37.33000592        0.15279042        0.34864462        1.72000000        1.65508687
    12.13553690       37.38445718        0.15519359        0.34754399        1.72000000        1.65316647
    12.24990267       37.43890844        0.15757457        0.34645312        1.72000000        1.65124957
    12.36258337       37.49335969        0.15993448        0.34537148        1.72000000        1.64933616
    12.47365979       37.54781095        0.16227441        0.34429856        1.72000000        1.64742622
    12.58320674       37.60226220        0.16459533        0.34323391        1.72000000        1.64551972
    12.69129360       37.65671346        0.16689816        0.34217711        1.72000000        1.64361664
    12.79798482       37.71116472        0.16918376        0.34112774        1.72000000        1.64171696
    12.90334043       37.76561597        0.17145292        0.34008544        1.72000000        1.63982066
    13.00741641       37.82006723        0.17370638        0.33904987        1.72000000        1.63792772
    13.11026506       37.87451848        0.17594483        0.33802068        1.72000000        1.63603811
    13.21193531       37.92896974        0.17816894        0.33699759        1.72000000        1.63415182
    13.31247306       37.98342100        0.18037930        0.33598029        1.72000000        1.63226882
    13.41192137       38.03787225        0.18257649        0.33496853        1.72000000        1.63038909
    13.51032070       38.09232351        0.18476105        0.33396204        1.72000000        1.62851262
    13.60770916       38.14677476        0.18693348        0.33296058        1.72000000        1.62663939
    13.70412266       38.20122602        0.18909428        0.33196393        1.72000000        1.62476937
    13.79959506       38.25567728        0.19124388        0.33097187        1.72000000        1.62290254
    13.89415839       38.31012853        0.19338271        0.32998419        1.72000000        1.62103889
    13.98784292       38.36457979        0.19551119        0.32900071        1.72000000        1.61917839
    14.08067730       38.41903104        0.19762968        0.32802124        1.72000000        1.61732103
    14.17268872       38.47348230        0.19973856        0.32704561        1.72000000        1.61546679
    14.26390293       38.52793356        0.20183817        0.32607365        1.72000000        1.61361565
    14.35434445       38.58238481        0.20392883        0.32510521        1.72000000        1.61176758
    14.44403652       38.63683607        0.20601086        0.32414012        1.72000000        1.60992258
    14.53300129       38.69128732        0.20808455        0.32317826        1.72000000        1.60808062
    14.62125985       38.74573858        0.21015018        0.32221948        1.72000000        1.60624169
    14.70883229       38.80018984        0.21220802        0.32126365        1.72000000        1.60440577
    14.79573778       38.85464109        0.21425833        0.32031065        1.72000000        1.60257283
    14.88199461       38.90909235        0.21630135        0.31936036        1.72000000        1.60074286
    14.96762027       38.96354360        0.21833731        0.31841266        1.72000000        1.59891585
    15.05263147       39.01799486        0.22036643        0.31746745        1.72000000        1.59709178
    15.13704418       39.07244612        0.22238893        0.31652462        1.72000000        1.59527063
    15.22087372       39.12689737        0.22440501        0.31558406        1.72000000        1.59345238
    15.30413475       39.18134863        0.22641487        0.31464568        1.72000000        1.59163701
    15.38684131       39.23579988        0.22841868        0.31370940        1.72000000        1.58982452
    15.46900690       39.29025114        0.23041664        0.31277511        1.72000000        1.58801488
    15.55064444       39.34470240        0.23240891        0.31184273        1.72000000        1.58620807
    15.63176637       39.39915365        0.23439565        0.31091218        1.72000000        1.58440409
    15.71238461       39.45360491        0.23637703        0.30998338        1.72000000        1.58260290
    15.79251064       39.50805616        0.23835319        0.30905626        1.72000000        1.58080451
    15.87215551       39.56250742        0.24032428        0.30813073        1.72000000        1.57900889
    15.95132983       39.61695868        0.24229043        0.30720672        1.72000000        1.57721602
    16.03004385       39.67140993        0.24425180        0.30628418        1.72000000        1.57542590
    16.10830740       39.72586119        0.24620849        0.30536302        1.72000000        1.57363850
    16.18613000       39.78031244        0.24816064        0.30444319        1.72000000        1.57185381
    16.26352080       39.83476370        0.25010837        0.30352462        1.72000000        1.57007182
    16.34048864       39.88921496        0.25205179        0.30260725        1.72000000        1.56829251
    16.41704204       39.94366621        0.25399102        0.30169102        1.72000000        1.56651586
    16.49318924       39.99811747        0.25592615        0.30077589        1.72000000        1.56474186
    16.56893821       40.05256872        0.25785730        0.29986178        1.72000000        1.56297050
    16.64429661       40.10701998        0.25978456        0.29894865        1.72000000        1.56120176
    16.71927189       40.16147124        0.26170803        0.29803645        1.72000000        1.55943563
    16.79387122       40.21592249        0.26362780        0.29712512        1.72000000        1.55767209
    16.86810157       40.27037375        0.26554396        0.29621463        1.72000000        1.55591113
    16.94196966       40.32482500        0.26745660        0.29530491        1.72000000        1.55415273
    17.01548201       40.37927626        0.26936580        0.29439593        1.72000000        1.55239688
    17.08864493       40.43372752        0.27127165        0.29348763        1.72000000        1.55064358
    17.16146453       40.48817877        0.27317421        0.29257999        1.72000000        1.54889279
    17.23394674       40.54263003        0.27507356        0.29167295        1.72000000        1.54714452
    17.30609729       40.59708128        0.27696979        0.29076647        1.72000000        1.54539874
    17.37792178       40.65153254        0.27886295        0.28986051        1.72000000        1.54365545
    17.44942559       40.70598380        0.28075312        0.28895504        1.72000000        1.54191463
    17.52061397       40.76043505        0.28264036        0.28805002        1.72000000        1.54017626
    17.59149202       40.81488631        0.28452474        0.28714541        1.72000000        1.53844034
    17.66206467       40.86933756        0.28640631        0.28624117        1.72000000        1.53670685
    17.73233674       40.92378882        0.28828514        0.28533726        1.72000000        1.53497578
    17.80231288       40.97824008        0.29016129        0.28443367        1.72000000        1.53324712
    17.87199763       41.03269133        0.29203481        0.28353034        1.72000000        1.53152085
    17.94139539       41.08714259        0.29390576        0.28262726        1.72000000        1.52979697
    18.01051046       41.14159384        0.29577418        0.28172438        1.72000000        1.52807545
    18.07934699       41.19604510        0.29764014        0.28082167        1.72000000        1.52635629
    18.14790904       41.25049636        0.29950367        0.27991911        1.72000000        1.52463948
    18.21620056       41.30494761        0.30136484        0.27901667        1.72000000        1.52292500
    18.28422537       41.35939887        0.30322367        0.27811431        1.72000000        1.52121284
    18.35198724       41.41385012        0.30508023        0.27721201        1.72000000        1.51950299
    18.41948978       41.46830138        0.30693455        0.27630975        1.72000000        1.51779544
    18.48673655       41.52275264        0.30878668        0.27540748        1.72000000        1.51609018
    18.55373100       41.57720389        0.31063665        0.27450520        1.72000000        1.51438720
    18.62047649       41.63165515        0.31248451        0.27360286        1.72000000        1.51268648
    18.68697630       41.68610640        0.31433030        0.27270045        1.72000000        1.51098801
    18.75323363       41.74055766        0.31617405        0.27179794        1.72000000        1.50929178
    18.81925160       41.79500892        0.31801581        0.27089531        1.72000000        1.50759779
    18.88503324       41.84946017        0.31985559        0.26999253        1.72000000        1.50590601
    18.95058151       41.90391143        0.32169345        0.26908958        1.72000000        1.50421645
    19.01589932       41.95836268        0.32352942        0.26818644        1.72000000        1.50252908
    19.08098947       42.01281394        0.32536352        0.26728308        1.72000000        1.50084390
    19.14585473       42.06726520        0.32719578        0.26637948        1.72000000        1.49916090
    19.21049778       42.12171645        0.32902625        0.26547562        1.72000000        1.49748007
    19.27492124       42.17616771        0.33085495        0.26457147        1.72000000        1.49580139
    19.33912768       42.23061896        0.33268190        0.26366703        1.72000000        1.49412486
    19.40311960       42.28507022        0.33450714        0.26276226        1.72000000        1.49245047
    19.46689945       42.33952148        0.33633070        0.26185715        1.72000000        1.49077821
    19.53046960       42.39397273        0.33815259        0.26095168        1.72000000        1.48910806
    19.59383239       42.44842399        0.33997285        0.26004583        1.72000000        1.48744001
    19.65699010       42.50287524        0.34179150        0.25913957        1.72000000        1.48577407
    19.71994497       42.55732650        0.34360857        0.25823289        1.72000000        1.48411021
    19.78269916       42.61177776        0.34542408        0.25732578        1.72000000        1.48244843
    19.84525481       42.66622901        0.34723804        0.25641821        1.72000000        1.48078871
    19.90761400       42.72068027        0.34905050        0.25551016        1.72000000        1.47913106
    19.96977876       42.77513152        0.35086146        0.25460162        1.72000000        1.47747545
    20.03175109       42.82958278        0.35267095        0.25369257        1.72000000        1.47582189
    20.09353293       42.88403404        0.35447898        0.25278300        1.72000000        1.47417035
    20.15512618       42.93848529        0.35628559        0.25187288        1.72000000        1.47252084
    20.21653272       42.99293655        0.35809078        0.25096220        1.72000000        1.47087334
    20.27775437       43.04738780        0.35989458        0.25005094        1.72000000        1.46922784
    20.33879291       43.10183906        0.36169700        0.24913910        1.72000000        1.46758434
    20.39965009       43.15629032        0.36349807        0.24822664        1.72000000        1.46594282
    20.46032762       43.21074157        0.36529779        0.24731356        1.72000000        1.46430328
    20.52082718       43.26519283        0.36709620        0.24639984        1.72000000        1.46266571
    20.58115041       43.31964408        0.36889330        0.24548547        1.72000000        1.46103010
    20.64129891       43.37409534        0.37068910        0.24457043        1.72000000        1.45939644
    20.70127425       43.42854660        0.37248363        0.24365470        1.72000000        1.45776472
    20.76107798       43.48299785        0.37427690        0.24273828        1.72000000        1.45613494
    20.82071162       43.53744911        0.37606893        0.24182114        1.72000000        1.45450708
    20.88017662       43.59190036        0.37785972        0.24090328        1.72000000        1.45288114
    20.93947445       43.64635162        0.37964930        0.23998468        1.72000000        1.45125711
    20.99860653       43.70080288        0.38143767        0.23906532        1.72000000        1.44963499
    21.05757424       43.75525413        0.38322486        0.23814519        1.72000000        1.44801475
    21.11637895       43.80970539        0.38501086        0.23722428        1.72000000        1.44639641
    21.17502199       43.86415664        0.38679569        0.23630258        1.72000000        1.44477994
    21.23350468       43.91860790        0.38857938        0.23538007        1.72000000        1.44316534
    21.29182830       43.97305916        0.39036192        0.23445674        1.72000000        1.44155260
    21.34999411       44.02751041        0.39214332        0.23353258        1.72000000        1.43994172
    21.40800333       44.08196167        0.39392361        0.23260757        1.72000000        1.43833269
    21.46585720       44.13641292        0.39570279        0.23168170        1.72000000        1.43672550
    21.52355688       44.19086418        0.39748086        0.23075496        1.72000000        1.43512014
    21.58110355       44.24531544        0.39925785        0.22982734        1.72000000        1.43351660
    21.63849834       44.29976669        0.40103376        0.22889882        1.72000000        1.43191488
    21.69574239       44.35421795        0.40280859        0.22796940        1.72000000        1.43031497
    21.75283677       44.40866920        0.40458237        0.22703905        1.72000000        1.42871687
    21.80978258       44.46312046        0.40635509        0.22610778        1.72000000        1.42712056
    21.86658087       44.51757172        0.40812676        0.22517556        1.72000000        1.42552604
    21.92323268       44.57202297        0.40989740        0.22424239        1.72000000        1.42393331
    21.97973902       44.62647423        0.41166701        0.22330825        1.72000000        1.42234234
    22.03610090       44.68092548        0.41343560        0.22237314        1.72000000        1.42075315
    22.09231928       44.73537674        0.41520318        0.22143704        1.72000000        1.41916572
    22.14839516       44.78982800        0.41696975        0.22049995        1.72000000        1.41758004
    22.20432944       44.84427925        0.41873532        0.21956184        1.72000000        1.41599611
    22.26012307       44.89873051        0.42049990        0.21862271        1.72000000        1.41441393
    22.31577696       44.95318176        0.42226350        0.21768255        1.72000000        1.41283347
    22.37129200       45.00763302        0.42402611        0.21674136        1.72000000        1.41125475
    22.42666906       45.06208428        0.42578775        0.21579911        1.72000000        1.40967775
    22.48190901       45.11653553        0.42754843        0.21485579        1.72000000        1.40810246
    22.53701268       45.17098679        0.42930814        0.21391141        1.72000000        1.40652889
    22.59198092       45.22543804        0.43106690        0.21296594        1.72000000        1.40495701
    22.64681452       45.27988930        0.43282471        0.21201938        1.72000000        1.40338683
    22.70151429       45.33434056        0.43458157        0.21107172        1.72000000        1.40181835
    22.75608102       45.38879181        0.43633749        0.21012294        1.72000000        1.40025155
    22.81051548       45.44324307        0.43809247        0.20917304        1.72000000        1.39868642
    22.86481841       45.49769432        0.43984652        0.20822201        1.72000000        1.39712297
    22.91899057       45.55214558        0.44159965        0.20726983        1.72000000        1.39556119
    22.97303269       45.60659684        0.44335185        0.20631651        1.72000000        1.39400106
    23.02694547       45.66104809        0.44510313        0.20536202        1.72000000        1.39244259
    23.08072963       45.71549935        0.44685350        0.20440636        1.72000000        1.39088577
    23.13438585       45.76995060        0.44860295        0.20344952        1.72000000        1.38933060
    23.18791481       45.82440186        0.45035150        0.20249149        1.72000000        1.38777706
    23.24131718       45.87885312        0.45209915        0.20153227        1.72000000        1.38622515
    23.29459361       45.93330437        0.45384589        0.20057183        1.72000000        1.38467487
    23.34774474       45.98775563        0.45559173        0.19961018        1.72000000        1.38312621
    23.40077122       46.04220688        0.45733668        0.19864729        1.72000000        1.38157917
    23.45367364       46.09665814        0.45908074        0.19768318        1.72000000        1.38003373
    23.50645264       46.15110940        0.46082391        0.19671782        1.72000000        1.37848990
    23.55910879       46.20556065        0.46256619        0.19575120        1.72000000        1.37694767
    23.61164269       46.26001191        0.46430758        0.19478333        1.72000000        1.37540704
    23.66405492       46.31446316        0.46604809        0.19381418        1.72000000        1.37386799
    23.71634603       46.36891442        0.46778772        0.19284375        1.72000000        1.37233053
    23.76851660       46.42336568        0.46952648        0.19187203        1.72000000        1.37079464
    23.82056715       46.47781693        0.47126435        0.19089902        1.72000000        1.36926033
    23.87249824       46.53226819        0.47300135        0.18992470        1.72000000        1.36772759
    23.92431039       46.58671944        0.47473748        0.18894906        1.72000000        1.36619641
    23.97600411       46.64117070        0.47647273        0.18797210        1.72000000        1.36466678
    24.02757991       46.69562196        0.47820712        0.18699381        1.72000000        1.36313872
    24.07903829       46.75007321        0.47994063        0.18601418        1.72000000        1.36161220
    24.13037975       46.80452447        0.48167328        0.18503320        1.72000000        1.36008722
    24.18160476       46.85897572        0.48340506        0.18405087        1.72000000        1.35856379
    24.23271380       46.91342698        0.48513597        0.18306717        1.72000000        1.35704189
    24.28370732       46.96787824        0.48686602        0.18208210        1.72000000        1.35552152
    24.33458579       47.02232949        0.48859521        0.18109564        1.72000000        1.35400267
    24.38534965       47.07678075        0.49032352        0.18010780        1.72000000        1.35248535
    24.43599935       47.13123200        0.49205098        0.17911856        1.72000000        1.35096954
    24.48653531       47.18568326        0.49377757        0.17812791        1.72000000        1.34945524
    24.53695795       47.24013452        0.49550330        0.17713585        1.72000000        1.34794245
    24.58726770       47.29458577        0.49722817        0.17614237        1.72000000        1.34643116
    24.63746497       47.34903703        0.49895218        0.17514746        1.72000000        1.34492137
    24.68755013       47.40348828        0.50067532        0.17415111        1.72000000        1.34341308
    24.73752362       47.45793954        0.50239760        0.17315332        1.72000000        1.34190627
    24.78738578       47.51239080        0.50411902        0.17215407        1.72000000        1.34040096
    24.83713702       47.56684205        0.50583957        0.17115336        1.72000000        1.33889712
    24.88677771       47.62129331        0.50755927        0.17015119        1.72000000        1.33739476
    24.93630820       47.67574456        0.50927810        0.16914753        1.72000000        1.33589387
    24.98572885       47.73019582        0.51099606        0.16814239        1.72000000        1.33439445
    25.03504002       47.78464708        0.51271316        0.16713576        1.72000000        1.33289650
    25.08424205       47.83909833        0.51442940        0.16612764        1.72000000        1.33140001
    25.13333528       47.89354959        0.51614477        0.16511800        1.72000000        1.32990497
    25.18232005       47.94800084        0.51785927        0.16410685        1.72000000        1.32841139
    25.23119667       48.00245210        0.51957291        0.16309417        1.72000000        1.32691926
    25.27996547       48.05690336        0.52128568        0.16207997        1.72000000        1.32542857
    25.32862676       48.11135461        0.52299758        0.16106423        1.72000000        1.32393933
    25.37718084       48.16580587        0.52470861        0.16004694        1.72000000        1.32245152
    25.42562802       48.22025712        0.52641877        0.15902811        1.72000000        1.32096515
    25.47396859       48.27470838        0.52812806        0.15800771        1.72000000        1.31948021
    25.52220285       48.32915964        0.52983647        0.15698574        1.72000000        1.31799669
    25.57033107       48.38361089        0.53154401        0.15596220        1.72000000        1.31651460
    25.61835353       48.43806215        0.53325067        0.15493708        1.72000000        1.31503393
    25.66627051       48.49251340        0.53495646        0.15391037        1.72000000        1.31355468
    25.71408227       48.54696466        0.53666136        0.15288206        1.72000000        1.31207683
    25.76178908       48.60141591        0.53836538        0.15185215        1.72000000        1.31060040
    25.80939119       48.65586717        0.54006853        0.15082063        1.72000000        1.30912537
    25.85688884       48.71031843        0.54177078        0.14978749        1.72000000        1.30765175
    25.90428229       48.76476968        0.54347216        0.14875272        1.72000000        1.30617952
    25.95157178       48.81922094        0.54517264        0.14771632        1.72000000        1.30470869
    25.99875753       48.87367219        0.54687223        0.14667828        1.72000000        1.30323925
    26.04583979       48.92812345        0.54857094        0.14563860        1.72000000        1.30177120
    26.09281878       48.98257471        0.55026875        0.14459726        1.72000000        1.30030454
    26.13969471       49.03702596        0.55196566        0.14355425        1.72000000        1.29883926
    26.18646780       49.09147722        0.55366168        0.14250958        1.72000000        1.29737536
    26.23313827       49.14592847        0.55535680        0.14146324        1.72000000        1.29591284
    26.27970631       49.20037973        0.55705101        0.14041521        1.72000000        1.29445169
    26.32617214       49.25483099        0.55874433        0.13936549        1.72000000        1.29299191
    26.37253594       49.30928224        0.56043673        0.13831407        1.72000000        1.29153350
    26.41879790       49.36373350        0.56212823        0.13726095        1.72000000        1.29007645
    26.46495823       49.41818475        0.56381881        0.13620612        1.72000000        1.28862077
    26.51101709       49.47263601        0.56550849        0.13514957        1.72000000        1.28716644
    26.55697467       49.52708727        0.56719725        0.13409130        1.72000000        1.28571347
    26.60283114       49.58153852        0.56888508        0.13303129        1.72000000        1.28426185
    26.64858667       49.63598978        0.57057200        0.13196955        1.72000000        1.28281158
    26.69424143       49.69044103        0.57225800        0.13090606        1.72000000        1.28136266
    26.73979558       49.74489229        0.57394307        0.12984082        1.72000000        1.27991508
    26.78524928       49.79934355        0.57562721        0.12877382        1.72000000        1.27846885
    26.83060267       49.85379480        0.57731041        0.12770505        1.72000000        1.27702395
    26.87585592       49.90824606        0.57899269        0.12663451        1.72000000        1.27558039
    26.92100916       49.96269731        0.58067403        0.12556218        1.72000000        1.27413817
    26.96606253       50.01714857        0.58235442        0.12448807        1.72000000        1.27269727
    27.01101617       50.07159983        0.58403388        0.12341217        1.72000000        1.27125771
    27.05587022       50.12605108        0.58571239        0.12233447        1.72000000        1.26981947
    27.10062481       50.18050234        0.58738995        0.12125496        1.72000000        1.26838255
    27.14528006       50.23495359        0.58906656        0.12017363        1.72000000        1.26694696
    27.18983609       50.28940485        0.59074221        0.11909048        1.72000000        1.26551268
    27.23429302       50.34385611        0.59241691        0.11800551        1.72000000        1.26407972
    27.27865096       50.39830736        0.59409065        0.11691870        1.72000000        1.26264808
    27.32291003       50.45275862        0.59576342        0.11583005        1.72000000        1.26121774
    27.36707033       50.50720987        0.59743523        0.11473955        1.72000000        1.25978872
    27.41113198       50.56166113        0.59910606        0.11364719        1.72000000        1.25836100
    27.45509505       50.61611239        0.60077592        0.11255298        1.72000000        1.25693459
    27.49895966       50.67056364        0.60244481        0.11145689        1.72000000        1.25550947
    27.54272590       50.72501490        0.60411271        0.11035893        1.72000000        1.25408566
    27.58639384       50.77946615        0.60577964        0.10925909        1.72000000        1.25266315
    27.62996359       50.83391741        0.60744557        0.10815736        1.72000000        1.25124193
    27.67343523       50.88836867        0.60911052        0.10705373        1.72000000        1.24982201
    27.71680882       50.94281992        0.61077447        0.10594821        1.72000000        1.24840337
    27.76008446       50.99727118        0.61243742        0.10484077        1.72000000        1.24698603
    27.80326221       51.05172243        0.61409938        0.10373142        1.72000000        1.24556998
    27.84634214       51.10617369        0.61576033        0.10262014        1.72000000        1.24415520
    27.88932431       51.16062495        0.61742027        0.10150694        1.72000000        1.24274172
    27.93220880       51.21507620        0.61907920        0.10039180        1.72000000        1.24132951
    27.97499565       51.26952746        0.62073712        0.09927472        1.72000000        1.23991858
    28.01768493       51.32397871        0.62239402        0.09815570        1.72000000        1.23850894
    28.06027669       51.37842997        0.62404989        0.09703471        1.72000000        1.23710056
    28.10277097       51.43288123        0.62570475        0.09591177        1.72000000        1.23569346
    28.14516783       51.48733248        0.62735857        0.09478685        1.72000000        1.23428763
    28.18746732       51.54178374        0.62901136        0.09365996        1.72000000        1.23288308
    28.22966946       51.59623499        0.63066311        0.09253109        1.72000000        1.23147979
    28.27177430       51.65068625        0.63231382        0.09140023        1.72000000        1.23007776
    28.31378188       51.70513751        0.63396349        0.09026738        1.72000000        1.22867700
    28.35569222       51.75958876        0.63561211        0.08913252        1.72000000        1.22727751
    28.39750535       51.81404002        0.63725967        0.08799566        1.72000000        1.22587928
    28.43922131       51.86849127        0.63890618        0.08685678        1.72000000        1.22448230
    28.48084011       51.92294253        0.64055164        0.08571588        1.72000000        1.22308658
    28.52236177       51.97739379        0.64219602        0.08457296        1.72000000        1.22169212
    28.56378631       52.03184504        0.64383934        0.08342800        1.72000000        1.22029892
    28.60511376       52.08629630        0.64548159        0.08228100        1.72000000        1.21890697
    28.64634411       52.14074755        0.64712276        0.08113195        1.72000000        1.21751627
    28.68747737       52.19519881        0.64876286        0.07998084        1.72000000        1.21612682
    28.72851355       52.24965007        0.65040186        0.07882768        1.72000000        1.21473862
    28.76945267       52.30410132        0.65203979        0.07767245        1.72000000        1.21335166
    28.81029471       52.35855258        0.65367661        0.07651515        1.72000000        1.21196595
    28.85103967       52.41300383        0.65531235        0.07535577        1.72000000        1.21058149
    28.89168755       52.46745509        0.65694698        0.07419430        1.72000000        1.20919827
    28.93223834       52.52190635        0.65858051        0.07303073        1.72000000        1.20781629
    28.97269204       52.57635760        0.66021293        0.07186507        1.72000000        1.20643555
    29.01304862       52.63080886        0.66184424        0.07069730        1.72000000        1.20505605
    29.05330807       52.68526011        0.66347443        0.06952742        1.72000000        1.20367779
    29.09347038       52.73971137        0.66510351        0.06835542        1.72000000        1.20230076
    29.13353552       52.79416263        0.66673145        0.06718130        1.72000000        1.20092497
    29.17350347       52.84861388        0.66835827        0.06600504        1.72000000        1.19955041
    29.21337420       52.90306514        0.66998395        0.06482665        1.72000000        1.19817709
    29.25314769       52.95751639        0.67160850        0.06364611        1.72000000        1.19680499
    29.29282390       53.01196765        0.67323190        0.06246342        1.72000000        1.19543413
    29.33240280       53.06641891        0.67485416        0.06127857        1.72000000        1.19406450
    29.37188435       53.12087016        0.67647526        0.06009156        1.72000000        1.19269609
    29.41126852       53.17532142        0.67809521        0.05890238        1.72000000        1.19132891
    29.45055526       53.22977267        0.67971401        0.05771102        1.72000000        1.18996296
    29.48974453       53.28422393        0.68133163        0.05651747        1.72000000        1.18859823
    29.52883628       53.33867519        0.68294809        0.05532174        1.72000000        1.18723472
    29.56783047       53.39312644        0.68456338        0.05412381        1.72000000        1.18587244
    29.60672703       53.44757770        0.68617749        0.05292368        1.72000000        1.18451138
    29.64552593       53.50202895        0.68779042        0.05172133        1.72000000        1.18315154
    29.68422709       53.55648021        0.68940216        0.05051678        1.72000000        1.18179292
    29.72283047       53.61093147        0.69101271        0.04931000        1.72000000        1.18043552
    29.76133600       53.66538272        0.69262207        0.04810099        1.72000000        1.17907933
    29.79974362       53.71983398        0.69423022        0.04688975        1.72000000        1.17772437
    29.83805327       53.77428523        0.69583718        0.04567626        1.72000000        1.17637062
    29.87626486       53.82873649        0.69744292        0.04446053        1.72000000        1.17501808
    29.91437834       53.88318775        0.69904745        0.04324254        1.72000000        1.17366676
    29.95239363       53.93763900        0.70065077        0.04202230        1.72000000        1.17231665
    29.99031066       53.99209026        0.70225286        0.04079978        1.72000000        1.17096776
    30.02812934       54.04654151        0.70385373        0.03957500        1.72000000        1.16962008
    30.06584960       54.10099277        0.70545336        0.03834793        1.72000000        1.16827361
    30.10347135       54.15544403        0.70705176        0.03711858        1.72000000        1.16692835
    30.14099451       54.20989528        0.70864892        0.03588693        1.72000000        1.16558430
    30.17841899       54.26434654        0.71024483        0.03465299        1.72000000        1.16424146
    30.21574471       54.31879779        0.71183949        0.03341674        1.72000000        1.16289983
    30.25297157       54.37324905        0.71343290        0.03217818        1.72000000        1.16155940
    30.29009948       54.42770031        0.71502505        0.03093731        1.72000000        1.16022019
    30.32712833       54.48215156        0.71661593        0.02969410        1.72000000        1.15888218
    30.36405804       54.53660282        0.71820555        0.02844857        1.72000000        1.15754538
    30.40088850       54.59105407        0.71979389        0.02720070        1.72000000        1.15620978
    30.43761961       54.64550533        0.72138096        0.02595049        1.72000000        1.15487539
    30.47425126       54.69995659        0.72296674        0.02469793        1.72000000        1.15354220
    30.51078334       54.75440784        0.72455124        0.02344301        1.72000000        1.15221021
    30.54721575       54.80885910        0.72613444        0.02218573        1.72000000        1.15087943
    30.58354837       54.86331035        0.72771635        0.02092609        1.72000000        1.14954986
    30.61978109       54.91776161        0.72929695        0.01966406        1.72000000        1.14822148
    30.65591379       54.97221287        0.73087625        0.01839966        1.72000000        1.14689431
    30.69194636       55.02666412        0.73245424        0.01713287        1.72000000        1.14556834
    30.72787866       55.08111538        0.73403091        0.01586368        1.72000000        1.14424357
    30.76371058       55.13556663        0.73560626        0.01459210        1.72000000        1.14292001
    30.79944200       55.19001789        0.73718028        0.01331811        1.72000000        1.14159764
    30.83507278       55.24446915        0.73875297        0.01204171        1.72000000        1.14027647
    30.87060279       55.29892040        0.74032433        0.01076288        1.72000000        1.13895651
    30.90603191       55.35337166        0.74189435        0.00948164        1.72000000        1.13763774
    30.94136000       55.40782291        0.74346303        0.00819796        1.72000000        1.13632018
    30.97658691       55.46227417        0.74503035        0.00691184        1.72000000        1.13500381
    31.01171252       55.51672543        0.74659632        0.00562328        1.72000000        1.13368864
    31.04673669       55.57117668        0.74816093        0.00433227        1.72000000        1.13237467
    31.08165925       55.62562794        0.74972417        0.00303881        1.72000000        1.13106190
    31.11648009       55.68007919        0.75128605        0.00174288        1.72000000        1.12975033
    31.15119904       55.73453045        0.75284655        0.00044448        1.72000000        1.12843996
    31.18581596       55.78898171        0.75440567       -0.00085639        1.72000000        1.12713078
    31.22033069       55.84343296        0.75596341       -0.00215974        1.72000000        1.12582281
    31.25474308       55.89788422        0.75751975       -0.00346558        1.72000000        1.12451603
    31.28905297       55.95233547        0.75907471       -0.00477391        1.72000000        1.12321045
    31.32326022       56.00678673        0.76062826       -0.00608475        1.72000000        1.12190607
    31.35736464       56.06123799        0.76218041       -0.00739808        1.72000000        1.12060288
    31.39136609       56.11568924        0.76373116       -0.00871393        1.72000000        1.11930089
    31.42526440       56.17014050        0.76528048       -0.01003230        1.72000000        1.11800010
    31.45905940       56.22459175        0.76682839       -0.01135320        1.72000000        1.11670051
    31.49275093       56.27904301        0.76837488       -0.01267662        1.72000000        1.11540212
    31.52633880       56.33349427        0.76991994       -0.01400258        1.72000000        1.11410492
    31.55982285       56.38794552        0.77146356       -0.01533108        1.72000000        1.11280892
    31.59320290       56.44239678        0.77300574       -0.01666214        1.72000000        1.11151412
    31.62647878       56.49684803        0.77454648       -0.01799574        1.72000000        1.11022052
    31.65965030       56.55129929        0.77608577       -0.01933191        1.72000000        1.10892812
    31.69271729       56.60575055        0.77762361       -0.02067064        1.72000000        1.10763691
    31.72567955       56.66020180        0.77915999       -0.02201195        1.72000000        1.10634690
    31.75853691       56.71465306        0.78069490       -0.02335584        1.72000000        1.10505809
    31.79128917       56.76910431        0.78222834       -0.02470231        1.72000000        1.10377048
    31.82393614       56.82355557        0.78376031       -0.02605137        1.72000000        1.10248407
    31.85647764       56.87800683        0.78529080       -0.02740304        1.72000000        1.10119886
    31.88891346       56.93245808        0.78681981       -0.02875730        1.72000000        1.09991485
    31.92124341       56.98690934        0.78834733       -0.03011417        1.72000000        1.09863204
    31.95346729       57.04136059        0.78987335       -0.03147366        1.72000000        1.09735042
    31.98558490       57.09581185        0.79139787       -0.03283577        1.72000000        1.09607001
    32.01759603       57.15026311        0.79292089       -0.03420051        1.72000000        1.09479080
    32.04950049       57.20471436        0.79444240       -0.03556788        1.72000000        1.09351279
    32.08129805       57.25916562        0.79596239       -0.03693789        1.72000000        1.09223598
    32.11298852       57.31361687        0.79748087       -0.03831055        1.72000000        1.09096037
    32.14457168       57.36806813        0.79899781       -0.03968586        1.72000000        1.08968596
    32.17604732       57.42251939        0.80051323       -0.04106382        1.72000000        1.08841276
    32.20741522       57.47697064        0.80202711       -0.04244445        1.72000000        1.08714076
    32.23867516       57.53142190        0.80353946       -0.04382775        1.72000000        1.08586996
    32.26982692       57.58587315        0.80505025       -0.04521372        1.72000000        1.08460037
    32.30087028       57.64032441        0.80655950       -0.04660237        1.72000000        1.08333197
    32.33180501       57.69477567        0.80806719       -0.04799371        1.72000000        1.08206479
    32.36263090       57.74922692        0.80957331       -0.04938774        1.72000000        1.08079881
    32.39334770       57.80367818        0.81107787       -0.05078447        1.72000000        1.07953403
    32.42395519       57.85812943        0.81258086       -0.05218390        1.72000000        1.07827046
    32.45445313       57.91258069        0.81408228       -0.05358604        1.72000000        1.07700810
    32.48484129       57.96703195        0.81558211       -0.05499090        1.72000000        1.07574694
    32.51511943       58.02148320        0.81708035       -0.05639848        1.72000000        1.07448699
    32.54528731       58.07593446        0.81857701       -0.05780878        1.72000000        1.07322825
    32.57534469       58.13038571        0.82007206       -0.05922182        1.72000000        1.07197072
    32.60529133       58.18483697        0.82156551       -0.06063760        1.72000000        1.07071440
    32.63512697       58.23928823        0.82305736       -0.06205612        1.72000000        1.06945929
    32.66485137       58.29373948        0.82454759       -0.06347739        1.72000000        1.06820539
    32.69446428       58.34819074        0.82603620       -0.06490142        1.72000000        1.06695270
    32.72396545       58.40264199        0.82752319       -0.06632821        1.72000000        1.06570122
    32.75335461       58.45709325        0.82900855       -0.06775776        1.72000000        1.06445095
    32.78263152       58.51154451        0.83049227       -0.06919009        1.72000000        1.06320190
    32.81179592       58.56599576        0.83197436       -0.07062519        1.72000000        1.06195406
    32.84084754       58.62044702        0.83345480       -0.07206308        1.72000000        1.06070744
    32.86978611       58.67489827        0.83493359       -0.07350376        1.72000000        1.05946203
    32.89861139       58.72934953        0.83641073       -0.07494723        1.72000000        1.05821784
    32.92732308       58.78380079        0.83788621       -0.07639350        1.72000000        1.05697487
    32.95592093       58.83825204        0.83936002       -0.07784257        1.72000000        1.05573312
    32.98440466       58.89270330        0.84083216       -0.07929446        1.72000000        1.05449258
    33.01277400       58.94715455        0.84230263       -0.08074917        1.72000000        1.05325327
    33.04102867       59.00160581        0.84377141       -0.08220669        1.72000000        1.05201517
    33.06916838       59.05605707        0.84523851       -0.08366704        1.72000000        1.05077830
    33.09719287       59.11050832        0.84670391       -0.08513023        1.72000000        1.04954265
    33.12510185       59.16495958        0.84816762       -0.08659625        1.72000000        1.04830822
    33.15289502       59.21941083        0.84962962       -0.08806512        1.72000000        1.04707501
    33.18057211       59.27386209        0.85108992       -0.08953683        1.72000000        1.04584304
    33.20813281       59.32831335        0.85254850       -0.09101140        1.72000000        1.04461228
    33.23557685       59.38276460        0.85400537       -0.09248882        1.72000000        1.04338276
    33.26290392       59.43721586        0.85546051       -0.09396911        1.72000000        1.04215446
    33.29011372       59.49166711        0.85691393       -0.09545227        1.72000000        1.04092739
    33.31720597       59.54611837        0.85836560       -0.09693831        1.72000000        1.03970156
    33.34418035       59.60056963        0.85981554       -0.09842722        1.72000000        1.03847695
    33.37103656       59.65502088        0.86126374       -0.09991902        1.72000000        1.03725358
    33.39777430       59.70947214        0.86271018       -0.10141371        1.72000000        1.03603144
    33.42439326       59.76392339        0.86415487       -0.10291129        1.72000000        1.03481053
    33.45089312       59.81837465        0.86559780       -0.10441177        1.72000000        1.03359086
    33.47727358       59.87282591        0.86703896       -0.10591516        1.72000000        1.03237242
    33.50353432       59.92727716        0.86847835       -0.10742145        1.72000000        1.03115523
    33.52967501       59.98172842        0.86991596       -0.10893066        1.72000000        1.02993927
    33.55569536       60.03617967        0.87135179       -0.11044279        1.72000000        1.02872455
    33.58159501       60.09063093        0.87278583       -0.11195785        1.72000000        1.02751108
    33.60737367       60.14508219        0.87421808       -0.11347583        1.72000000        1.02629884
    33.63303099       60.19953344        0.87564853       -0.11499675        1.72000000        1.02508785
    33.65856666       60.25398470        0.87707718       -0.11652060        1.72000000        1.02387811
    33.68398033       60.30843595        0.87850402       -0.11804740        1.72000000        1.02266961
    33.70927167       60.36288721        0.87992904       -0.11957714        1.72000000        1.02146235
    33.73444036       60.41733847        0.88135224       -0.12110984        1.72000000        1.02025635
    33.75948604       60.47178972        0.88277362       -0.12264550        1.72000000        1.01905160
    33.78440839       60.52624098        0.88419317       -0.12418412        1.72000000        1.01784810
    33.80920705       60.58069223        0.88561088       -0.12572570        1.72000000        1.01664585
    33.83388168       60.63514349        0.88702675       -0.12727026        1.72000000        1.01544485
    33.85843193       60.68959475        0.88844077       -0.12881779        1.72000000        1.01424511
    33.88285746       60.74404600        0.88985294       -0.13036829        1.72000000        1.01304662
    33.90715791       60.79849726        0.89126325       -0.13192179        1.72000000        1.01184940
    33.93133292       60.85294851        0.89267170       -0.13347827        1.72000000        1.01065343
    33.95538214       60.90739977        0.89407828       -0.13503774        1.72000000        1.00945873
    33.97930521       60.96185103        0.89548299       -0.13660021        1.72000000        1.00826528
    34.00310177       61.01630228        0.89688582       -0.13816568        1.72000000        1.00707310
    34.02677145       61.07075354        0.89828676       -0.13973416        1.72000000        1.00588219
    34.05031388       61.12520479        0.89968581       -0.14130565        1.72000000        1.00469254
    34.07372870       61.17965605        0.90108297       -0.14288015        1.72000000        1.00350416
    34.09701553       61.23410731        0.90247822       -0.14445766        1.72000000        1.00231705
    34.12017401       61.28855856        0.90387157       -0.14603820        1.72000000        1.00113121
    34.14320374       61.34300982        0.90526301       -0.14762176        1.72000000        0.99994664
    34.16610437       61.39746107        0.90665253       -0.14920835        1.72000000        0.99876335
    34.18887549       61.45191233        0.90804013       -0.15079798        1.72000000        0.99758133
    34.21151673       61.50636359        0.90942580       -0.15239064        1.72000000        0.99640059
    34.23402770       61.56081484        0.91080953       -0.15398634        1.72000000        0.99522113
    34.25640802       61.61526610        0.91219133       -0.15558508        1.72000000        0.99404295
    34.27865729       61.66971735        0.91357118       -0.15718688        1.72000000        0.99286605
    34.30077511       61.72416861        0.91494908       -0.15879172        1.72000000        0.99169043
    34.32276110       61.77861987        0.91632502       -0.16039962        1.72000000        0.99051610
    34.34461485       61.83307112        0.91769901       -0.16201058        1.72000000        0.98934306
    34.36633596       61.88752238        0.91907102       -0.16362459        1.72000000        0.98817131
    34.38792402       61.94197363        0.92044107       -0.16524168        1.72000000        0.98700084
    34.40937864       61.99642489        0.92180914       -0.16686183        1.72000000        0.98583167
    34.43069940       62.05087615        0.92317522       -0.16848505        1.72000000        0.98466380
    34.45188589       62.10532740        0.92453932       -0.17011135        1.72000000        0.98349722
    34.47293769       62.15977866        0.92590142       -0.17174072        1.72000000        0.98233193
    34.49385439       62.21422991        0.92726152       -0.17337318        1.72000000        0.98116795
    34.51463557       62.26868117        0.92861962       -0.17500871        1.72000000        0.98000526
    34.53528081       62.32313243        0.92997570       -0.17664734        1.72000000        0.97884388
    34.55578968       62.37758368        0.93132977       -0.17828905        1.72000000        0.97768381
    34.57616176       62.43203494        0.93268182       -0.17993386        1.72000000        0.97652504
    34.59639661       62.48648619        0.93403184       -0.18158176        1.72000000        0.97536758
    34.61649381       62.54093745        0.93537983       -0.18323276        1.72000000        0.97421143
    34.63645291       62.59538871        0.93672578       -0.18488686        1.72000000        0.97305659
    34.65627349       62.64983996        0.93806968       -0.18654406        1.72000000        0.97190306
    34.67595510       62.70429122        0.93941154       -0.18820437        1.72000000        0.97075085
    34.69549730       62.75874247        0.94075134       -0.18986778        1.72000000        0.96959996
    34.71489964       62.81319373        0.94208908       -0.19153430        1.72000000        0.96845039
    34.73416168       62.86764499        0.94342476       -0.19320394        1.72000000        0.96730214
    34.75328295       62.92209624        0.94475836       -0.19487669        1.72000000        0.96615522
    34.77226303       62.97654750        0.94608989       -0.19655255        1.72000000        0.96500962
    34.79110143       63.03099875        0.94741933       -0.19823154        1.72000000        0.96386534
    34.80979771       63.08545001        0.94874669       -0.19991364        1.72000000        0.96272240
    34.82835140       63.13990127        0.95007195       -0.20159886        1.72000000        0.96158079
    34.84676205       63.19435252        0.95139511       -0.20328721        1.72000000        0.96044051
    34.86502917       63.24880378        0.95271616       -0.20497869        1.72000000        0.95930157
    34.88315231       63.30325503        0.95403511       -0.20667329        1.72000000        0.95816397
    34.90113099       63.35770629        0.95535194       -0.20837102        1.72000000        0.95702771
    34.91896474       63.41215755        0.95666665       -0.21007188        1.72000000        0.95589279
    34.93665307       63.46660880        0.95797923       -0.21177587        1.72000000        0.95475921
    34.95419551       63.52106006        0.95928967       -0.21348299        1.72000000        0.95362698
    34.97159157       63.57551131        0.96059798       -0.21519325        1.72000000        0.95249610
    34.98884077       63.62996257        0.96190415       -0.21690664        1.72000000        0.95136657
    35.00594262       63.68441383        0.96320816       -0.21862317        1.72000000        0.95023840
    35.02289661       63.73886508        0.96451002       -0.22034283        1.72000000        0.94911158
    35.03970228       63.79331634        0.96580971       -0.22206563        1.72000000        0.94798611
    35.05635910       63.84776759        0.96710724       -0.22379157        1.72000000        0.94686201
    35.07286659       63.90221885        0.96840260       -0.22552065        1.72000000        0.94573927
    35.08922424       63.95667011        0.96969578       -0.22725286        1.72000000        0.94461789
    35.10543154       64.01112136        0.97098678       -0.22898822        1.72000000        0.94349788
    35.12148798       64.06557262        0.97227558       -0.23072672        1.72000000        0.94237923
    35.13739306       64.12002387        0.97356219       -0.23246835        1.72000000        0.94126196
    35.15314625       64.17447513        0.97484660       -0.23421313        1.72000000        0.94014607
    35.16874704       64.22892639        0.97612880       -0.23596105        1.72000000        0.93903154
    35.18419492       64.28337764        0.97740879       -0.23771210        1.72000000        0.93791840
    35.19948934       64.33782890        0.97868657       -0.23946630        1.72000000        0.93680664
    35.21462980       64.39228015        0.97996211       -0.24122364        1.72000000        0.93569626
    35.22961576       64.44673141        0.98123543       -0.24298411        1.72000000        0.93458726
    35.24444669       64.50118267        0.98250652       -0.24474773        1.72000000        0.93347966
    35.25912205       64.55563392        0.98377536       -0.24651448        1.72000000        0.93237344
    35.27364130       64.61008518        0.98504196       -0.24828437        1.72000000        0.93126862
    35.28800390       64.66453643        0.98630630       -0.25005739        1.72000000        0.93016519
    35.30220932       64.71898769        0.98756839       -0.25183355        1.72000000        0.92906316
    35.31625699       64.77343895        0.98882821       -0.25361285        1.72000000        0.92796253
    35.33014638       64.82789020        0.99008576       -0.25539528        1.72000000        0.92686330
    35.34387693       64.88234146        0.99134104       -0.25718084        1.72000000        0.92576547
    35.35744808       64.93679271        0.99259403       -0.25896952        1.72000000        0.92466906
    35.37085927       64.99124397        0.99384474       -0.26076134        1.72000000        0.92357405
    35.38410995       65.04569523        0.99509316       -0.26255629        1.72000000        0.92248046
    35.39719953       65.10014648        0.99633928       -0.26435436        1.72000000        0.92138829
    35.41012747       65.15459774        0.99758309       -0.26615555        1.72000000        0.92029753
    35.42289318       65.20904899        0.99882460       -0.26795986        1.72000000        0.91920819
    35.43549609       65.26350025        1.00006378       -0.26976729        1.72000000        0.91812028
    35.44793562       65.31795151        1.00130065       -0.27157784        1.72000000        0.91703379
    35.46021120       65.37240276        1.00253519       -0.27339150        1.72000000        0.91594873
    35.47232224       65.42685402        1.00376740       -0.27520827        1.72000000        0.91486510
    35.48426815       65.48130527        1.00499726       -0.27702815        1.72000000        0.91378291
    35.49604834       65.53575653        1.00622478       -0.27885113        1.72000000        0.91270215
    35.50766221       65.59020779        1.00744995       -0.28067722        1.72000000        0.91162283
    35.51910918       65.64465904        1.00867277       -0.28250640        1.72000000        0.91054496
    35.53038864       65.69911030        1.00989322       -0.28433868        1.72000000        0.90946853
    35.54149999       65.75356155        1.01111130       -0.28617405        1.72000000        0.90839354
    35.55244262       65.80801281        1.01232701       -0.28801251        1.72000000        0.90732001
    35.56321593       65.86246407        1.01354034       -0.28985405        1.72000000        0.90624793
    35.57381930       65.91691532        1.01475128       -0.29169867        1.72000000        0.90517731
    35.58425211       65.97136658        1.01595983       -0.29354637        1.72000000        0.90410815
    35.59451375       66.02581783        1.01716598       -0.29539713        1.72000000        0.90304045
    35.60460359       66.08026909        1.01836972       -0.29725097        1.72000000        0.90197421
    35.61452101       66.13472035        1.01957106       -0.29910787        1.72000000        0.90090944
    35.62426539       66.18917160        1.02076998       -0.30096782        1.72000000        0.89984614
    35.63383608       66.24362286        1.02196648       -0.30283083        1.72000000        0.89878432
    35.64323245       66.29807411        1.02316055       -0.30469688        1.72000000        0.89772397
    35.65245387       66.35252537        1.02435219       -0.30656597        1.72000000        0.89666510
    35.66149969       66.40697663        1.02554139       -0.30843810        1.72000000        0.89560772
    35.67036927       66.46142788        1.02672814       -0.31031326        1.72000000        0.89455182
    35.67906196       66.51587914        1.02791244       -0.31219145        1.72000000        0.89349740
    35.68757710       66.57033039        1.02909429       -0.31407265        1.72000000        0.89244448
    35.69591405       66.62478165        1.03027367       -0.31595687        1.72000000        0.89139306
    35.70407214       66.67923291        1.03145058       -0.31784409        1.72000000        0.89034313
    35.71205071       66.73368416        1.03262501       -0.31973431        1.72000000        0.88929470
    35.71984910       66.78813542        1.03379696       -0.32162752        1.72000000        0.88824777
    35.72746663       66.84258667        1.03496642       -0.32352371        1.72000000        0.88720235
    35.73490264       66.89703793        1.03613339       -0.32542289        1.72000000        0.88615845
    35.74215644       66.95148919        1.03729786       -0.32732503        1.72000000        0.88511605
    35.74922737       67.00594044        1.03845982       -0.32923014        1.72000000        0.88407517
    35.75611473       67.06039170        1.03961927       -0.33113820        1.72000000        0.88303581
    35.76281785       67.11484295        1.04077621       -0.33304921        1.72000000        0.88199797
    35.76933603       67.16929421        1.04193061       -0.33496315        1.72000000        0.88096166
    35.77566857       67.22374547        1.04308249       -0.33688003        1.72000000        0.87992687
    35.78181480       67.27819672        1.04423183       -0.33879983        1.72000000        0.87889362
    35.78777399       67.33264798        1.04537862       -0.34072254        1.72000000        0.87786190
    35.79354545       67.38709923        1.04652287       -0.34264815        1.72000000        0.87683173
    35.79912848       67.44155049        1.04766456       -0.34457666        1.72000000        0.87580309
    35.80452236       67.49600175        1.04880369       -0.34650805        1.72000000        0.87477600
    35.80972637       67.55045300        1.04994025       -0.34844231        1.72000000        0.87375045
    35.81473981       67.60490426        1.05107423       -0.35037944        1.72000000        0.87272646
    35.81956195       67.65935551        1.05220564       -0.35231943        1.72000000        0.87170402
    35.82419206       67.71380677        1.05333446       -0.35426225        1.72000000        0.87068314
    35.82862942       67.76825803        1.05446069       -0.35620791        1.72000000        0.86966383
    35.83287329       67.82270928        1.05558431       -0.35815640        1.72000000        0.86864607
    35.83692295       67.87716054        1.05670533       -0.36010769        1.72000000        0.86762989
    35.84077765       67.93161179        1.05782374       -0.36206178        1.72000000        0.86661527
    35.84443664       67.98606305        1.05893953       -0.36401866        1.72000000        0.86560224
    35.84789919       68.04051431        1.06005270       -0.36597831        1.72000000        0.86459078
    35.85116453       68.09496556        1.06116323       -0.36794073        1.72000000        0.86358090
    35.85423193       68.14941682        1.06227113       -0.36990590        1.72000000        0.86257261
    35.85710061       68.20386807        1.06337638       -0.37187380        1.72000000        0.86156590
    35.85976983       68.25831933        1.06447898       -0.37384443        1.72000000        0.86056079
    35.86223881       68.31277059        1.06557893       -0.37581778        1.72000000        0.85955728
    35.86450679       68.36722184        1.06667621       -0.37779382        1.72000000        0.85855536
    35.86657300       68.42167310        1.06777083       -0.37977254        1.72000000        0.85755505
    35.86843665       68.47612435        1.06886276       -0.38175393        1.72000000        0.85655635
    35.87009698       68.53057561        1.06995202       -0.38373798        1.72000000        0.85555925
    35.87155319       68.58502687        1.07103858       -0.38572467        1.72000000        0.85456377
    35.87280450       68.63947812        1.07212245       -0.38771399        1.72000000        0.85356990
    35.87385011       68.69392938        1.07320362       -0.38970592        1.72000000        0.85257766
    35.87468925       68.74838063        1.07428208       -0.39170044        1.72000000        0.85158704
    35.87532110       68.80283189        1.07535782       -0.39369754        1.72000000        0.85059805
    35.87574486       68.85728315        1.07643084       -0.39569720        1.72000000        0.84961069
    35.87595973       68.91173440        1.07750114       -0.39769942        1.72000000        0.84862497
    35.87596490       68.96618566        1.07856870       -0.39970416        1.72000000        0.84764088
