#  Theta paroi en deg Angle Choc en deg       Kp           Inverse Mach       Mach amont       Mach aval
     0.00000000       18.69394092        0.00000000        0.67948718        3.12000000
     1.56436549       18.69608011        0.00413242        0.67755283        3.12000000        3.11982632
     1.88984835       18.69907320        0.00566398        0.67684447        3.12000000        3.11958335
     2.23886048       18.70462803        0.00749806        0.67600210        3.12000000        3.11913260
     2.61496333       18.71445242        0.00967964        0.67500833        3.12000000        3.11833590
     3.00359790       18.73025419        0.01214241        0.67389692        3.12000000        3.11705583
     3.39632393       18.75374118        0.01483397        0.67269459        3.12000000        3.11515627
     3.79017160       18.78662119        0.01772819        0.67141566        3.12000000        3.11250318
     4.18502239       18.83060207        0.02081814        0.67006567        3.12000000        3.10896545
     4.58206377       18.88739162        0.02410935        0.66864469        3.12000000        3.10441600
     4.98304048       18.95869768        0.02761584        0.66714929        3.12000000        3.09873282
     5.31968570       19.03000374        0.03069878        0.66584971        3.12000000        3.09308157
     5.61460551       19.10130980        0.03350247        0.66467976        3.12000000        3.08746165
     5.87999933       19.17261586        0.03610678        0.66360283        3.12000000        3.08187248
     6.12326242       19.24392192        0.03856113        0.66259628        3.12000000        3.07631349
     6.34924398       19.31522798        0.04089841        0.66164508        3.12000000        3.07078412
     6.56130979       19.38653403        0.04314175        0.66073862        3.12000000        3.06528382
     6.76189891       19.45784009        0.04530809        0.65986915        3.12000000        3.05981207
     6.95284001       19.52914615        0.04741023        0.65903081        3.12000000        3.05436834
     7.13554209       19.60045221        0.04945814        0.65821903        3.12000000        3.04895213
     7.31111572       19.67175827        0.05145968        0.65743020        3.12000000        3.04356294
     7.48045289       19.74306433        0.05342124        0.65666138        3.12000000        3.03820029
     7.64428182       19.81437039        0.05534804        0.65591017        3.12000000        3.03286371
     7.80320532       19.88567645        0.05724441        0.65517457        3.12000000        3.02755273
     7.95772841       19.95698251        0.05911401        0.65445289        3.12000000        3.02226690
     8.10827881       20.02828857        0.06095993        0.65374370        3.12000000        3.01700578
     8.25522220       20.09959462        0.06278482        0.65304577        3.12000000        3.01176894
     8.39887375       20.17090068        0.06459099        0.65235802        3.12000000        3.00655595
     8.53950732       20.24220674        0.06638041        0.65167953        3.12000000        3.00136642
     8.67736237       20.31351280        0.06815484        0.65100949        3.12000000        2.99619992
     8.81264967       20.38481886        0.06991581        0.65034716        3.12000000        2.99105607
     8.94555574       20.45612492        0.07166467        0.64969191        3.12000000        2.98593448
     9.07624649       20.52743098        0.07340264        0.64904317        3.12000000        2.98083478
     9.20487024       20.59873704        0.07513080        0.64840042        3.12000000        2.97575659
     9.33156015       20.67004310        0.07685011        0.64776321        3.12000000        2.97069956
     9.45643621       20.74134916        0.07856144        0.64713110        3.12000000        2.96566334
     9.57960702       20.81265522        0.08026558        0.64650373        3.12000000        2.96064757
     9.70117118       20.88396127        0.08196325        0.64588075        3.12000000        2.95565193
     9.82121848       20.95526733        0.08365510        0.64526185        3.12000000        2.95067608
     9.93983099       21.02657339        0.08534170        0.64464672        3.12000000        2.94571970
    10.05708388       21.09787945        0.08702361        0.64403511        3.12000000        2.94078247
    10.17304624       21.16918551        0.08870132        0.64342678        3.12000000        2.93586408
    10.28778168       21.24049157        0.09037528        0.64282149        3.12000000        2.93096424
    10.40134896       21.31179763        0.09204592        0.64221904        3.12000000        2.92608264
    10.51380241       21.38310369        0.09371361        0.64161923        3.12000000        2.92121900
    10.62519246       21.45440975        0.09537871        0.64102189        3.12000000        2.91637303
    10.73556592       21.52571581        0.09704156        0.64042684        3.12000000        2.91154446
    10.84496640       21.59702187        0.09870245        0.63983392        3.12000000        2.90673301
    10.95343456       21.66832792        0.10036167        0.63924299        3.12000000        2.90193841
    11.06100840       21.73963398        0.10201949        0.63865391        3.12000000        2.89716042
    11.16772343       21.81094004        0.10367614        0.63806656        3.12000000        2.89239876
    11.27361300       21.88224610        0.10533186        0.63748080        3.12000000        2.88765320
    11.37870835       21.95355216        0.10698687        0.63689653        3.12000000        2.88292348
    11.48303889       22.02485822        0.10864136        0.63631364        3.12000000        2.87820938
    11.58663228       22.09616428        0.11029551        0.63573202        3.12000000        2.87351065
    11.68951459       22.16747034        0.11194950        0.63515158        3.12000000        2.86882706
    11.79171043       22.23877640        0.11360350        0.63457223        3.12000000        2.86415839
    11.89324305       22.31008246        0.11525766        0.63399388        3.12000000        2.85950443
    11.99413442       22.38138852        0.11691213        0.63341645        3.12000000        2.85486494
    12.09440538       22.45269457        0.11856703        0.63283986        3.12000000        2.85023973
    12.19407565       22.52400063        0.12022250        0.63226404        3.12000000        2.84562859
    12.29316398       22.59530669        0.12187866        0.63168892        3.12000000        2.84103131
    12.39168814       22.66661275        0.12353562        0.63111442        3.12000000        2.83644769
    12.48966505       22.73791881        0.12519348        0.63054049        3.12000000        2.83187755
    12.58711080       22.80922487        0.12685236        0.62996707        3.12000000        2.82732068
    12.68404072       22.88053093        0.12851233        0.62939409        3.12000000        2.82277690
    12.78046943       22.95183699        0.13017350        0.62882150        3.12000000        2.81824604
    12.87641086       23.02314305        0.13183594        0.62824925        3.12000000        2.81372790
    12.97187834       23.09444911        0.13349975        0.62767728        3.12000000        2.80922232
    13.06688457       23.16575517        0.13516498        0.62710555        3.12000000        2.80472912
    13.16144173       23.23706122        0.13683172        0.62653400        3.12000000        2.80024814
    13.25556144       23.30836728        0.13850003        0.62596260        3.12000000        2.79577920
    13.34925488       23.37967334        0.14016998        0.62539130        3.12000000        2.79132215
    13.44253270       23.45097940        0.14184163        0.62482006        3.12000000        2.78687682
    13.53540516       23.52228546        0.14351503        0.62424883        3.12000000        2.78244307
    13.62788209       23.59359152        0.14519024        0.62367759        3.12000000        2.77802073
    13.71997292       23.66489758        0.14686731        0.62310628        3.12000000        2.77360966
    13.81168674       23.73620364        0.14854629        0.62253488        3.12000000        2.76920971
    13.90303223       23.80750970        0.15022723        0.62196335        3.12000000        2.76482073
    13.99401778       23.87881576        0.15191017        0.62139165        3.12000000        2.76044260
    14.08465148       23.95012182        0.15359515        0.62081976        3.12000000        2.75607516
    14.17494108       24.02142787        0.15528221        0.62024764        3.12000000        2.75171828
    14.26489405       24.09273393        0.15697139        0.61967526        3.12000000        2.74737183
    14.35451763       24.16403999        0.15866273        0.61910260        3.12000000        2.74303568
    14.44381876       24.23534605        0.16035626        0.61852961        3.12000000        2.73870970
    14.53280414       24.30665211        0.16205200        0.61795629        3.12000000        2.73439376
    14.62148027       24.37795817        0.16375000        0.61738259        3.12000000        2.73008775
    14.70985338       24.44926423        0.16545028        0.61680850        3.12000000        2.72579153
    14.79792953       24.52057029        0.16715286        0.61623398        3.12000000        2.72150500
    14.88571455       24.59187635        0.16885778        0.61565902        3.12000000        2.71722803
    14.97321409       24.66318241        0.17056505        0.61508358        3.12000000        2.71296052
    15.06043361       24.73448846        0.17227471        0.61450766        3.12000000        2.70870235
    15.14737841       24.80579452        0.17398676        0.61393121        3.12000000        2.70445341
    15.23405358       24.87710058        0.17570124        0.61335423        3.12000000        2.70021359
    15.32046410       24.94840664        0.17741816        0.61277669        3.12000000        2.69598279
    15.40661476       25.01971270        0.17913754        0.61219857        3.12000000        2.69176090
    15.49251022       25.09101876        0.18085940        0.61161985        3.12000000        2.68754783
    15.57815499       25.16232482        0.18258375        0.61104051        3.12000000        2.68334347
    15.66355344       25.23363088        0.18431061        0.61046053        3.12000000        2.67914772
    15.74870982       25.30493694        0.18603999        0.60987989        3.12000000        2.67496050
    15.83362825       25.37624300        0.18777191        0.60929857        3.12000000        2.67078170
    15.91831273       25.44754906        0.18950639        0.60871657        3.12000000        2.66661123
    16.00276713       25.51885511        0.19124342        0.60813384        3.12000000        2.66244900
    16.08699526       25.59016117        0.19298303        0.60755040        3.12000000        2.65829493
    16.17100075       25.66146723        0.19472522        0.60696620        3.12000000        2.65414893
    16.25478718       25.73277329        0.19647000        0.60638124        3.12000000        2.65001091
    16.33835802       25.80407935        0.19821739        0.60579551        3.12000000        2.64588078
    16.42171663       25.87538541        0.19996739        0.60520898        3.12000000        2.64175847
    16.50486629       25.94669147        0.20172001        0.60462165        3.12000000        2.63764389
    16.58781020       26.01799753        0.20347525        0.60403349        3.12000000        2.63353696
    16.67055145       26.08930359        0.20523313        0.60344449        3.12000000        2.62943761
    16.75309308       26.16060965        0.20699364        0.60285464        3.12000000        2.62534576
    16.83543803       26.23191571        0.20875680        0.60226393        3.12000000        2.62126133
    16.91758916       26.30322176        0.21052261        0.60167233        3.12000000        2.61718426
    16.99954927       26.37452782        0.21229107        0.60107984        3.12000000        2.61311446
    17.08132110       26.44583388        0.21406219        0.60048645        3.12000000        2.60905187
    17.16290728       26.51713994        0.21583597        0.59989213        3.12000000        2.60499642
    17.24431040       26.58844600        0.21761241        0.59929688        3.12000000        2.60094803
    17.32553301       26.65975206        0.21939152        0.59870069        3.12000000        2.59690665
    17.40657755       26.73105812        0.22117330        0.59810354        3.12000000        2.59287220
    17.48744643       26.80236418        0.22295776        0.59750542        3.12000000        2.58884462
    17.56814199       26.87367024        0.22474488        0.59690631        3.12000000        2.58482385
    17.64866653       26.94497630        0.22653468        0.59630622        3.12000000        2.58080983
    17.72902227       27.01628236        0.22832715        0.59570512        3.12000000        2.57680249
    17.80921141       27.08758841        0.23012229        0.59510300        3.12000000        2.57280177
    17.88923606       27.15889447        0.23192011        0.59449986        3.12000000        2.56880761
    17.96909831       27.23020053        0.23372061        0.59389567        3.12000000        2.56481996
    18.04880020       27.30150659        0.23552378        0.59329044        3.12000000        2.56083876
    18.12834372       27.37281265        0.23732962        0.59268415        3.12000000        2.55686395
    18.20773080       27.44411871        0.23913813        0.59207679        3.12000000        2.55289548
    18.28696334       27.51542477        0.24094932        0.59146834        3.12000000        2.54893329
    18.36604320       27.58673083        0.24276317        0.59085881        3.12000000        2.54497733
    18.44497219       27.65803689        0.24457969        0.59024818        3.12000000        2.54102755
    18.52375210       27.72934295        0.24639887        0.58963643        3.12000000        2.53708390
    18.60238466       27.80064901        0.24822071        0.58902357        3.12000000        2.53314633
    18.68087155       27.87195506        0.25004521        0.58840957        3.12000000        2.52921478
    18.75921446       27.94326112        0.25187237        0.58779443        3.12000000        2.52528921
    18.83741501       28.01456718        0.25370218        0.58717815        3.12000000        2.52136958
    18.91547479       28.08587324        0.25553464        0.58656070        3.12000000        2.51745582
    18.99339535       28.15717930        0.25736974        0.58594209        3.12000000        2.51354791
    19.07117823       28.22848536        0.25920749        0.58532230        3.12000000        2.50964579
    19.14882491       28.29979142        0.26104787        0.58470133        3.12000000        2.50574942
    19.22633687       28.37109748        0.26289088        0.58407916        3.12000000        2.50185876
    19.30371553       28.44240354        0.26473653        0.58345579        3.12000000        2.49797375
    19.38096230       28.51370960        0.26658479        0.58283120        3.12000000        2.49409437
    19.45807856       28.58501566        0.26843568        0.58220539        3.12000000        2.49022057
    19.53506566       28.65632171        0.27028918        0.58157836        3.12000000        2.48635231
    19.61192491       28.72762777        0.27214528        0.58095009        3.12000000        2.48248954
    19.68865762       28.79893383        0.27400399        0.58032057        3.12000000        2.47863224
    19.76526504       28.87023989        0.27586530        0.57968979        3.12000000        2.47478035
    19.84174843       28.94154595        0.27772920        0.57905776        3.12000000        2.47093385
    19.91810901       29.01285201        0.27959568        0.57842445        3.12000000        2.46709270
    19.99434796       29.08415807        0.28146475        0.57778986        3.12000000        2.46325686
    20.07046647       29.15546413        0.28333639        0.57715399        3.12000000        2.45942629
    20.14646569       29.22677019        0.28521059        0.57651682        3.12000000        2.45560095
    20.22234675       29.29807625        0.28708736        0.57587835        3.12000000        2.45178082
    20.29811074       29.36938230        0.28896668        0.57523857        3.12000000        2.44796587
    20.37375876       29.44068836        0.29084855        0.57459748        3.12000000        2.44415604
    20.44929188       29.51199442        0.29273295        0.57395505        3.12000000        2.44035132
    20.52471114       29.58330048        0.29461990        0.57331130        3.12000000        2.43655168
    20.60001756       29.65460654        0.29650936        0.57266620        3.12000000        2.43275707
    20.67521216       29.72591260        0.29840135        0.57201976        3.12000000        2.42896746
    20.75029591       29.79721866        0.30029585        0.57137195        3.12000000        2.42518284
    20.82526981       29.86852472        0.30219285        0.57072279        3.12000000        2.42140316
    20.90013478       29.93983078        0.30409236        0.57007226        3.12000000        2.41762840
    20.97489178       30.01113684        0.30599435        0.56942035        3.12000000        2.41385853
    21.04954172       30.08244290        0.30789882        0.56876705        3.12000000        2.41009352
    21.12408550       30.15374895        0.30980576        0.56811236        3.12000000        2.40633333
    21.19852401       30.22505501        0.31171517        0.56745627        3.12000000        2.40257795
    21.27285811       30.29636107        0.31362704        0.56679878        3.12000000        2.39882735
    21.34708866       30.36766713        0.31554136        0.56613987        3.12000000        2.39508150
    21.42121651       30.43897319        0.31745812        0.56547954        3.12000000        2.39134037
    21.49524246       30.51027925        0.31937731        0.56481779        3.12000000        2.38760394
    21.56916735       30.58158531        0.32129893        0.56415460        3.12000000        2.38387217
    21.64299195       30.65289137        0.32322296        0.56348997        3.12000000        2.38014506
    21.71671706       30.72419743        0.32514940        0.56282389        3.12000000        2.37642256
    21.79034344       30.79550349        0.32707824        0.56215635        3.12000000        2.37270467
    21.86387184       30.86680955        0.32900946        0.56148736        3.12000000        2.36899135
    21.93730301       30.93811560        0.33094307        0.56081689        3.12000000        2.36528257
    22.01063767       31.00942166        0.33287905        0.56014495        3.12000000        2.36157833
    22.08387654       31.08072772        0.33481739        0.55947153        3.12000000        2.35787859
    22.15702033       31.15203378        0.33675809        0.55879662        3.12000000        2.35418333
    22.23006973       31.22333984        0.33870113        0.55812021        3.12000000        2.35049253
    22.30302541       31.29464590        0.34064651        0.55744230        3.12000000        2.34680618
    22.37588805       31.36595196        0.34259421        0.55676288        3.12000000        2.34312424
    22.44865831       31.43725802        0.34454423        0.55608194        3.12000000        2.33944669
    22.52133683       31.50856408        0.34649656        0.55539948        3.12000000        2.33577352
    22.59392424       31.57987014        0.34845118        0.55471550        3.12000000        2.33210471
    22.66642117       31.65117620        0.35040809        0.55402998        3.12000000        2.32844024
    22.73882824       31.72248225        0.35236728        0.55334291        3.12000000        2.32478008
    22.81114604       31.79378831        0.35432874        0.55265430        3.12000000        2.32112421
    22.88337518       31.86509437        0.35629246        0.55196413        3.12000000        2.31747263
    22.95551623       31.93640043        0.35825843        0.55127240        3.12000000        2.31382531
    23.02756977       32.00770649        0.36022663        0.55057910        3.12000000        2.31018223
    23.09953638       32.07901255        0.36219707        0.54988422        3.12000000        2.30654337
    23.17141658       32.15031861        0.36416972        0.54918777        3.12000000        2.30290871
    23.24321095       32.22162467        0.36614459        0.54848972        3.12000000        2.29927825
    23.31492001       32.29293073        0.36812165        0.54779008        3.12000000        2.29565196
    23.38654430       32.36423679        0.37010090        0.54708885        3.12000000        2.29202982
    23.45808432       32.43554285        0.37208233        0.54638600        3.12000000        2.28841181
    23.52954060       32.50684890        0.37406593        0.54568154        3.12000000        2.28479793
    23.60091364       32.57815496        0.37605169        0.54497546        3.12000000        2.28118816
    23.67220392       32.64946102        0.37803960        0.54426775        3.12000000        2.27758247
    23.74341194       32.72076708        0.38002964        0.54355841        3.12000000        2.27398086
    23.81453818       32.79207314        0.38202181        0.54284743        3.12000000        2.27038330
    23.88558310       32.86337920        0.38401609        0.54213480        3.12000000        2.26678979
    23.95654717       32.93468526        0.38601248        0.54142052        3.12000000        2.26320030
    24.02743085       33.00599132        0.38801097        0.54070459        3.12000000        2.25961483
    24.09823457       33.07729738        0.39001154        0.53998698        3.12000000        2.25603336
    24.16895880       33.14860344        0.39201418        0.53926771        3.12000000        2.25245587
    24.23960394       33.21990950        0.39401889        0.53854675        3.12000000        2.24888236
    24.31017043       33.29121555        0.39602565        0.53782412        3.12000000        2.24531279
    24.38065870       33.36252161        0.39803445        0.53709979        3.12000000        2.24174718
    24.45106916       33.43382767        0.40004528        0.53637376        3.12000000        2.23818549
    24.52140220       33.50513373        0.40205813        0.53564603        3.12000000        2.23462772
    24.59165823       33.57643979        0.40407299        0.53491659        3.12000000        2.23107385
    24.66183764       33.64774585        0.40608985        0.53418543        3.12000000        2.22752387
    24.73194083       33.71905191        0.40810869        0.53345255        3.12000000        2.22397778
    24.80196816       33.79035797        0.41012951        0.53271794        3.12000000        2.22043554
    24.87192001       33.86166403        0.41215229        0.53198159        3.12000000        2.21689716
    24.94179675       33.93297009        0.41417703        0.53124350        3.12000000        2.21336263
    25.01159874       34.00427614        0.41620370        0.53050366        3.12000000        2.20983192
    25.08132633       34.07558220        0.41823231        0.52976206        3.12000000        2.20630503
    25.15097989       34.14688826        0.42026284        0.52901871        3.12000000        2.20278194
    25.22055974       34.21819432        0.42229528        0.52827358        3.12000000        2.19926265
    25.29006623       34.28950038        0.42432961        0.52752668        3.12000000        2.19574715
    25.35949970       34.36080644        0.42636583        0.52677800        3.12000000        2.19223542
    25.42886046       34.43211250        0.42840393        0.52602753        3.12000000        2.18872744
    25.49814884       34.50341856        0.43044388        0.52527526        3.12000000        2.18522322
    25.56736516       34.57472462        0.43248569        0.52452119        3.12000000        2.18172274
    25.63650973       34.64603068        0.43452934        0.52376532        3.12000000        2.17822599
    25.70558285       34.71733674        0.43657481        0.52300763        3.12000000        2.17473296
    25.77458482       34.78864279        0.43862211        0.52224812        3.12000000        2.17124364
    25.84351595       34.85994885        0.44067121        0.52148678        3.12000000        2.16775802
    25.91237652       34.93125491        0.44272210        0.52072361        3.12000000        2.16427609
    25.98116682       35.00256097        0.44477477        0.51995860        3.12000000        2.16079784
    26.04988712       35.07386703        0.44682921        0.51919174        3.12000000        2.15732326
    26.11853771       35.14517309        0.44888542        0.51842302        3.12000000        2.15385234
    26.18711886       35.21647915        0.45094337        0.51765245        3.12000000        2.15038507
    26.25563083       35.28778521        0.45300305        0.51688000        3.12000000        2.14692144
    26.32407388       35.35909127        0.45506446        0.51610569        3.12000000        2.14346145
    26.39244828       35.43039733        0.45712758        0.51532949        3.12000000        2.14000508
    26.46075428       35.50170339        0.45919240        0.51455141        3.12000000        2.13655232
    26.52899212       35.57300944        0.46125891        0.51377143        3.12000000        2.13310318
    26.59716205       35.64431550        0.46332709        0.51298955        3.12000000        2.12965763
    26.66526432       35.71562156        0.46539694        0.51220576        3.12000000        2.12621567
    26.73329915       35.78692762        0.46746844        0.51142006        3.12000000        2.12277729
    26.80126678       35.85823368        0.46954158        0.51063243        3.12000000        2.11934249
    26.86916744       35.92953974        0.47161634        0.50984288        3.12000000        2.11591124
    26.93700134       36.00084580        0.47369273        0.50905139        3.12000000        2.11248356
    27.00476872       36.07215186        0.47577072        0.50825796        3.12000000        2.10905942
    27.07246978       36.14345792        0.47785030        0.50746259        3.12000000        2.10563883
    27.14010474       36.21476398        0.47993146        0.50666525        3.12000000        2.10222177
    27.20767381       36.28607004        0.48201419        0.50586596        3.12000000        2.09880823
    27.27517718       36.35737609        0.48409847        0.50506469        3.12000000        2.09539821
    27.34261506       36.42868215        0.48618430        0.50426145        3.12000000        2.09199171
    27.40998765       36.49998821        0.48827166        0.50345622        3.12000000        2.08858870
    27.47729513       36.57129427        0.49036054        0.50264900        3.12000000        2.08518919
    27.54453770       36.64260033        0.49245092        0.50183979        3.12000000        2.08179317
    27.61171555       36.71390639        0.49454281        0.50102857        3.12000000        2.07840063
    27.67882885       36.78521245        0.49663617        0.50021534        3.12000000        2.07501156
    27.74587778       36.85651851        0.49873101        0.49940009        3.12000000        2.07162596
    27.81286251       36.92782457        0.50082730        0.49858281        3.12000000        2.06824382
    27.87978323       36.99913063        0.50292504        0.49776350        3.12000000        2.06486514
    27.94664008       37.07043669        0.50502421        0.49694215        3.12000000        2.06148990
    28.01343325       37.14174274        0.50712480        0.49611875        3.12000000        2.05811810
    28.08016289       37.21304880        0.50922680        0.49529330        3.12000000        2.05474974
    28.14682917       37.28435486        0.51133020        0.49446578        3.12000000        2.05138480
    28.21343222       37.35566092        0.51343499        0.49363620        3.12000000        2.04802328
    28.27997220       37.42696698        0.51554114        0.49280454        3.12000000        2.04466518
    28.34644927       37.49827304        0.51764865        0.49197079        3.12000000        2.04131048
    28.41286357       37.56957910        0.51975751        0.49113495        3.12000000        2.03795919
    28.47921523       37.64088516        0.52186771        0.49029702        3.12000000        2.03461129
    28.54550440       37.71219122        0.52397922        0.48945698        3.12000000        2.03126679
    28.61173122       37.78349728        0.52609205        0.48861482        3.12000000        2.02792566
    28.67789580       37.85480334        0.52820617        0.48777054        3.12000000        2.02458792
    28.74399829       37.92610939        0.53032158        0.48692414        3.12000000        2.02125354
    28.81003882       37.99741545        0.53243826        0.48607559        3.12000000        2.01792253
    28.87601749       38.06872151        0.53455619        0.48522491        3.12000000        2.01459488
    28.94193443       38.14002757        0.53667538        0.48437207        3.12000000        2.01127059
    29.00778977       38.21133363        0.53879579        0.48351707        3.12000000        2.00794964
    29.07358361       38.28263969        0.54091743        0.48265990        3.12000000        2.00463204
    29.13931607       38.35394575        0.54304028        0.48180056        3.12000000        2.00131778
    29.20498726       38.42525181        0.54516432        0.48093904        3.12000000        1.99800684
    29.27059727       38.49655787        0.54728955        0.48007533        3.12000000        1.99469924
    29.33614622       38.56786393        0.54941595        0.47920942        3.12000000        1.99139495
    29.40163421       38.63916998        0.55154350        0.47834131        3.12000000        1.98809399
    29.46706132       38.71047604        0.55367220        0.47747098        3.12000000        1.98479633
    29.53242767       38.78178210        0.55580204        0.47659843        3.12000000        1.98150198
    29.59773333       38.85308816        0.55793299        0.47572364        3.12000000        1.97821092
    29.66297840       38.92439422        0.56006505        0.47484663        3.12000000        1.97492317
    29.72816296       38.99570028        0.56219820        0.47396736        3.12000000        1.97163870
    29.79328711       39.06700634        0.56433244        0.47308585        3.12000000        1.96835752
    29.85835091       39.13831240        0.56646774        0.47220207        3.12000000        1.96507962
    29.92335446       39.20961846        0.56860410        0.47131602        3.12000000        1.96180499
    29.98829782       39.28092452        0.57074150        0.47042769        3.12000000        1.95853364
    30.05318106       39.35223058        0.57287994        0.46953708        3.12000000        1.95526555
    30.11800428       39.42353663        0.57501939        0.46864418        3.12000000        1.95200072
    30.18276752       39.49484269        0.57715984        0.46774897        3.12000000        1.94873914
    30.24747085       39.56614875        0.57930129        0.46685145        3.12000000        1.94548082
    30.31211435       39.63745481        0.58144371        0.46595161        3.12000000        1.94222574
    30.37669806       39.70876087        0.58358711        0.46504944        3.12000000        1.93897391
    30.44122206       39.78006693        0.58573145        0.46414494        3.12000000        1.93572531
    30.50568639       39.85137299        0.58787673        0.46323809        3.12000000        1.93247995
    30.57009111       39.92267905        0.59002295        0.46232890        3.12000000        1.92923781
    30.63443628       39.99398511        0.59217007        0.46141733        3.12000000        1.92599890
    30.69872193       40.06529117        0.59431810        0.46050340        3.12000000        1.92276320
    30.76294812       40.13659723        0.59646701        0.45958709        3.12000000        1.91953072
    30.82711488       40.20790328        0.59861680        0.45866840        3.12000000        1.91630145
    30.89122228       40.27920934        0.60076746        0.45774731        3.12000000        1.91307539
    30.95527033       40.35051540        0.60291896        0.45682381        3.12000000        1.90985253
    31.01925909       40.42182146        0.60507130        0.45589790        3.12000000        1.90663286
    31.08318858       40.49312752        0.60722446        0.45496956        3.12000000        1.90341639
    31.14705884       40.56443358        0.60937843        0.45403880        3.12000000        1.90020311
    31.21086990       40.63573964        0.61153320        0.45310560        3.12000000        1.89699301
    31.27462179       40.70704570        0.61368876        0.45216994        3.12000000        1.89378609
    31.33831452       40.77835176        0.61584508        0.45123183        3.12000000        1.89058235
    31.40194814       40.84965782        0.61800216        0.45029126        3.12000000        1.88738177
    31.46552265       40.92096388        0.62015999        0.44934820        3.12000000        1.88418437
    31.52903808       40.99226993        0.62231855        0.44840266        3.12000000        1.88099013
    31.59249445       41.06357599        0.62447783        0.44745463        3.12000000        1.87779905
    31.65589176       41.13488205        0.62663782        0.44650409        3.12000000        1.87461113
    31.71923004       41.20618811        0.62879849        0.44555104        3.12000000        1.87142636
    31.78250929       41.27749417        0.63095985        0.44459547        3.12000000        1.86824473
    31.84572952       41.34880023        0.63312188        0.44363737        3.12000000        1.86506625
    31.90889074       41.42010629        0.63528455        0.44267672        3.12000000        1.86189091
    31.97199295       41.49141235        0.63744787        0.44171353        3.12000000        1.85871871
    32.03503615       41.56271841        0.63961182        0.44074778        3.12000000        1.85554964
    32.09802034       41.63402447        0.64177637        0.43977945        3.12000000        1.85238370
    32.16094553       41.70533053        0.64394153        0.43880855        3.12000000        1.84922088
    32.22381171       41.77663658        0.64610728        0.43783506        3.12000000        1.84606118
    32.28661886       41.84794264        0.64827360        0.43685897        3.12000000        1.84290460
    32.34936699       41.91924870        0.65044048        0.43588027        3.12000000        1.83975113
    32.41205607       41.99055476        0.65260792        0.43489896        3.12000000        1.83660077
    32.47468611       42.06186082        0.65477588        0.43391502        3.12000000        1.83345352
    32.53725707       42.13316688        0.65694437        0.43292844        3.12000000        1.83030937
    32.59976896       42.20447294        0.65911336        0.43193921        3.12000000        1.82716832
    32.66222174       42.27577900        0.66128285        0.43094732        3.12000000        1.82403036
    32.72461540       42.34708506        0.66345283        0.42995277        3.12000000        1.82089550
    32.78694991       42.41839112        0.66562327        0.42895554        3.12000000        1.81776372
    32.84922525       42.48969718        0.66779417        0.42795563        3.12000000        1.81463503
    32.91144139       42.56100323        0.66996551        0.42695301        3.12000000        1.81150941
    32.97359830       42.63230929        0.67213728        0.42594769        3.12000000        1.80838688
    33.03569595       42.70361535        0.67430946        0.42493965        3.12000000        1.80526741
    33.09773431       42.77492141        0.67648205        0.42392888        3.12000000        1.80215102
    33.15971335       42.84622747        0.67865502        0.42291537        3.12000000        1.79903769
    33.22163301       42.91753353        0.68082838        0.42189911        3.12000000        1.79592743
    33.28349328       42.98883959        0.68300209        0.42088009        3.12000000        1.79282022
    33.34529410       43.06014565        0.68517616        0.41985830        3.12000000        1.78971608
    33.40703543       43.13145171        0.68735056        0.41883373        3.12000000        1.78661498
    33.46871723       43.20275777        0.68952528        0.41780637        3.12000000        1.78351693
    33.53033945       43.27406382        0.69170031        0.41677620        3.12000000        1.78042193
    33.59190204       43.34536988        0.69387564        0.41574322        3.12000000        1.77732997
    33.65340495       43.41667594        0.69605126        0.41470742        3.12000000        1.77424106
    33.71484812       43.48798200        0.69822714        0.41366878        3.12000000        1.77115517
    33.77623151       43.55928806        0.70040328        0.41262729        3.12000000        1.76807232
    33.83755505       43.63059412        0.70257966        0.41158295        3.12000000        1.76499250
    33.89881869       43.70190018        0.70475627        0.41053574        3.12000000        1.76191570
    33.96002236       43.77320624        0.70693310        0.40948565        3.12000000        1.75884193
    34.02116601       43.84451230        0.70911013        0.40843266        3.12000000        1.75577117
    34.08224956       43.91581836        0.71128735        0.40737678        3.12000000        1.75270343
    34.14327295       43.98712442        0.71346474        0.40631798        3.12000000        1.74963871
    34.20423611       44.05843047        0.71564230        0.40525626        3.12000000        1.74657699
    34.26513898       44.12973653        0.71782001        0.40419160        3.12000000        1.74351828
    34.32598147       44.20104259        0.71999786        0.40312400        3.12000000        1.74046257
    34.38676352       44.27234865        0.72217583        0.40205343        3.12000000        1.73740987
    34.44748504       44.34365471        0.72435391        0.40097989        3.12000000        1.73436016
    34.50814596       44.41496077        0.72653208        0.39990337        3.12000000        1.73131344
    34.56874620       44.48626683        0.72871034        0.39882386        3.12000000        1.72826971
    34.62928567       44.55757289        0.73088867        0.39774134        3.12000000        1.72522897
    34.68976430       44.62887895        0.73306705        0.39665580        3.12000000        1.72219122
    34.75018199       44.70018501        0.73524547        0.39556723        3.12000000        1.71915644
    34.81053866       44.77149107        0.73742393        0.39447562        3.12000000        1.71612465
    34.87083422       44.84279712        0.73960240        0.39338096        3.12000000        1.71309583
    34.93106857       44.91410318        0.74178088        0.39228322        3.12000000        1.71006998
    34.99124162       44.98540924        0.74395934        0.39118241        3.12000000        1.70704710
    35.05135328       45.05671530        0.74613778        0.39007851        3.12000000        1.70402718
    35.11140344       45.12802136        0.74831618        0.38897151        3.12000000        1.70101023
    35.17139201       45.19932742        0.75049453        0.38786138        3.12000000        1.69799623
    35.23131889       45.27063348        0.75267282        0.38674813        3.12000000        1.69498520
    35.29118397       45.34193954        0.75485103        0.38563174        3.12000000        1.69197712
    35.35098714       45.41324560        0.75702914        0.38451220        3.12000000        1.68897198
    35.41072830       45.48455166        0.75920716        0.38338949        3.12000000        1.68596980
    35.47040734       45.55585772        0.76138505        0.38226360        3.12000000        1.68297056
    35.53002414       45.62716377        0.76356282        0.38113452        3.12000000        1.67997426
    35.58957860       45.69846983        0.76574044        0.38000223        3.12000000        1.67698090
    35.64907060       45.76977589        0.76791790        0.37886673        3.12000000        1.67399048
    35.70850002       45.84108195        0.77009519        0.37772799        3.12000000        1.67100299
    35.76786674       45.91238801        0.77227229        0.37658601        3.12000000        1.66801843
    35.82717063       45.98369407        0.77444920        0.37544077        3.12000000        1.66503679
    35.88641159       46.05500013        0.77662589        0.37429226        3.12000000        1.66205808
    35.94558947       46.12630619        0.77880236        0.37314047        3.12000000        1.65908229
    36.00470415       46.19761225        0.78097859        0.37198538        3.12000000        1.65610942
    36.06375551       46.26891831        0.78315457        0.37082698        3.12000000        1.65313947
    36.12274342       46.34022437        0.78533029        0.36966526        3.12000000        1.65017243
    36.18166773       46.41153042        0.78750572        0.36850019        3.12000000        1.64720830
    36.24052831       46.48283648        0.78968087        0.36733178        3.12000000        1.64424707
    36.29932503       46.55414254        0.79185570        0.36615999        3.12000000        1.64128875
    36.35805775       46.62544860        0.79403022        0.36498483        3.12000000        1.63833333
    36.41672632       46.69675466        0.79620441        0.36380628        3.12000000        1.63538081
    36.47533061       46.76806072        0.79837825        0.36262431        3.12000000        1.63243119
    36.53387047       46.83936678        0.80055173        0.36143893        3.12000000        1.62948446
    36.59234574       46.91067284        0.80272484        0.36025010        3.12000000        1.62654062
    36.65075628       46.98197890        0.80489756        0.35905783        3.12000000        1.62359966
    36.70910194       47.05328496        0.80706989        0.35786209        3.12000000        1.62066159
    36.76738257       47.12459101        0.80924180        0.35666287        3.12000000        1.61772641
    36.82559800       47.19589707        0.81141328        0.35546016        3.12000000        1.61479410
    36.88374809       47.26720313        0.81358433        0.35425394        3.12000000        1.61186467
    36.94183267       47.33850919        0.81575492        0.35304420        3.12000000        1.60893811
    36.99985158       47.40981525        0.81792504        0.35183091        3.12000000        1.60601443
    37.05780466       47.48112131        0.82009469        0.35061408        3.12000000        1.60309361
    37.11569174       47.55242737        0.82226384        0.34939367        3.12000000        1.60017566
    37.17351265       47.62373343        0.82443249        0.34816968        3.12000000        1.59726057
    37.23126722       47.69503949        0.82660061        0.34694210        3.12000000        1.59434834
    37.28895529       47.76634555        0.82876821        0.34571090        3.12000000        1.59143898
    37.34657667       47.83765161        0.83093525        0.34447607        3.12000000        1.58853246
    37.40413119       47.90895766        0.83310174        0.34323759        3.12000000        1.58562880
    37.46161867       47.98026372        0.83526765        0.34199546        3.12000000        1.58272799
    37.51903894       48.05156978        0.83743297        0.34074965        3.12000000        1.57983002
    37.57639180       48.12287584        0.83959770        0.33950014        3.12000000        1.57693491
    37.63367708       48.19418190        0.84176181        0.33824693        3.12000000        1.57404263
    37.69089458       48.26548796        0.84392529        0.33699000        3.12000000        1.57115319
    37.74804412       48.33679402        0.84608813        0.33572933        3.12000000        1.56826659
    37.80512550       48.40810008        0.84825032        0.33446490        3.12000000        1.56538283
    37.86213855       48.47940614        0.85041184        0.33319670        3.12000000        1.56250190
    37.91908304       48.55071220        0.85257268        0.33192472        3.12000000        1.55962379
    37.97595879       48.62201826        0.85473283        0.33064893        3.12000000        1.55674852
    38.03276561       48.69332431        0.85689227        0.32936932        3.12000000        1.55387606
    38.08950328       48.76463037        0.85905099        0.32808587        3.12000000        1.55100643
    38.14617160       48.83593643        0.86120897        0.32679857        3.12000000        1.54813962
    38.20277037       48.90724249        0.86336621        0.32550739        3.12000000        1.54527563
    38.25929937       48.97854855        0.86552268        0.32421233        3.12000000        1.54241445
    38.31575840       49.04985461        0.86767838        0.32291337        3.12000000        1.53955609
    38.37214724       49.12116067        0.86983330        0.32161048        3.12000000        1.53670053
    38.42846567       49.19246673        0.87198741        0.32030366        3.12000000        1.53384778
    38.48471349       49.26377279        0.87414071        0.31899288        3.12000000        1.53099784
    38.54089046       49.33507885        0.87629318        0.31767813        3.12000000        1.52815069
    38.59699637       49.40638491        0.87844481        0.31635938        3.12000000        1.52530635
    38.65303098       49.47769096        0.88059559        0.31503663        3.12000000        1.52246481
    38.70899408       49.54899702        0.88274549        0.31370985        3.12000000        1.51962606
    38.76488544       49.62030308        0.88489452        0.31237903        3.12000000        1.51679010
    38.82070481       49.69160914        0.88704265        0.31104415        3.12000000        1.51395694
    38.87645197       49.76291520        0.88918988        0.30970518        3.12000000        1.51112656
    38.93212668       49.83422126        0.89133618        0.30836212        3.12000000        1.50829897
    38.98772870       49.90552732        0.89348155        0.30701495        3.12000000        1.50547416
    39.04325779       49.97683338        0.89562598        0.30566364        3.12000000        1.50265214
    39.09871371       50.04813944        0.89776944        0.30430817        3.12000000        1.49983289
    39.15409620       50.11944550        0.89991193        0.30294854        3.12000000        1.49701642
    39.20940503       50.19075156        0.90205343        0.30158471        3.12000000        1.49420273
    39.26463993       50.26205761        0.90419392        0.30021668        3.12000000        1.49139180
    39.31980067       50.33336367        0.90633341        0.29884442        3.12000000        1.48858365
    39.37488697       50.40466973        0.90847187        0.29746791        3.12000000        1.48577826
    39.42989858       50.47597579        0.91060928        0.29608714        3.12000000        1.48297564
    39.48483525       50.54728185        0.91274565        0.29470208        3.12000000        1.48017579
    39.53969670       50.61858791        0.91488094        0.29331272        3.12000000        1.47737869
    39.59448267       50.68989397        0.91701516        0.29191904        3.12000000        1.47458436
    39.64919289       50.76120003        0.91914828        0.29052101        3.12000000        1.47179278
    39.70382710       50.83250609        0.92128030        0.28911862        3.12000000        1.46900395
    39.75838501       50.90381215        0.92341119        0.28771184        3.12000000        1.46621788
    39.81286635       50.97511821        0.92554095        0.28630067        3.12000000        1.46343456
    39.86727085       51.04642426        0.92766957        0.28488507        3.12000000        1.46065398
    39.92159821       51.11773032        0.92979702        0.28346502        3.12000000        1.45787616
    39.97584816       51.18903638        0.93192331        0.28204052        3.12000000        1.45510107
    40.03002041       51.26034244        0.93404840        0.28061153        3.12000000        1.45232873
    40.08411467       51.33164850        0.93617230        0.27917804        3.12000000        1.44955913
    40.13813065       51.40295456        0.93829498        0.27774002        3.12000000        1.44679227
    40.19206805       51.47426062        0.94041644        0.27629746        3.12000000        1.44402814
    40.24592657       51.54556668        0.94253666        0.27485033        3.12000000        1.44126675
    40.29970592       51.61687274        0.94465562        0.27339861        3.12000000        1.43850808
    40.35340579       51.68817880        0.94677332        0.27194228        3.12000000        1.43575215
    40.40702588       51.75948485        0.94888974        0.27048133        3.12000000        1.43299895
    40.46056587       51.83079091        0.95100487        0.26901572        3.12000000        1.43024847
    40.51402546       51.90209697        0.95311870        0.26754544        3.12000000        1.42750071
    40.56740433       51.97340303        0.95523120        0.26607047        3.12000000        1.42475568
    40.62070216       52.04470909        0.95734238        0.26459077        3.12000000        1.42201337
    40.67391864       52.11601515        0.95945221        0.26310634        3.12000000        1.41927378
    40.72705345       52.18732121        0.96156068        0.26161715        3.12000000        1.41653690
    40.78010624       52.25862727        0.96366778        0.26012318        3.12000000        1.41380273
    40.83307671       52.32993333        0.96577350        0.25862440        3.12000000        1.41107128
    40.88596451       52.40123939        0.96787782        0.25712079        3.12000000        1.40834254
    40.93876931       52.47254545        0.96998073        0.25561233        3.12000000        1.40561651
    40.99149077       52.54385150        0.97208222        0.25409900        3.12000000        1.40289319
    41.04412856       52.61515756        0.97418227        0.25258078        3.12000000        1.40017257
    41.09668233       52.68646362        0.97628087        0.25105763        3.12000000        1.39745466
    41.14915173       52.75776968        0.97837801        0.24952954        3.12000000        1.39473944
    41.20153642       52.82907574        0.98047367        0.24799649        3.12000000        1.39202693
    41.25383604       52.90038180        0.98256785        0.24645844        3.12000000        1.38931711
    41.30605023       52.97168786        0.98466052        0.24491538        3.12000000        1.38661000
    41.35817864       53.04299392        0.98675168        0.24336729        3.12000000        1.38390557
    41.41022090       53.11429998        0.98884131        0.24181413        3.12000000        1.38120384
    41.46217666       53.18560604        0.99092940        0.24025589        3.12000000        1.37850480
    41.51404553       53.25691210        0.99301593        0.23869254        3.12000000        1.37580846
    41.56582716       53.32821815        0.99510090        0.23712406        3.12000000        1.37311479
    41.61752116       53.39952421        0.99718429        0.23555042        3.12000000        1.37042382
    41.66912716       53.47083027        0.99926608        0.23397160        3.12000000        1.36773553
    41.72064477       53.54213633        1.00134627        0.23238756        3.12000000        1.36504993
    41.77207362       53.61344239        1.00342484        0.23079830        3.12000000        1.36236700
    41.82341331       53.68474845        1.00550178        0.22920378        3.12000000        1.35968676
    41.87466345       53.75605451        1.00757707        0.22760397        3.12000000        1.35700920
    41.92582365       53.82736057        1.00965071        0.22599885        3.12000000        1.35433431
    41.97689350       53.89866663        1.01172267        0.22438840        3.12000000        1.35166210
    42.02787262       53.96997269        1.01379295        0.22277259        3.12000000        1.34899256
    42.07876059       54.04127875        1.01586154        0.22115140        3.12000000        1.34632570
    42.12955700       54.11258480        1.01792841        0.21952479        3.12000000        1.34366151
    42.18026145       54.18389086        1.01999356        0.21789274        3.12000000        1.34099998
    42.23087352       54.25519692        1.02205698        0.21625523        3.12000000        1.33834113
    42.28139278       54.32650298        1.02411864        0.21461222        3.12000000        1.33568495
    42.33181882       54.39780904        1.02617855        0.21296370        3.12000000        1.33303143
    42.38215121       54.46911510        1.02823668        0.21130963        3.12000000        1.33038057
    42.43238952       54.54042116        1.03029302        0.20964999        3.12000000        1.32773238
    42.48253332       54.61172722        1.03234757        0.20798474        3.12000000        1.32508685
    42.53258217       54.68303328        1.03440030        0.20631387        3.12000000        1.32244398
    42.58253562       54.75433934        1.03645120        0.20463735        3.12000000        1.31980377
    42.63239325       54.82564540        1.03850027        0.20295514        3.12000000        1.31716622
    42.68215458       54.89695145        1.04054748        0.20126722        3.12000000        1.31453133
    42.73181918       54.96825751        1.04259283        0.19957356        3.12000000        1.31189909
    42.78138659       55.03956357        1.04463631        0.19787413        3.12000000        1.30926951
    42.83085635       55.11086963        1.04667789        0.19616891        3.12000000        1.30664258
    42.88022799       55.18217569        1.04871757        0.19445786        3.12000000        1.30401830
    42.92950104       55.25348175        1.05075533        0.19274095        3.12000000        1.30139668
    42.97867505       55.32478781        1.05279117        0.19101817        3.12000000        1.29877770
    43.02774952       55.39609387        1.05482507        0.18928947        3.12000000        1.29616137
    43.07672398       55.46739993        1.05685701        0.18755483        3.12000000        1.29354770
    43.12559795       55.53870599        1.05888698        0.18581421        3.12000000        1.29093667
    43.17437093       55.61001205        1.06091498        0.18406760        3.12000000        1.28832828
    43.22304244       55.68131810        1.06294098        0.18231495        3.12000000        1.28572254
    43.27161198       55.75262416        1.06496498        0.18055625        3.12000000        1.28311945
    43.32007905       55.82393022        1.06698696        0.17879145        3.12000000        1.28051900
    43.36844314       55.89523628        1.06900691        0.17702052        3.12000000        1.27792119
    43.41670375       55.96654234        1.07102482        0.17524345        3.12000000        1.27532603
    43.46486036       56.03784840        1.07304067        0.17346018        3.12000000        1.27273350
    43.51291246       56.10915446        1.07505445        0.17167071        3.12000000        1.27014361
    43.56085952       56.18046052        1.07706616        0.16987498        3.12000000        1.26755637
    43.60870102       56.25176658        1.07907577        0.16807298        3.12000000        1.26497176
    43.65643643       56.32307264        1.08108327        0.16626466        3.12000000        1.26238979
    43.70406520       56.39437869        1.08308865        0.16445001        3.12000000        1.25981046
    43.75158681       56.46568475        1.08509191        0.16262897        3.12000000        1.25723376
    43.79900071       56.53699081        1.08709301        0.16080153        3.12000000        1.25465970
    43.84630634       56.60829687        1.08909196        0.15896765        3.12000000        1.25208827
    43.89350316       56.67960293        1.09108875        0.15712730        3.12000000        1.24951948
    43.94059061       56.75090899        1.09308335        0.15528044        3.12000000        1.24695332
    43.98756812       56.82221505        1.09507575        0.15342704        3.12000000        1.24438980
    44.03443513       56.89352111        1.09706595        0.15156707        3.12000000        1.24182891
    44.08119106       56.96482717        1.09905393        0.14970049        3.12000000        1.23927065
    44.12783534       57.03613323        1.10103968        0.14782727        3.12000000        1.23671502
    44.17436738       57.10743929        1.10302318        0.14594738        3.12000000        1.23416202
    44.22078660       57.17874534        1.10500443        0.14406077        3.12000000        1.23161166
    44.26709241       57.25005140        1.10698340        0.14216743        3.12000000        1.22906392
    44.31328420       57.32135746        1.10896009        0.14026730        3.12000000        1.22651882
    44.35936139       57.39266352        1.11093449        0.13836036        3.12000000        1.22397634
    44.40532335       57.46396958        1.11290658        0.13644657        3.12000000        1.22143649
    44.45116947       57.53527564        1.11487636        0.13452590        3.12000000        1.21889928
    44.49689915       57.60658170        1.11684380        0.13259831        3.12000000        1.21636469
    44.54251176       57.67788776        1.11880889        0.13066376        3.12000000        1.21383273
    44.58800666       57.74919382        1.12077163        0.12872221        3.12000000        1.21130340
    44.63338323       57.82049988        1.12273200        0.12677364        3.12000000        1.20877670
    44.67864083       57.89180594        1.12468999        0.12481801        3.12000000        1.20625262
    44.72377881       57.96311199        1.12664558        0.12285527        3.12000000        1.20373118
    44.76879652       58.03441805        1.12859877        0.12088539        3.12000000        1.20121236
    44.81369330       58.10572411        1.13054954        0.11890834        3.12000000        1.19869617
    44.85846851       58.17703017        1.13249787        0.11692407        3.12000000        1.19618261
    44.90312147       58.24833623        1.13444377        0.11493255        3.12000000        1.19367167
    44.94765150       58.31964229        1.13638721        0.11293374        3.12000000        1.19116337
    44.99205794       58.39094835        1.13832817        0.11092760        3.12000000        1.18865769
    45.03634010       58.46225441        1.14026666        0.10891409        3.12000000        1.18615464
    45.08049728       58.53356047        1.14220266        0.10689318        3.12000000        1.18365422
    45.12452880       58.60486653        1.14413615        0.10486482        3.12000000        1.18115643
    45.16843395       58.67617259        1.14606713        0.10282897        3.12000000        1.17866126
    45.21221202       58.74747864        1.14799557        0.10078560        3.12000000        1.17616873
    45.25586230       58.81878470        1.14992147        0.09873467        3.12000000        1.17367883
    45.29938408       58.89009076        1.15184482        0.09667613        3.12000000        1.17119155
    45.34277663       58.96139682        1.15376560        0.09460995        3.12000000        1.16870691
    45.38603921       59.03270288        1.15568381        0.09253608        3.12000000        1.16622489
    45.42917108       59.10400894        1.15759942        0.09045449        3.12000000        1.16374551
    45.47217151       59.17531500        1.15951243        0.08836513        3.12000000        1.16126876
    45.51503975       59.24662106        1.16142282        0.08626795        3.12000000        1.15879464
    45.55777503       59.31792712        1.16333059        0.08416293        3.12000000        1.15632315
    45.60037659       59.38923318        1.16523572        0.08205002        3.12000000        1.15385430
    45.64284366       59.46053924        1.16713820        0.07992917        3.12000000        1.15138807
    45.68517547       59.53184529        1.16903801        0.07780034        3.12000000        1.14892449
    45.72737123       59.60315135        1.17093515        0.07566349        3.12000000        1.14646354
    45.76943015       59.67445741        1.17282960        0.07351858        3.12000000        1.14400522
    45.81135144       59.74576347        1.17472134        0.07136556        3.12000000        1.14154954
    45.85313429       59.81706953        1.17661038        0.06920439        3.12000000        1.13909650
    45.89477789       59.88837559        1.17849670        0.06703503        3.12000000        1.13664610
    45.93628141       59.95968165        1.18038027        0.06485743        3.12000000        1.13419833
    45.97764405       60.03098771        1.18226110        0.06267154        3.12000000        1.13175321
    46.01886496       60.10229377        1.18413917        0.06047733        3.12000000        1.12931072
    46.05994331       60.17359983        1.18601447        0.05827474        3.12000000        1.12687088
    46.10087824       60.24490589        1.18788698        0.05606373        3.12000000        1.12443368
    46.14166891       60.31621194        1.18975669        0.05384426        3.12000000        1.12199913
    46.18231445       60.38751800        1.19162360        0.05161628        3.12000000        1.11956722
    46.22281400       60.45882406        1.19348769        0.04937974        3.12000000        1.11713795
    46.26316667       60.53013012        1.19534894        0.04713460        3.12000000        1.11471134
    46.30337159       60.60143618        1.19720736        0.04488081        3.12000000        1.11228737
    46.34342786       60.67274224        1.19906291        0.04261833        3.12000000        1.10986605
    46.38333458       60.74404830        1.20091560        0.04034709        3.12000000        1.10744739
    46.42309085       60.81535436        1.20276541        0.03806707        3.12000000        1.10503137
    46.46269575       60.88666042        1.20461232        0.03577820        3.12000000        1.10261802
    46.50214835       60.95796648        1.20645633        0.03348045        3.12000000        1.10020731
    46.54144772       61.02927253        1.20829743        0.03117375        3.12000000        1.09779927
    46.58059293       61.10057859        1.21013560        0.02885807        3.12000000        1.09539388
    46.61958303       61.17188465        1.21197083        0.02653336        3.12000000        1.09299115
    46.65841705       61.24319071        1.21380311        0.02419955        3.12000000        1.09059109
    46.69709404       61.31449677        1.21563243        0.02185662        3.12000000        1.08819369
    46.73561302       61.38580283        1.21745877        0.01950449        3.12000000        1.08579895
    46.77397301       61.45710889        1.21928212        0.01714313        3.12000000        1.08340688
    46.81217302       61.52841495        1.22110248        0.01477248        3.12000000        1.08101749
    46.85021204       61.59972101        1.22291983        0.01239249        3.12000000        1.07863076
    46.88808908       61.67102707        1.22473415        0.01000311        3.12000000        1.07624670
    46.92580311       61.74233313        1.22654545        0.00760429        3.12000000        1.07386532
    46.96335311       61.81363918        1.22835369        0.00519597        3.12000000        1.07148662
    47.00073803       61.88494524        1.23015888        0.00277811        3.12000000        1.06911060
    47.03795685       61.95625130        1.23196101        0.00035064        3.12000000        1.06673725
    47.07500849       62.02755736        1.23376005       -0.00208648        3.12000000        1.06436659
    47.11189191       62.09886342        1.23555600       -0.00453331        3.12000000        1.06199862
    47.14860602       62.17016948        1.23734884       -0.00698990        3.12000000        1.05963333
    47.18514975       62.24147554        1.23913858       -0.00945630        3.12000000        1.05727074
    47.22152199       62.31278160        1.24092518       -0.01193258        3.12000000        1.05491083
    47.25772166       62.38408766        1.24270865       -0.01441878        3.12000000        1.05255362
    47.29374763       62.45539372        1.24448896       -0.01691496        3.12000000        1.05019911
    47.32959878       62.52669978        1.24626612       -0.01942118        3.12000000        1.04784730
    47.36527399       62.59800583        1.24804010       -0.02193749        3.12000000        1.04549820
    47.40077211       62.66931189        1.24981089       -0.02446396        3.12000000        1.04315179
    47.43609199       62.74061795        1.25157849       -0.02700062        3.12000000        1.04080810
    47.47123247       62.81192401        1.25334288       -0.02954755        3.12000000        1.03846711
    47.50619236       62.88323007        1.25510406       -0.03210481        3.12000000        1.03612884
    47.54097049       62.95453613        1.25686200       -0.03467244        3.12000000        1.03379329
    47.57556566       63.02584219        1.25861670       -0.03725050        3.12000000        1.03146046
    47.60997667       63.09714825        1.26036814       -0.03983907        3.12000000        1.02913035
    47.64420230       63.16845431        1.26211632       -0.04243818        3.12000000        1.02680296
    47.67824132       63.23976037        1.26386122       -0.04504792        3.12000000        1.02447830
    47.71209250       63.31106643        1.26560284       -0.04766832        3.12000000        1.02215638
    47.74575457       63.38237248        1.26734115       -0.05029946        3.12000000        1.01983719
    47.77922629       63.45367854        1.26907616       -0.05294139        3.12000000        1.01752073
    47.81250637       63.52498460        1.27080784       -0.05559418        3.12000000        1.01520702
    47.84559353       63.59629066        1.27253618       -0.05825788        3.12000000        1.01289606
    47.87848648       63.66759672        1.27426118       -0.06093256        3.12000000        1.01058784
    47.91118391       63.73890278        1.27598283       -0.06361828        3.12000000        1.00828238
    47.94368448       63.81020884        1.27770110       -0.06631510        3.12000000        1.00597967
    47.97598689       63.88151490        1.27941600       -0.06902309        3.12000000        1.00367972
    48.00808976       63.95282096        1.28112750       -0.07174230        3.12000000        1.00138253
    48.03999176       64.02412702        1.28283560       -0.07447281        3.12000000        0.99908811
    48.07169150       64.09543308        1.28454029       -0.07721467        3.12000000        0.99679646
    48.10318762       64.16673913        1.28624155       -0.07996795        3.12000000        0.99450759
    48.13447869       64.23804519        1.28793938       -0.08273271        3.12000000        0.99222149
    48.16556333       64.30935125        1.28963376       -0.08550903        3.12000000        0.98993818
    48.19644011       64.38065731        1.29132468       -0.08829695        3.12000000        0.98765766
    48.22710759       64.45196337        1.29301213       -0.09109656        3.12000000        0.98537992
    48.25756433       64.52326943        1.29469610       -0.09390792        3.12000000        0.98310498
    48.28780886       64.59457549        1.29637658       -0.09673108        3.12000000        0.98083284
    48.31783970       64.66588155        1.29805355       -0.09956613        3.12000000        0.97856351
    48.34765537       64.73718761        1.29972700       -0.10241312        3.12000000        0.97629698
    48.37725437       64.80849367        1.30139693       -0.10527213        3.12000000        0.97403327
    48.40663517       64.87979973        1.30306333       -0.10814323        3.12000000        0.97177237
    48.43579624       64.95110578        1.30472617       -0.11102647        3.12000000        0.96951430
    48.46473604       65.02241184        1.30638545       -0.11392194        3.12000000        0.96725905
    48.49345300       65.09371790        1.30804117       -0.11682969        3.12000000        0.96500663
    48.52194555       65.16502396        1.30969330       -0.11974981        3.12000000        0.96275706
    48.55021210       65.23633002        1.31134183       -0.12268236        3.12000000        0.96051032
    48.57825104       65.30763608        1.31298677       -0.12562740        3.12000000        0.95826643
    48.60606076       65.37894214        1.31462808       -0.12858502        3.12000000        0.95602539
    48.63363960       65.45024820        1.31626577       -0.13155529        3.12000000        0.95378721
    48.66098594       65.52155426        1.31789982       -0.13453827        3.12000000        0.95155190
    48.68809808       65.59286032        1.31953023       -0.13753403        3.12000000        0.94931945
    48.71497435       65.66416637        1.32115697       -0.14054266        3.12000000        0.94708987
    48.74161306       65.73547243        1.32278004       -0.14356422        3.12000000        0.94486317
    48.76801248       65.80677849        1.32439943       -0.14659878        3.12000000        0.94263936
    48.79417088       65.87808455        1.32601512       -0.14964643        3.12000000        0.94041843
    48.82008651       65.94939061        1.32762711       -0.15270723        3.12000000        0.93820041
    48.84575761       66.02069667        1.32923538       -0.15578126        3.12000000        0.93598528
    48.87118240       66.09200273        1.33083993       -0.15886859        3.12000000        0.93377306
    48.89635906       66.16330879        1.33244074       -0.16196930        3.12000000        0.93156376
    48.92128579       66.23461485        1.33403780       -0.16508347        3.12000000        0.92935737
    48.94596075       66.30592091        1.33563110       -0.16821117        3.12000000        0.92715391
    48.97038208       66.37722697        1.33722063       -0.17135248        3.12000000        0.92495339
    48.99454792       66.44853302        1.33880638       -0.17450747        3.12000000        0.92275580
    49.01845638       66.51983908        1.34038834       -0.17767623        3.12000000        0.92056116
    49.04210554       66.59114514        1.34196649       -0.18085883        3.12000000        0.91836946
    49.06549349       66.66245120        1.34354083       -0.18405534        3.12000000        0.91618073
    49.08861828       66.73375726        1.34511134       -0.18726586        3.12000000        0.91399496
    49.11147793       66.80506332        1.34667801       -0.19049045        3.12000000        0.91181216
    49.13407048       66.87636938        1.34824084       -0.19372920        3.12000000        0.90963234
    49.15639392       66.94767544        1.34979981       -0.19698218        3.12000000        0.90745551
    49.17844622       67.01898150        1.35135491       -0.20024948        3.12000000        0.90528167
    49.20022534       67.09028756        1.35290613       -0.20353117        3.12000000        0.90311083
    49.22172922       67.16159362        1.35445345       -0.20682735        3.12000000        0.90094299
    49.24295578       67.23289967        1.35599688       -0.21013808        3.12000000        0.89877817
    49.26390292       67.30420573        1.35753639       -0.21346345        3.12000000        0.89661638
    49.28456850       67.37551179        1.35907198       -0.21680355        3.12000000        0.89445761
    49.30495040       67.44681785        1.36060363       -0.22015845        3.12000000        0.89230187
    49.32504643       67.51812391        1.36213133       -0.22352824        3.12000000        0.89014919
    49.34485442       67.58942997        1.36365508       -0.22691300        3.12000000        0.88799955
    49.36437215       67.66073603        1.36517486       -0.23031282        3.12000000        0.88585298
    49.38359739       67.73204209        1.36669067       -0.23372778        3.12000000        0.88370947
    49.40252788       67.80334815        1.36820248       -0.23715796        3.12000000        0.88156904
    49.42116137       67.87465421        1.36971029       -0.24060344        3.12000000        0.87943169
    49.43949553       67.94596027        1.37121409       -0.24406433        3.12000000        0.87729744
    49.45752805       68.01726632        1.37271387       -0.24754069        3.12000000        0.87516629
    49.47525659       68.08857238        1.37420961       -0.25103261        3.12000000        0.87303825
    49.49267878       68.15987844        1.37570131       -0.25454019        3.12000000        0.87091333
    49.50979222       68.23118450        1.37718896       -0.25806350        3.12000000        0.86879154
    49.52659450       68.30249056        1.37867253       -0.26160264        3.12000000        0.86667288
    49.54308318       68.37379662        1.38015204       -0.26515768        3.12000000        0.86455737
    49.55925579       68.44510268        1.38162745       -0.26872873        3.12000000        0.86244501
    49.57510984       68.51640874        1.38309877       -0.27231586        3.12000000        0.86033582
    49.59064282       68.58771480        1.38456597       -0.27591917        3.12000000        0.85822980
    49.60585218       68.65902086        1.38602906       -0.27953874        3.12000000        0.85612696
    49.62073536       68.73032692        1.38748801       -0.28317466        3.12000000        0.85402732
    49.63528977       68.80163297        1.38894283       -0.28682702        3.12000000        0.85193087
    49.64951277       68.87293903        1.39039349       -0.29049590        3.12000000        0.84983764
    49.66340174       68.94424509        1.39183998       -0.29418141        3.12000000        0.84774763
    49.67695400       69.01555115        1.39328230       -0.29788363        3.12000000        0.84566085
    49.69016684       69.08685721        1.39472044       -0.30160264        3.12000000        0.84357732
    49.70303753       69.15816327        1.39615437       -0.30533854        3.12000000        0.84149703
    49.71556333       69.22946933        1.39758410       -0.30909142        3.12000000        0.83942001
    49.72774145       69.30077539        1.39900962       -0.31286137        3.12000000        0.83734626
    49.73956907       69.37208145        1.40043090       -0.31664849        3.12000000        0.83527579
    49.75104335       69.44338751        1.40184794       -0.32045285        3.12000000        0.83320861
    49.76216143       69.51469357        1.40326073       -0.32427455        3.12000000        0.83114475
    49.77292039       69.58599962        1.40466926       -0.32811370        3.12000000        0.82908419
    49.78331732       69.65730568        1.40607352       -0.33197036        3.12000000        0.82702697
    49.79334924       69.72861174        1.40747349       -0.33584465        3.12000000        0.82497308
    49.80301317       69.79991780        1.40886917       -0.33973664        3.12000000        0.82292254
    49.81230609       69.87122386        1.41026054       -0.34364644        3.12000000        0.82087536
    49.82122494       69.94252992        1.41164759       -0.34757413        3.12000000        0.81883156
    49.82976663       70.01383598        1.41303032       -0.35151981        3.12000000        0.81679114
    49.83792806       70.08514204        1.41440870       -0.35548356        3.12000000        0.81475411
    49.84570606       70.15644810        1.41578274       -0.35946549        3.12000000        0.81272050
    49.85309745       70.22775416        1.41715242       -0.36346569        3.12000000        0.81069030
    49.86009902       70.29906021        1.41851772       -0.36748424        3.12000000        0.80866354
    49.86670752       70.37036627        1.41987864       -0.37152124        3.12000000        0.80664023
    49.87291966       70.44167233        1.42123517       -0.37557678        3.12000000        0.80462037
    49.87873213       70.51297839        1.42258729       -0.37965096        3.12000000        0.80260398
    49.88414157       70.58428445        1.42393500       -0.38374387        3.12000000        0.80059107
    49.88914459       70.65559051        1.42527827       -0.38785560        3.12000000        0.79858166
    49.89373777       70.72689657        1.42661711       -0.39198624        3.12000000        0.79657576
    49.89791765       70.79820263        1.42795150       -0.39613589        3.12000000        0.79457339
    49.90168073       70.86950869        1.42928143       -0.40030463        3.12000000        0.79257455
    49.90502348       70.94081475        1.43060689       -0.40449257        3.12000000        0.79057926
    49.90794233       71.01212081        1.43192787       -0.40869979        3.12000000        0.78858753
    49.91043367       71.08342686        1.43324435       -0.41292639        3.12000000        0.78659938
    49.91249385       71.15473292        1.43455632       -0.41717245        3.12000000        0.78461482
    49.91411918       71.22603898        1.43586378       -0.42143807        3.12000000        0.78263387
    49.91530595       71.29734504        1.43716671       -0.42572335        3.12000000        0.78065654
    49.91605038       71.36865110        1.43846510       -0.43002836        3.12000000        0.77868284
    49.91634867       71.43995716        1.43975894       -0.43435321        3.12000000        0.77671279
