#    eta               f             df/deta       d2f/deta^2       d3f/deta^3            v Rex
#  0.50000000E+00    # beta 
 0.00000000E+00  0.00000000E+00  0.00000000E+00  0.75728830E+00  0.00000000E+00  0.00000000E+00
 0.60000003E-02  0.12940910E-04  0.45386000E-02  0.75538830E+00 -0.33333298E+00  0.71453456E-05
 0.12000001E-01  0.53079392E-04  0.90652300E-02  0.75338830E+00 -0.33333260E+00  0.27851686E-04
 0.18000001E-01  0.12034346E-03  0.13579860E-01  0.75138831E+00 -0.33333215E+00  0.62047018E-04
 0.24000001E-01  0.21466110E-03  0.18082490E-01  0.74938831E+00 -0.33333158E+00  0.10965934E-03
 0.30000001E-01  0.33596033E-03  0.22573120E-01  0.74738833E+00 -0.33333088E+00  0.17061666E-03
 0.36000002E-01  0.48416914E-03  0.27051750E-01  0.74538834E+00 -0.33333000E+00  0.24484696E-03
 0.42000002E-01  0.65921553E-03  0.31518381E-01  0.74338837E+00 -0.33332890E+00  0.33227826E-03
 0.48000002E-01  0.86102751E-03  0.35973011E-01  0.74138840E+00 -0.33332755E+00  0.43283856E-03
 0.54000003E-01  0.10895331E-02  0.40415642E-01  0.73938844E+00 -0.33332592E+00  0.54645585E-03
 0.60000003E-01  0.13446602E-02  0.44846273E-01  0.73738849E+00 -0.33332396E+00  0.67305814E-03
 0.66000003E-01  0.16263370E-02  0.49264904E-01  0.73538855E+00 -0.33332165E+00  0.81257344E-03
 0.72000003E-01  0.19344913E-02  0.53671536E-01  0.73338863E+00 -0.33331894E+00  0.96492975E-03
 0.78000004E-01  0.22690512E-02  0.58066168E-01  0.73138872E+00 -0.33331581E+00  0.11300551E-02
 0.84000004E-01  0.26299447E-02  0.62448801E-01  0.72938884E+00 -0.33331222E+00  0.13078774E-02
 0.90000004E-01  0.30170998E-02  0.66819435E-01  0.72738897E+00 -0.33330812E+00  0.14983248E-02
 0.96000005E-01  0.34304445E-02  0.71178069E-01  0.72538914E+00 -0.33330350E+00  0.17013252E-02
 0.10200000E+00  0.38699069E-02  0.75524705E-01  0.72338933E+00 -0.33329831E+00  0.19168067E-02
 0.10800001E+00  0.43354148E-02  0.79859342E-01  0.72138956E+00 -0.33329251E+00  0.21446972E-02
 0.11400001E+00  0.48268964E-02  0.84181980E-01  0.71938982E+00 -0.33328608E+00  0.23849249E-02
 0.12000001E+00  0.53442796E-02  0.88492620E-01  0.71739012E+00 -0.33327897E+00  0.26374176E-02
 0.12600001E+00  0.58874925E-02  0.92791262E-01  0.71539047E+00 -0.33327116E+00  0.29021035E-02
 0.13200001E+00  0.64564630E-02  0.97077906E-01  0.71339087E+00 -0.33326261E+00  0.31789106E-02
 0.13800001E+00  0.70511192E-02  0.10135255E+00  0.71139132E+00 -0.33325329E+00  0.34677669E-02
 0.14400001E+00  0.76713891E-02  0.10561520E+00  0.70939183E+00 -0.33324316E+00  0.37686004E-02
 0.15000001E+00  0.83172006E-02  0.10986585E+00  0.70739240E+00 -0.33323218E+00  0.40813392E-02
 0.15600001E+00  0.89884820E-02  0.11410451E+00  0.70539304E+00 -0.33322033E+00  0.44059113E-02
 0.16200001E+00  0.96851610E-02  0.11833117E+00  0.70339375E+00 -0.33320757E+00  0.47422448E-02
 0.16800001E+00  0.10407166E-01  0.12254584E+00  0.70139455E+00 -0.33319386E+00  0.50902678E-02
 0.17400001E+00  0.11154425E-01  0.12674851E+00  0.69939542E+00 -0.33317917E+00  0.54499083E-02
 0.18000001E+00  0.11926865E-01  0.13093918E+00  0.69739639E+00 -0.33316348E+00  0.58210944E-02
 0.18600001E+00  0.12724415E-01  0.13511786E+00  0.69539746E+00 -0.33314674E+00  0.62037542E-02
 0.19200001E+00  0.13547004E-01  0.13928455E+00  0.69339863E+00 -0.33312892E+00  0.65978158E-02
 0.19800001E+00  0.14394558E-01  0.14343925E+00  0.69139991E+00 -0.33310999E+00  0.70032072E-02
 0.20400001E+00  0.15267006E-01  0.14758195E+00  0.68940131E+00 -0.33308992E+00  0.74198567E-02
 0.21000001E+00  0.16164276E-01  0.15171266E+00  0.68740283E+00 -0.33306867E+00  0.78476922E-02
 0.21600001E+00  0.17086297E-01  0.15583139E+00  0.68540448E+00 -0.33304621E+00  0.82866421E-02
 0.22200001E+00  0.18032995E-01  0.15993812E+00  0.68340627E+00 -0.33302251E+00  0.87366343E-02
 0.22800001E+00  0.19004300E-01  0.16403286E+00  0.68140820E+00 -0.33299753E+00  0.91975970E-02
 0.23400001E+00  0.20000139E-01  0.16811562E+00  0.67941029E+00 -0.33297125E+00  0.96694585E-02
 0.24000001E+00  0.21020440E-01  0.17218638E+00  0.67741254E+00 -0.33294362E+00  0.10152147E-01
 0.24600001E+00  0.22065132E-01  0.17624517E+00  0.67541496E+00 -0.33291463E+00  0.10645590E-01
 0.25200001E+00  0.23134143E-01  0.18029196E+00  0.67341756E+00 -0.33288423E+00  0.11149717E-01
 0.25800001E+00  0.24227400E-01  0.18432678E+00  0.67142035E+00 -0.33285239E+00  0.11664456E-01
 0.26400001E+00  0.25344831E-01  0.18834961E+00  0.66942332E+00 -0.33281909E+00  0.12189734E-01
 0.27000001E+00  0.26486366E-01  0.19236046E+00  0.66742651E+00 -0.33278429E+00  0.12725480E-01
 0.27600001E+00  0.27651932E-01  0.19635933E+00  0.66542991E+00 -0.33274795E+00  0.13271622E-01
 0.28200001E+00  0.28841456E-01  0.20034622E+00  0.66343352E+00 -0.33271006E+00  0.13828090E-01
 0.28800001E+00  0.30054868E-01  0.20432113E+00  0.66143738E+00 -0.33267057E+00  0.14394810E-01
 0.29400001E+00  0.31292095E-01  0.20828406E+00  0.65944147E+00 -0.33262945E+00  0.14971711E-01
 0.30000001E+00  0.32553066E-01  0.21223502E+00  0.65744581E+00 -0.33258668E+00  0.15558722E-01
 0.30600001E+00  0.33837708E-01  0.21617401E+00  0.65545042E+00 -0.33254223E+00  0.16155771E-01
 0.31200001E+00  0.35145950E-01  0.22010103E+00  0.65345530E+00 -0.33249605E+00  0.16762787E-01
 0.31800002E+00  0.36477720E-01  0.22401608E+00  0.65146046E+00 -0.33244813E+00  0.17379698E-01
 0.32400002E+00  0.37832947E-01  0.22791915E+00  0.64946591E+00 -0.33239843E+00  0.18006431E-01
 0.33000002E+00  0.39211557E-01  0.23181027E+00  0.64747166E+00 -0.33234691E+00  0.18642917E-01
 0.33600002E+00  0.40613480E-01  0.23568941E+00  0.64547773E+00 -0.33229356E+00  0.19289083E-01
 0.34200002E+00  0.42038644E-01  0.23955660E+00  0.64348413E+00 -0.33223835E+00  0.19944858E-01
 0.34800002E+00  0.43486977E-01  0.24341182E+00  0.64149086E+00 -0.33218123E+00  0.20610170E-01
 0.35400002E+00  0.44958408E-01  0.24725509E+00  0.63949794E+00 -0.33212218E+00  0.21284949E-01
 0.36000002E+00  0.46452863E-01  0.25108640E+00  0.63750538E+00 -0.33206117E+00  0.21969122E-01
 0.36600002E+00  0.47970273E-01  0.25490575E+00  0.63551319E+00 -0.33199818E+00  0.22662618E-01
 0.37200002E+00  0.49510565E-01  0.25871315E+00  0.63352138E+00 -0.33193317E+00  0.23365366E-01
 0.37800002E+00  0.51073667E-01  0.26250861E+00  0.63152998E+00 -0.33186611E+00  0.24077296E-01
 0.38400002E+00  0.52659507E-01  0.26629211E+00  0.62953898E+00 -0.33179698E+00  0.24798334E-01
 0.39000002E+00  0.54268015E-01  0.27006367E+00  0.62754840E+00 -0.33172574E+00  0.25528411E-01
 0.39600002E+00  0.55899118E-01  0.27382329E+00  0.62555825E+00 -0.33165237E+00  0.26267455E-01
 0.40200002E+00  0.57552745E-01  0.27757097E+00  0.62356855E+00 -0.33157684E+00  0.27015395E-01
 0.40800002E+00  0.59228823E-01  0.28130671E+00  0.62157931E+00 -0.33149912E+00  0.27772160E-01
 0.41400002E+00  0.60927282E-01  0.28503052E+00  0.61959054E+00 -0.33141918E+00  0.28537679E-01
 0.42000002E+00  0.62648050E-01  0.28874240E+00  0.61760226E+00 -0.33133699E+00  0.29311881E-01
 0.42600002E+00  0.64391056E-01  0.29244234E+00  0.61561448E+00 -0.33125254E+00  0.30094694E-01
 0.43200002E+00  0.66156227E-01  0.29613037E+00  0.61362721E+00 -0.33116578E+00  0.30886049E-01
 0.43800002E+00  0.67943492E-01  0.29980647E+00  0.61164046E+00 -0.33107669E+00  0.31685874E-01
 0.44400002E+00  0.69752780E-01  0.30347065E+00  0.60965426E+00 -0.33098524E+00  0.32494098E-01
 0.45000002E+00  0.71584018E-01  0.30712292E+00  0.60766862E+00 -0.33089141E+00  0.33310650E-01
 0.45600002E+00  0.73437137E-01  0.31076327E+00  0.60568354E+00 -0.33079517E+00  0.34135460E-01
 0.46200002E+00  0.75312064E-01  0.31439172E+00  0.60369905E+00 -0.33069650E+00  0.34968458E-01
 0.46800002E+00  0.77208727E-01  0.31800826E+00  0.60171516E+00 -0.33059536E+00  0.35809572E-01
 0.47400002E+00  0.79127056E-01  0.32161289E+00  0.59973188E+00 -0.33049173E+00  0.36658732E-01
 0.48000002E+00  0.81066979E-01  0.32520563E+00  0.59774923E+00 -0.33038558E+00  0.37515867E-01
 0.48600002E+00  0.83028424E-01  0.32878648E+00  0.59576723E+00 -0.33027689E+00  0.38380907E-01
 0.49200002E+00  0.85011320E-01  0.33235544E+00  0.59378588E+00 -0.33016564E+00  0.39253781E-01
 0.49800002E+00  0.87015597E-01  0.33591251E+00  0.59180521E+00 -0.33005178E+00  0.40134420E-01
 0.50400002E+00  0.89041181E-01  0.33945770E+00  0.58982523E+00 -0.32993531E+00  0.41022753E-01
 0.51000002E+00  0.91088004E-01  0.34299101E+00  0.58784596E+00 -0.32981620E+00  0.41918709E-01
 0.51600002E+00  0.93155992E-01  0.34651244E+00  0.58586740E+00 -0.32969442E+00  0.42822219E-01
 0.52200002E+00  0.95245075E-01  0.35002201E+00  0.58388959E+00 -0.32956994E+00  0.43733212E-01
 0.52800003E+00  0.97355181E-01  0.35351971E+00  0.58191253E+00 -0.32944274E+00  0.44651618E-01
 0.53400003E+00  0.99486240E-01  0.35700556E+00  0.57993625E+00 -0.32931280E+00  0.45577368E-01
 0.54000003E+00  0.10163818E+00  0.36047954E+00  0.57796075E+00 -0.32918009E+00  0.46510391E-01
 0.54600003E+00  0.10381093E+00  0.36394168E+00  0.57598605E+00 -0.32904458E+00  0.47450618E-01
 0.55200003E+00  0.10600442E+00  0.36739197E+00  0.57401217E+00 -0.32890627E+00  0.48397978E-01
 0.55800003E+00  0.10821858E+00  0.37083042E+00  0.57203914E+00 -0.32876511E+00  0.49352403E-01
 0.56400003E+00  0.11045333E+00  0.37425703E+00  0.57006696E+00 -0.32862109E+00  0.50313822E-01
 0.57000003E+00  0.11270861E+00  0.37767182E+00  0.56809565E+00 -0.32847418E+00  0.51282167E-01
 0.57600003E+00  0.11498435E+00  0.38107477E+00  0.56612523E+00 -0.32832437E+00  0.52257366E-01
 0.58200003E+00  0.11728047E+00  0.38446591E+00  0.56415571E+00 -0.32817162E+00  0.53239352E-01
 0.58800003E+00  0.11959690E+00  0.38784524E+00  0.56218713E+00 -0.32801592E+00  0.54228055E-01
 0.59400003E+00  0.12193357E+00  0.39121275E+00  0.56021948E+00 -0.32785724E+00  0.55223405E-01
 0.60000003E+00  0.12429042E+00  0.39456846E+00  0.55825280E+00 -0.32769556E+00  0.56225334E-01
 0.60600003E+00  0.12666737E+00  0.39791238E+00  0.55628709E+00 -0.32753086E+00  0.57233772E-01
 0.61200003E+00  0.12906434E+00  0.40124450E+00  0.55432238E+00 -0.32736312E+00  0.58248650E-01
 0.61800003E+00  0.13148128E+00  0.40456484E+00  0.55235869E+00 -0.32719232E+00  0.59269900E-01
 0.62400003E+00  0.13391810E+00  0.40787339E+00  0.55039603E+00 -0.32701843E+00  0.60297453E-01
 0.63000003E+00  0.13637475E+00  0.41117018E+00  0.54843442E+00 -0.32684143E+00  0.61331239E-01
 0.63600003E+00  0.13885114E+00  0.41445520E+00  0.54647389E+00 -0.32666131E+00  0.62371191E-01
 0.64200003E+00  0.14134720E+00  0.41772846E+00  0.54451444E+00 -0.32647804E+00  0.63417240E-01
 0.64800003E+00  0.14386287E+00  0.42098996E+00  0.54255610E+00 -0.32629160E+00  0.64469317E-01
 0.65400003E+00  0.14639808E+00  0.42423972E+00  0.54059889E+00 -0.32610198E+00  0.65527354E-01
 0.66000003E+00  0.14895275E+00  0.42747774E+00  0.53864283E+00 -0.32590915E+00  0.66591283E-01
 0.66600003E+00  0.15152682E+00  0.43070402E+00  0.53668793E+00 -0.32571309E+00  0.67661036E-01
 0.67200003E+00  0.15412021E+00  0.43391858E+00  0.53473421E+00 -0.32551379E+00  0.68736544E-01
 0.67800003E+00  0.15673286E+00  0.43712142E+00  0.53278171E+00 -0.32531122E+00  0.69817740E-01
 0.68400003E+00  0.15936469E+00  0.44031255E+00  0.53083043E+00 -0.32510537E+00  0.70904555E-01
 0.69000003E+00  0.16201563E+00  0.44349198E+00  0.52888039E+00 -0.32489622E+00  0.71996923E-01
 0.69600003E+00  0.16468562E+00  0.44665970E+00  0.52693161E+00 -0.32468374E+00  0.73094776E-01
 0.70200003E+00  0.16737458E+00  0.44981574E+00  0.52498412E+00 -0.32446793E+00  0.74198045E-01
 0.70800003E+00  0.17008244E+00  0.45296010E+00  0.52303794E+00 -0.32424876E+00  0.75306664E-01
 0.71400003E+00  0.17280913E+00  0.45609278E+00  0.52109308E+00 -0.32402622E+00  0.76420566E-01
 0.72000003E+00  0.17555459E+00  0.45921380E+00  0.51914956E+00 -0.32380029E+00  0.77539682E-01
 0.72600003E+00  0.17831874E+00  0.46232316E+00  0.51720741E+00 -0.32357095E+00  0.78663947E-01
 0.73200003E+00  0.18110151E+00  0.46542088E+00  0.51526665E+00 -0.32333818E+00  0.79793292E-01
 0.73800004E+00  0.18390284E+00  0.46850695E+00  0.51332729E+00 -0.32310198E+00  0.80927653E-01
 0.74400004E+00  0.18672265E+00  0.47158139E+00  0.51138936E+00 -0.32286232E+00  0.82066960E-01
 0.75000004E+00  0.18956087E+00  0.47464421E+00  0.50945288E+00 -0.32261918E+00  0.83211149E-01
 0.75600004E+00  0.19241744E+00  0.47769541E+00  0.50751787E+00 -0.32237256E+00  0.84360153E-01
 0.76200004E+00  0.19529228E+00  0.48073500E+00  0.50558434E+00 -0.32212243E+00  0.85513905E-01
 0.76800004E+00  0.19818533E+00  0.48376300E+00  0.50365233E+00 -0.32186879E+00  0.86672339E-01
 0.77400004E+00  0.20109651E+00  0.48677941E+00  0.50172185E+00 -0.32161161E+00  0.87835389E-01
 0.78000004E+00  0.20402575E+00  0.48978425E+00  0.49979292E+00 -0.32135088E+00  0.89002989E-01
 0.78600004E+00  0.20697300E+00  0.49277751E+00  0.49786556E+00 -0.32108659E+00  0.90175073E-01
 0.79200004E+00  0.20993816E+00  0.49575922E+00  0.49593981E+00 -0.32081873E+00  0.91351576E-01
 0.79800004E+00  0.21292119E+00  0.49872937E+00  0.49401567E+00 -0.32054727E+00  0.92532433E-01
 0.80400004E+00  0.21592201E+00  0.50168798E+00  0.49209316E+00 -0.32027222E+00  0.93717577E-01
 0.81000004E+00  0.21894054E+00  0.50463507E+00  0.49017232E+00 -0.31999354E+00  0.94906943E-01
 0.81600004E+00  0.22197672E+00  0.50757063E+00  0.48825316E+00 -0.31971124E+00  0.96100467E-01
 0.82200004E+00  0.22503048E+00  0.51049469E+00  0.48633571E+00 -0.31942530E+00  0.97298084E-01
 0.82800004E+00  0.22810176E+00  0.51340724E+00  0.48441998E+00 -0.31913570E+00  0.98499728E-01
 0.83400004E+00  0.23119048E+00  0.51630830E+00  0.48250600E+00 -0.31884244E+00  0.99705335E-01
 0.84000004E+00  0.23429657E+00  0.51919789E+00  0.48059379E+00 -0.31854550E+00  0.10091484E+00
 0.84600004E+00  0.23741996E+00  0.52207601E+00  0.47868337E+00 -0.31824487E+00  0.10212818E+00
 0.85200004E+00  0.24056059E+00  0.52494267E+00  0.47677477E+00 -0.31794055E+00  0.10334529E+00
 0.85800004E+00  0.24371839E+00  0.52779788E+00  0.47486800E+00 -0.31763251E+00  0.10456610E+00
 0.86400004E+00  0.24689329E+00  0.53064166E+00  0.47296309E+00 -0.31732075E+00  0.10579056E+00
 0.87000004E+00  0.25008522E+00  0.53347401E+00  0.47106007E+00 -0.31700527E+00  0.10701860E+00
 0.87600004E+00  0.25329411E+00  0.53629495E+00  0.46915894E+00 -0.31668604E+00  0.10825015E+00
 0.88200004E+00  0.25651989E+00  0.53910449E+00  0.46725974E+00 -0.31636306E+00  0.10948515E+00
 0.88800004E+00  0.25976250E+00  0.54190264E+00  0.46536249E+00 -0.31603632E+00  0.11072354E+00
 0.89400004E+00  0.26302186E+00  0.54468942E+00  0.46346722E+00 -0.31570582E+00  0.11196525E+00
 0.90000004E+00  0.26629792E+00  0.54746482E+00  0.46157393E+00 -0.31537154E+00  0.11321022E+00
 0.90600004E+00  0.26959059E+00  0.55022888E+00  0.45968266E+00 -0.31503347E+00  0.11445840E+00
 0.91200004E+00  0.27289981E+00  0.55298159E+00  0.45779344E+00 -0.31469162E+00  0.11570971E+00
 0.91800004E+00  0.27622552E+00  0.55572297E+00  0.45590627E+00 -0.31434596E+00  0.11696409E+00
 0.92400004E+00  0.27956765E+00  0.55845303E+00  0.45402119E+00 -0.31399649E+00  0.11822149E+00
 0.93000004E+00  0.28292612E+00  0.56117179E+00  0.45213821E+00 -0.31364321E+00  0.11948184E+00
 0.93600004E+00  0.28630087E+00  0.56387926E+00  0.45025737E+00 -0.31328611E+00  0.12074507E+00
 0.94200004E+00  0.28969184E+00  0.56657545E+00  0.44837868E+00 -0.31292518E+00  0.12201113E+00
 0.94800005E+00  0.29309895E+00  0.56926037E+00  0.44650217E+00 -0.31256042E+00  0.12327996E+00
 0.95400005E+00  0.29652213E+00  0.57193404E+00  0.44462785E+00 -0.31219182E+00  0.12455148E+00
 0.96000005E+00  0.29996133E+00  0.57459647E+00  0.44275576E+00 -0.31181937E+00  0.12582565E+00
 0.96600005E+00  0.30341647E+00  0.57724768E+00  0.44088592E+00 -0.31144307E+00  0.12710240E+00
 0.97200005E+00  0.30688749E+00  0.57988767E+00  0.43901834E+00 -0.31106292E+00  0.12838168E+00
 0.97800005E+00  0.31037431E+00  0.58251646E+00  0.43715305E+00 -0.31067891E+00  0.12966341E+00
 0.98400005E+00  0.31387688E+00  0.58513407E+00  0.43529008E+00 -0.31029103E+00  0.13094754E+00
 0.99000005E+00  0.31739512E+00  0.58774051E+00  0.43342945E+00 -0.30989929E+00  0.13223401E+00
 0.99600005E+00  0.32092896E+00  0.59033579E+00  0.43157118E+00 -0.30950368E+00  0.13352275E+00
 0.10020000E+01  0.32447835E+00  0.59291992E+00  0.42971530E+00 -0.30910419E+00  0.13481372E+00
 0.10080000E+01  0.32804320E+00  0.59549293E+00  0.42786182E+00 -0.30870083E+00  0.13610685E+00
 0.10140000E+01  0.33162347E+00  0.59805483E+00  0.42601077E+00 -0.30829359E+00  0.13740208E+00
 0.10200000E+01  0.33521907E+00  0.60060562E+00  0.42416218E+00 -0.30788246E+00  0.13869934E+00
 0.10260000E+01  0.33882995E+00  0.60314533E+00  0.42231607E+00 -0.30746746E+00  0.13999859E+00
 0.10320000E+01  0.34245604E+00  0.60567397E+00  0.42047245E+00 -0.30704857E+00  0.14129977E+00
 0.10380000E+01  0.34609726E+00  0.60819156E+00  0.41863136E+00 -0.30662579E+00  0.14260280E+00
 0.10440000E+01  0.34975356E+00  0.61069811E+00  0.41679282E+00 -0.30619912E+00  0.14390765E+00
 0.10500000E+01  0.35342487E+00  0.61319363E+00  0.41495685E+00 -0.30576857E+00  0.14521424E+00
 0.10560001E+01  0.35711111E+00  0.61567814E+00  0.41312348E+00 -0.30533413E+00  0.14652252E+00
 0.10620001E+01  0.36081224E+00  0.61815167E+00  0.41129272E+00 -0.30489580E+00  0.14783243E+00
 0.10680001E+01  0.36452817E+00  0.62061421E+00  0.40946460E+00 -0.30445359E+00  0.14914392E+00
 0.10740001E+01  0.36825885E+00  0.62306579E+00  0.40763915E+00 -0.30400749E+00  0.15045692E+00
 0.10800001E+01  0.37200421E+00  0.62550643E+00  0.40581639E+00 -0.30355750E+00  0.15177139E+00
 0.10860001E+01  0.37576417E+00  0.62793614E+00  0.40399633E+00 -0.30310363E+00  0.15308725E+00
 0.10920001E+01  0.37953869E+00  0.63035494E+00  0.40217902E+00 -0.30264588E+00  0.15440447E+00
 0.10980001E+01  0.38332769E+00  0.63276284E+00  0.40036445E+00 -0.30218425E+00  0.15572297E+00
 0.11040001E+01  0.38713110E+00  0.63515986E+00  0.39855267E+00 -0.30171874E+00  0.15704271E+00
 0.11100001E+01  0.39094887E+00  0.63754602E+00  0.39674370E+00 -0.30124936E+00  0.15836363E+00
 0.11160001E+01  0.39478092E+00  0.63992134E+00  0.39493755E+00 -0.30077610E+00  0.15968566E+00
 0.11220001E+01  0.39862719E+00  0.64228582E+00  0.39313425E+00 -0.30029898E+00  0.16100877E+00
 0.11280001E+01  0.40248762E+00  0.64463949E+00  0.39133382E+00 -0.29981799E+00  0.16233288E+00
 0.11340001E+01  0.40636214E+00  0.64698237E+00  0.38953629E+00 -0.29933314E+00  0.16365795E+00
 0.11400001E+01  0.41025069E+00  0.64931447E+00  0.38774169E+00 -0.29884443E+00  0.16498392E+00
 0.11460001E+01  0.41415319E+00  0.65163582E+00  0.38595002E+00 -0.29835188E+00  0.16631074E+00
 0.11520001E+01  0.41806960E+00  0.65394642E+00  0.38416132E+00 -0.29785547E+00  0.16763835E+00
 0.11580001E+01  0.42199984E+00  0.65624630E+00  0.38237561E+00 -0.29735523E+00  0.16896670E+00
 0.11640001E+01  0.42594385E+00  0.65853547E+00  0.38059292E+00 -0.29685115E+00  0.17029574E+00
 0.11700001E+01  0.42990156E+00  0.66081395E+00  0.37881326E+00 -0.29634325E+00  0.17162540E+00
 0.11760001E+01  0.43387291E+00  0.66308177E+00  0.37703665E+00 -0.29583152E+00  0.17295564E+00
 0.11820001E+01  0.43785784E+00  0.66533893E+00  0.37526313E+00 -0.29531597E+00  0.17428641E+00
 0.11880001E+01  0.44185628E+00  0.66758546E+00  0.37349271E+00 -0.29479662E+00  0.17561764E+00
 0.11940001E+01  0.44586817E+00  0.66982138E+00  0.37172542E+00 -0.29427346E+00  0.17694930E+00
 0.12000001E+01  0.44989345E+00  0.67204670E+00  0.36996128E+00 -0.29374651E+00  0.17828132E+00
 0.12060001E+01  0.45393205E+00  0.67426145E+00  0.36820031E+00 -0.29321578E+00  0.17961365E+00
 0.12120001E+01  0.45798390E+00  0.67646564E+00  0.36644254E+00 -0.29268127E+00  0.18094625E+00
 0.12180001E+01  0.46204895E+00  0.67865929E+00  0.36468798E+00 -0.29214299E+00  0.18227905E+00
 0.12240001E+01  0.46612714E+00  0.68084243E+00  0.36293667E+00 -0.29160095E+00  0.18361202E+00
 0.12300001E+01  0.47021839E+00  0.68301507E+00  0.36118862E+00 -0.29105516E+00  0.18494509E+00
 0.12360001E+01  0.47432265E+00  0.68517722E+00  0.35944385E+00 -0.29050563E+00  0.18627822E+00
 0.12420001E+01  0.47843985E+00  0.68732892E+00  0.35770239E+00 -0.28995237E+00  0.18761136E+00
 0.12480001E+01  0.48256993E+00  0.68947018E+00  0.35596426E+00 -0.28939539E+00  0.18894445E+00
 0.12540001E+01  0.48671283E+00  0.69160102E+00  0.35422949E+00 -0.28883470E+00  0.19027745E+00
 0.12600001E+01  0.49086848E+00  0.69372146E+00  0.35249809E+00 -0.28827031E+00  0.19161030E+00
 0.12660001E+01  0.49503683E+00  0.69583152E+00  0.35077008E+00 -0.28770224E+00  0.19294296E+00
 0.12720001E+01  0.49921781E+00  0.69793123E+00  0.34904549E+00 -0.28713049E+00  0.19427538E+00
 0.12780001E+01  0.50341136E+00  0.70002059E+00  0.34732435E+00 -0.28655507E+00  0.19560750E+00
 0.12840001E+01  0.50761741E+00  0.70209964E+00  0.34560667E+00 -0.28597601E+00  0.19693929E+00
 0.12900001E+01  0.51183591E+00  0.70416840E+00  0.34389247E+00 -0.28539330E+00  0.19827068E+00
 0.12960001E+01  0.51606679E+00  0.70622687E+00  0.34218178E+00 -0.28480697E+00  0.19960164E+00
 0.13020001E+01  0.52031000E+00  0.70827510E+00  0.34047462E+00 -0.28421703E+00  0.20093211E+00
 0.13080001E+01  0.52456546E+00  0.71031309E+00  0.33877100E+00 -0.28362348E+00  0.20226205E+00
 0.13140001E+01  0.52883312E+00  0.71234087E+00  0.33707096E+00 -0.28302636E+00  0.20359141E+00
 0.13200001E+01  0.53311292E+00  0.71435846E+00  0.33537452E+00 -0.28242566E+00  0.20492014E+00
 0.13260001E+01  0.53740480E+00  0.71636588E+00  0.33368168E+00 -0.28182140E+00  0.20624820E+00
 0.13320001E+01  0.54170869E+00  0.71836315E+00  0.33199248E+00 -0.28121360E+00  0.20757553E+00
 0.13380001E+01  0.54602454E+00  0.72035030E+00  0.33030694E+00 -0.28060228E+00  0.20890210E+00
 0.13440001E+01  0.55035228E+00  0.72232735E+00  0.32862508E+00 -0.27998744E+00  0.21022786E+00
 0.13500001E+01  0.55469186E+00  0.72429431E+00  0.32694692E+00 -0.27936911E+00  0.21155276E+00
 0.13560001E+01  0.55904321E+00  0.72625122E+00  0.32527247E+00 -0.27874730E+00  0.21287675E+00
 0.13620001E+01  0.56340627E+00  0.72819809E+00  0.32360177E+00 -0.27812202E+00  0.21419979E+00
 0.13680001E+01  0.56778098E+00  0.73013495E+00  0.32193483E+00 -0.27749330E+00  0.21552184E+00
 0.13740001E+01  0.57216729E+00  0.73206182E+00  0.32027167E+00 -0.27686115E+00  0.21684285E+00
 0.13800001E+01  0.57656513E+00  0.73397872E+00  0.31861231E+00 -0.27622558E+00  0.21816277E+00
 0.13860001E+01  0.58097444E+00  0.73588567E+00  0.31695677E+00 -0.27558662E+00  0.21948157E+00
 0.13920001E+01  0.58539517E+00  0.73778270E+00  0.31530508E+00 -0.27494428E+00  0.22079920E+00
 0.13980001E+01  0.58982724E+00  0.73966983E+00  0.31365726E+00 -0.27429858E+00  0.22211562E+00
 0.14040001E+01  0.59427062E+00  0.74154709E+00  0.31201331E+00 -0.27364953E+00  0.22343077E+00
 0.14100001E+01  0.59872523E+00  0.74341449E+00  0.31037327E+00 -0.27299717E+00  0.22474463E+00
 0.14160001E+01  0.60319102E+00  0.74527207E+00  0.30873716E+00 -0.27234150E+00  0.22605714E+00
 0.14220001E+01  0.60766792E+00  0.74711984E+00  0.30710498E+00 -0.27168255E+00  0.22736827E+00
 0.14280001E+01  0.61215588E+00  0.74895783E+00  0.30547677E+00 -0.27102033E+00  0.22867797E+00
 0.14340001E+01  0.61665484E+00  0.75078606E+00  0.30385255E+00 -0.27035486E+00  0.22998621E+00
 0.14400001E+01  0.62116475E+00  0.75260455E+00  0.30223232E+00 -0.26968617E+00  0.23129293E+00
 0.14460001E+01  0.62568554E+00  0.75441334E+00  0.30061612E+00 -0.26901428E+00  0.23259810E+00
 0.14520001E+01  0.63021715E+00  0.75621244E+00  0.29900396E+00 -0.26833920E+00  0.23390168E+00
 0.14580001E+01  0.63475953E+00  0.75800188E+00  0.29739585E+00 -0.26766095E+00  0.23520363E+00
 0.14640001E+01  0.63931262E+00  0.75978168E+00  0.29579183E+00 -0.26697956E+00  0.23650391E+00
 0.14700001E+01  0.64387636E+00  0.76155187E+00  0.29419190E+00 -0.26629506E+00  0.23780247E+00
 0.14760001E+01  0.64845069E+00  0.76331247E+00  0.29259609E+00 -0.26560745E+00  0.23909928E+00
 0.14820001E+01  0.65303556E+00  0.76506351E+00  0.29100441E+00 -0.26491676E+00  0.24039431E+00
 0.14880001E+01  0.65763091E+00  0.76680501E+00  0.28941688E+00 -0.26422302E+00  0.24168750E+00
 0.14940001E+01  0.66223668E+00  0.76853699E+00  0.28783353E+00 -0.26352624E+00  0.24297882E+00
 0.15000001E+01  0.66685282E+00  0.77025949E+00  0.28625436E+00 -0.26282646E+00  0.24426824E+00
 0.15060001E+01  0.67147926E+00  0.77197253E+00  0.28467941E+00 -0.26212368E+00  0.24555571E+00
 0.15120001E+01  0.67611596E+00  0.77367612E+00  0.28310867E+00 -0.26141795E+00  0.24684120E+00
 0.15180001E+01  0.68076285E+00  0.77537031E+00  0.28154219E+00 -0.26070927E+00  0.24812467E+00
 0.15240001E+01  0.68541987E+00  0.77705511E+00  0.27997996E+00 -0.25999767E+00  0.24940608E+00
 0.15300001E+01  0.69008699E+00  0.77873055E+00  0.27842200E+00 -0.25928318E+00  0.25068540E+00
 0.15360001E+01  0.69476412E+00  0.78039665E+00  0.27686835E+00 -0.25856582E+00  0.25196259E+00
 0.15420001E+01  0.69945123E+00  0.78205344E+00  0.27531901E+00 -0.25784562E+00  0.25323762E+00
 0.15480001E+01  0.70414825E+00  0.78370095E+00  0.27377399E+00 -0.25712259E+00  0.25451044E+00
 0.15540001E+01  0.70885513E+00  0.78533920E+00  0.27223332E+00 -0.25639677E+00  0.25578102E+00
 0.15600001E+01  0.71357181E+00  0.78696822E+00  0.27069702E+00 -0.25566818E+00  0.25704934E+00
 0.15660001E+01  0.71829824E+00  0.78858803E+00  0.26916509E+00 -0.25493684E+00  0.25831534E+00
 0.15720001E+01  0.72303437E+00  0.79019867E+00  0.26763756E+00 -0.25420279E+00  0.25957900E+00
 0.15780001E+01  0.72778013E+00  0.79180015E+00  0.26611444E+00 -0.25346604E+00  0.26084029E+00
 0.15840001E+01  0.73253547E+00  0.79339251E+00  0.26459575E+00 -0.25272662E+00  0.26209916E+00
 0.15900001E+01  0.73730034E+00  0.79497576E+00  0.26308150E+00 -0.25198457E+00  0.26335559E+00
 0.15960001E+01  0.74207469E+00  0.79654995E+00  0.26157172E+00 -0.25123989E+00  0.26460954E+00
 0.16020001E+01  0.74685845E+00  0.79811509E+00  0.26006641E+00 -0.25049263E+00  0.26586099E+00
 0.16080001E+01  0.75165158E+00  0.79967121E+00  0.25856559E+00 -0.24974281E+00  0.26710989E+00
 0.16140001E+01  0.75645402E+00  0.80121833E+00  0.25706927E+00 -0.24899045E+00  0.26835621E+00
 0.16200001E+01  0.76126572E+00  0.80275649E+00  0.25557748E+00 -0.24823559E+00  0.26959993E+00
 0.16260001E+01  0.76608662E+00  0.80428572E+00  0.25409022E+00 -0.24747824E+00  0.27084101E+00
 0.16320001E+01  0.77091668E+00  0.80580603E+00  0.25260752E+00 -0.24671845E+00  0.27207941E+00
 0.16380001E+01  0.77575583E+00  0.80731746E+00  0.25112938E+00 -0.24595622E+00  0.27331512E+00
 0.16440001E+01  0.78060402E+00  0.80882004E+00  0.24965582E+00 -0.24519161E+00  0.27454809E+00
 0.16500001E+01  0.78546120E+00  0.81031378E+00  0.24818685E+00 -0.24442462E+00  0.27577830E+00
 0.16560001E+01  0.79032732E+00  0.81179873E+00  0.24672250E+00 -0.24365530E+00  0.27700572E+00
 0.16620001E+01  0.79520232E+00  0.81327490E+00  0.24526276E+00 -0.24288366E+00  0.27823031E+00
 0.16680001E+01  0.80008616E+00  0.81474233E+00  0.24380767E+00 -0.24210974E+00  0.27945205E+00
 0.16740001E+01  0.80497877E+00  0.81620104E+00  0.24235722E+00 -0.24133357E+00  0.28067091E+00
 0.16800001E+01  0.80988012E+00  0.81765106E+00  0.24091144E+00 -0.24055517E+00  0.28188686E+00
 0.16860001E+01  0.81479014E+00  0.81909242E+00  0.23947033E+00 -0.23977458E+00  0.28309987E+00
 0.16920001E+01  0.81970878E+00  0.82052514E+00  0.23803391E+00 -0.23899182E+00  0.28430991E+00
 0.16980001E+01  0.82463599E+00  0.82194926E+00  0.23660220E+00 -0.23820693E+00  0.28551696E+00
 0.17040001E+01  0.82957173E+00  0.82336481E+00  0.23517520E+00 -0.23741993E+00  0.28672099E+00
 0.17100001E+01  0.83451593E+00  0.82477180E+00  0.23375292E+00 -0.23663085E+00  0.28792196E+00
 0.17160001E+01  0.83946855E+00  0.82617028E+00  0.23233539E+00 -0.23583973E+00  0.28911986E+00
 0.17220001E+01  0.84442954E+00  0.82756026E+00  0.23092261E+00 -0.23504659E+00  0.29031465E+00
 0.17280001E+01  0.84939884E+00  0.82894178E+00  0.22951460E+00 -0.23425146E+00  0.29150631E+00
 0.17340001E+01  0.85437641E+00  0.83031487E+00  0.22811136E+00 -0.23345438E+00  0.29269482E+00
 0.17400001E+01  0.85936219E+00  0.83167955E+00  0.22671291E+00 -0.23265538E+00  0.29388015E+00
 0.17460001E+01  0.86435614E+00  0.83303585E+00  0.22531926E+00 -0.23185448E+00  0.29506226E+00
 0.17520001E+01  0.86935820E+00  0.83438381E+00  0.22393042E+00 -0.23105172E+00  0.29624115E+00
 0.17580001E+01  0.87436833E+00  0.83572344E+00  0.22254640E+00 -0.23024713E+00  0.29741678E+00
 0.17640001E+01  0.87938647E+00  0.83705479E+00  0.22116722E+00 -0.22944073E+00  0.29858912E+00
 0.17700001E+01  0.88441257E+00  0.83837787E+00  0.21979287E+00 -0.22863257E+00  0.29975817E+00
 0.17760001E+01  0.88944659E+00  0.83969272E+00  0.21842339E+00 -0.22782267E+00  0.30092388E+00
 0.17820001E+01  0.89448847E+00  0.84099937E+00  0.21705876E+00 -0.22701106E+00  0.30208624E+00
 0.17880001E+01  0.89953818E+00  0.84229785E+00  0.21569901E+00 -0.22619778E+00  0.30324522E+00
 0.17940001E+01  0.90459564E+00  0.84358818E+00  0.21434415E+00 -0.22538285E+00  0.30440081E+00
 0.18000001E+01  0.90966083E+00  0.84487039E+00  0.21299418E+00 -0.22456631E+00  0.30555297E+00
 0.18060001E+01  0.91473369E+00  0.84614452E+00  0.21164911E+00 -0.22374820E+00  0.30670170E+00
 0.18120001E+01  0.91981417E+00  0.84741060E+00  0.21030896E+00 -0.22292853E+00  0.30784695E+00
 0.18180001E+01  0.92490222E+00  0.84866864E+00  0.20897372E+00 -0.22210735E+00  0.30898872E+00
 0.18240001E+01  0.92999780E+00  0.84991869E+00  0.20764342E+00 -0.22128469E+00  0.31012698E+00
 0.18300001E+01  0.93510086E+00  0.85116077E+00  0.20631806E+00 -0.22046058E+00  0.31126171E+00
 0.18360001E+01  0.94021134E+00  0.85239491E+00  0.20499765E+00 -0.21963505E+00  0.31239290E+00
 0.18420001E+01  0.94532921E+00  0.85362115E+00  0.20368220E+00 -0.21880813E+00  0.31352051E+00
 0.18480001E+01  0.95045442E+00  0.85483950E+00  0.20237171E+00 -0.21797986E+00  0.31464453E+00
 0.18540001E+01  0.95558691E+00  0.85605001E+00  0.20106619E+00 -0.21715027E+00  0.31576494E+00
 0.18600001E+01  0.96072664E+00  0.85725270E+00  0.19976566E+00 -0.21631940E+00  0.31688173E+00
 0.18660001E+01  0.96587356E+00  0.85844760E+00  0.19847011E+00 -0.21548726E+00  0.31799487E+00
 0.18720001E+01  0.97102764E+00  0.85963474E+00  0.19717956E+00 -0.21465391E+00  0.31910433E+00
 0.18780001E+01  0.97618881E+00  0.86081415E+00  0.19589402E+00 -0.21381937E+00  0.32021012E+00
 0.18840001E+01  0.98135704E+00  0.86198586E+00  0.19461348E+00 -0.21298367E+00  0.32131220E+00
 0.18900001E+01  0.98653228E+00  0.86314991E+00  0.19333797E+00 -0.21214684E+00  0.32241056E+00
 0.18960001E+01  0.99171448E+00  0.86430631E+00  0.19206747E+00 -0.21130893E+00  0.32350518E+00
 0.19020001E+01  0.99690359E+00  0.86545511E+00  0.19080201E+00 -0.21046996E+00  0.32459605E+00
 0.19080001E+01  0.10020996E+01  0.86659632E+00  0.18954158E+00 -0.20962996E+00  0.32568314E+00
 0.19140001E+01  0.10073024E+01  0.86772999E+00  0.18828620E+00 -0.20878898E+00  0.32676645E+00
 0.19200001E+01  0.10125120E+01  0.86885614E+00  0.18703586E+00 -0.20794704E+00  0.32784594E+00
 0.19260001E+01  0.10177283E+01  0.86997481E+00  0.18579058E+00 -0.20710417E+00  0.32892162E+00
 0.19320001E+01  0.10229513E+01  0.87108601E+00  0.18455036E+00 -0.20626041E+00  0.32999346E+00
 0.19380001E+01  0.10281810E+01  0.87218979E+00  0.18331521E+00 -0.20541580E+00  0.33106145E+00
 0.19440001E+01  0.10334173E+01  0.87328618E+00  0.18208512E+00 -0.20457036E+00  0.33212557E+00
 0.19500001E+01  0.10386601E+01  0.87437519E+00  0.18086011E+00 -0.20372413E+00  0.33318581E+00
 0.19560001E+01  0.10439094E+01  0.87545687E+00  0.17964018E+00 -0.20287714E+00  0.33424215E+00
 0.19620001E+01  0.10491652E+01  0.87653125E+00  0.17842533E+00 -0.20202943E+00  0.33529458E+00
 0.19680001E+01  0.10544275E+01  0.87759835E+00  0.17721557E+00 -0.20118102E+00  0.33634308E+00
 0.19740001E+01  0.10596961E+01  0.87865821E+00  0.17601091E+00 -0.20033196E+00  0.33738765E+00
 0.19800001E+01  0.10649710E+01  0.87971085E+00  0.17481134E+00 -0.19948228E+00  0.33842827E+00
 0.19860001E+01  0.10702523E+01  0.88075632E+00  0.17361687E+00 -0.19863200E+00  0.33946492E+00
 0.19920001E+01  0.10755398E+01  0.88179462E+00  0.17242750E+00 -0.19778117E+00  0.34049759E+00
 0.19980001E+01  0.10808335E+01  0.88282581E+00  0.17124324E+00 -0.19692981E+00  0.34152628E+00
 0.20040001E+01  0.10861334E+01  0.88384991E+00  0.17006409E+00 -0.19607797E+00  0.34255096E+00
 0.20100001E+01  0.10914394E+01  0.88486694E+00  0.16889005E+00 -0.19522566E+00  0.34357163E+00
 0.20160001E+01  0.10967515E+01  0.88587695E+00  0.16772112E+00 -0.19437293E+00  0.34458828E+00
 0.20220001E+01  0.11020696E+01  0.88687996E+00  0.16655732E+00 -0.19351981E+00  0.34560089E+00
 0.20280001E+01  0.11073937E+01  0.88787600E+00  0.16539863E+00 -0.19266634E+00  0.34660945E+00
 0.20340001E+01  0.11127238E+01  0.88886510E+00  0.16424506E+00 -0.19181254E+00  0.34761396E+00
 0.20400001E+01  0.11180598E+01  0.88984729E+00  0.16309662E+00 -0.19095845E+00  0.34861439E+00
 0.20460001E+01  0.11234016E+01  0.89082261E+00  0.16195331E+00 -0.19010410E+00  0.34961075E+00
 0.20520001E+01  0.11287493E+01  0.89179109E+00  0.16081512E+00 -0.18924953E+00  0.35060302E+00
 0.20580001E+01  0.11341028E+01  0.89275274E+00  0.15968206E+00 -0.18839476E+00  0.35159120E+00
 0.20640001E+01  0.11394621E+01  0.89370762E+00  0.15855412E+00 -0.18753984E+00  0.35257527E+00
 0.20700001E+01  0.11448270E+01  0.89465574E+00  0.15743132E+00 -0.18668479E+00  0.35355522E+00
 0.20760001E+01  0.11501976E+01  0.89559714E+00  0.15631365E+00 -0.18582965E+00  0.35453105E+00
 0.20820001E+01  0.11555739E+01  0.89653185E+00  0.15520111E+00 -0.18497445E+00  0.35550275E+00
 0.20880001E+01  0.11609557E+01  0.89745990E+00  0.15409370E+00 -0.18411922E+00  0.35647031E+00
 0.20940001E+01  0.11663431E+01  0.89838132E+00  0.15299142E+00 -0.18326400E+00  0.35743372E+00
 0.21000001E+01  0.11717360E+01  0.89929614E+00  0.15189428E+00 -0.18240882E+00  0.35839297E+00
 0.21060001E+01  0.11771344E+01  0.90020439E+00  0.15080226E+00 -0.18155371E+00  0.35934807E+00
 0.21120001E+01  0.11825382E+01  0.90110610E+00  0.14971537E+00 -0.18069870E+00  0.36029899E+00
 0.21180001E+01  0.11879474E+01  0.90200131E+00  0.14863362E+00 -0.17984383E+00  0.36124574E+00
 0.21240001E+01  0.11933619E+01  0.90289004E+00  0.14755699E+00 -0.17898912E+00  0.36218830E+00
 0.21300001E+01  0.11987818E+01  0.90377232E+00  0.14648549E+00 -0.17813462E+00  0.36312668E+00
 0.21360001E+01  0.12042069E+01  0.90464819E+00  0.14541912E+00 -0.17728035E+00  0.36406086E+00
 0.21420001E+01  0.12096373E+01  0.90551768E+00  0.14435787E+00 -0.17642635E+00  0.36499084E+00
 0.21480001E+01  0.12150729E+01  0.90638082E+00  0.14330175E+00 -0.17557265E+00  0.36591661E+00
 0.21540001E+01  0.12205136E+01  0.90723763E+00  0.14225074E+00 -0.17471927E+00  0.36683818E+00
 0.21600001E+01  0.12259594E+01  0.90808815E+00  0.14120486E+00 -0.17386626E+00  0.36775553E+00
 0.21660001E+01  0.12314104E+01  0.90893241E+00  0.14016409E+00 -0.17301364E+00  0.36866866E+00
 0.21720001E+01  0.12368664E+01  0.90977044E+00  0.13912844E+00 -0.17216144E+00  0.36957756E+00
 0.21780001E+01  0.12423274E+01  0.91060227E+00  0.13809790E+00 -0.17130970E+00  0.37048224E+00
 0.21840001E+01  0.12477933E+01  0.91142794E+00  0.13707247E+00 -0.17045845E+00  0.37138268E+00
 0.21900001E+01  0.12532642E+01  0.91224746E+00  0.13605214E+00 -0.16960771E+00  0.37227889E+00
 0.21960001E+01  0.12587401E+01  0.91306088E+00  0.13503692E+00 -0.16875753E+00  0.37317086E+00
 0.22020001E+01  0.12642207E+01  0.91386822E+00  0.13402679E+00 -0.16790793E+00  0.37405859E+00
 0.22080001E+01  0.12697062E+01  0.91466951E+00  0.13302176E+00 -0.16705894E+00  0.37494208E+00
 0.22140001E+01  0.12751965E+01  0.91546479E+00  0.13202183E+00 -0.16621059E+00  0.37582132E+00
 0.22200001E+01  0.12806915E+01  0.91625408E+00  0.13102698E+00 -0.16536292E+00  0.37669631E+00
 0.22260001E+01  0.12861913E+01  0.91703742E+00  0.13003722E+00 -0.16451595E+00  0.37756704E+00
 0.22320001E+01  0.12916957E+01  0.91781484E+00  0.12905254E+00 -0.16366972E+00  0.37843353E+00
 0.22380001E+01  0.12972048E+01  0.91858636E+00  0.12807293E+00 -0.16282425E+00  0.37929576E+00
 0.22440001E+01  0.13027185E+01  0.91935201E+00  0.12709839E+00 -0.16197958E+00  0.38015374E+00
 0.22500001E+01  0.13082368E+01  0.92011184E+00  0.12612892E+00 -0.16113573E+00  0.38100746E+00
 0.22560001E+01  0.13137596E+01  0.92086586E+00  0.12516451E+00 -0.16029274E+00  0.38185692E+00
 0.22620001E+01  0.13192870E+01  0.92161411E+00  0.12420515E+00 -0.15945063E+00  0.38270212E+00
 0.22680001E+01  0.13248188E+01  0.92235662E+00  0.12325084E+00 -0.15860944E+00  0.38354307E+00
 0.22740001E+01  0.13303550E+01  0.92309342E+00  0.12230158E+00 -0.15776920E+00  0.38437975E+00
 0.22800001E+01  0.13358957E+01  0.92382453E+00  0.12135736E+00 -0.15692992E+00  0.38521218E+00
 0.22860001E+01  0.13414407E+01  0.92455000E+00  0.12041817E+00 -0.15609165E+00  0.38604035E+00
 0.22920001E+01  0.13469900E+01  0.92526984E+00  0.11948401E+00 -0.15525442E+00  0.38686427E+00
 0.22980001E+01  0.13525437E+01  0.92598410E+00  0.11855486E+00 -0.15441824E+00  0.38768393E+00
 0.23040001E+01  0.13581016E+01  0.92669279E+00  0.11763073E+00 -0.15358315E+00  0.38849933E+00
 0.23100001E+01  0.13636638E+01  0.92739595E+00  0.11671161E+00 -0.15274918E+00  0.38931048E+00
 0.23160001E+01  0.13692302E+01  0.92809361E+00  0.11579749E+00 -0.15191636E+00  0.39011737E+00
 0.23220001E+01  0.13748007E+01  0.92878580E+00  0.11488836E+00 -0.15108471E+00  0.39092002E+00
 0.23280001E+01  0.13803754E+01  0.92947256E+00  0.11398422E+00 -0.15025427E+00  0.39171842E+00
 0.23340001E+01  0.13859542E+01  0.93015390E+00  0.11308506E+00 -0.14942505E+00  0.39251257E+00
 0.23400001E+01  0.13915370E+01  0.93082986E+00  0.11219087E+00 -0.14859709E+00  0.39330248E+00
 0.23460001E+01  0.13971239E+01  0.93150046E+00  0.11130165E+00 -0.14777042E+00  0.39408815E+00
 0.23520001E+01  0.14027148E+01  0.93216575E+00  0.11041738E+00 -0.14694506E+00  0.39486957E+00
 0.23580001E+01  0.14083097E+01  0.93282575E+00  0.10953805E+00 -0.14612104E+00  0.39564677E+00
 0.23640001E+01  0.14139085E+01  0.93348048E+00  0.10866367E+00 -0.14529839E+00  0.39641973E+00
 0.23700001E+01  0.14195112E+01  0.93412998E+00  0.10779422E+00 -0.14447713E+00  0.39718846E+00
 0.23760001E+01  0.14251179E+01  0.93477428E+00  0.10692970E+00 -0.14365730E+00  0.39795297E+00
 0.23820001E+01  0.14307283E+01  0.93541341E+00  0.10607009E+00 -0.14283891E+00  0.39871326E+00
 0.23880001E+01  0.14363426E+01  0.93604739E+00  0.10521538E+00 -0.14202199E+00  0.39946933E+00
 0.23940001E+01  0.14419607E+01  0.93667626E+00  0.10436558E+00 -0.14120657E+00  0.40022118E+00
 0.24000001E+01  0.14475825E+01  0.93730004E+00  0.10352066E+00 -0.14039267E+00  0.40096883E+00
 0.24060001E+01  0.14532081E+01  0.93791877E+00  0.10268062E+00 -0.13958033E+00  0.40171228E+00
 0.24120001E+01  0.14588374E+01  0.93853247E+00  0.10184545E+00 -0.13876956E+00  0.40245153E+00
 0.24180001E+01  0.14644703E+01  0.93914117E+00  0.10101514E+00 -0.13796040E+00  0.40318658E+00
 0.24240001E+01  0.14701069E+01  0.93974491E+00  0.10018968E+00 -0.13715286E+00  0.40391745E+00
 0.24300001E+01  0.14757470E+01  0.94034371E+00  0.99369056E-01 -0.13634697E+00  0.40464413E+00
 0.24360001E+01  0.14813908E+01  0.94093759E+00  0.98553267E-01 -0.13554275E+00  0.40536664E+00
 0.24420001E+01  0.14870381E+01  0.94152660E+00  0.97742299E-01 -0.13474024E+00  0.40608498E+00
 0.24480001E+01  0.14926889E+01  0.94211075E+00  0.96936140E-01 -0.13393945E+00  0.40679915E+00
 0.24540001E+01  0.14983433E+01  0.94269008E+00  0.96134782E-01 -0.13314040E+00  0.40750916E+00
 0.24600001E+01  0.15040010E+01  0.94326462E+00  0.95338212E-01 -0.13234313E+00  0.40821502E+00
 0.24660001E+01  0.15096623E+01  0.94383439E+00  0.94546421E-01 -0.13154766E+00  0.40891673E+00
 0.24720001E+01  0.15153269E+01  0.94439942E+00  0.93759398E-01 -0.13075400E+00  0.40961431E+00
 0.24780001E+01  0.15209949E+01  0.94495975E+00  0.92977132E-01 -0.12996219E+00  0.41030775E+00
 0.24840001E+01  0.15266662E+01  0.94551539E+00  0.92199611E-01 -0.12917224E+00  0.41099707E+00
 0.24900001E+01  0.15323409E+01  0.94606638E+00  0.91426824E-01 -0.12838417E+00  0.41168227E+00
 0.24960001E+01  0.15380188E+01  0.94661275E+00  0.90658761E-01 -0.12759802E+00  0.41236336E+00
 0.25020001E+01  0.15437001E+01  0.94715453E+00  0.89895409E-01 -0.12681380E+00  0.41304034E+00
 0.25080001E+01  0.15493845E+01  0.94769174E+00  0.89136756E-01 -0.12603153E+00  0.41371323E+00
 0.25140001E+01  0.15550722E+01  0.94822441E+00  0.88382792E-01 -0.12525124E+00  0.41438204E+00
 0.25200001E+01  0.15607630E+01  0.94875257E+00  0.87633504E-01 -0.12447295E+00  0.41504677E+00
 0.25260001E+01  0.15664571E+01  0.94927624E+00  0.86888879E-01 -0.12369667E+00  0.41570742E+00
 0.25320001E+01  0.15721542E+01  0.94979546E+00  0.86148907E-01 -0.12292244E+00  0.41636402E+00
 0.25380001E+01  0.15778544E+01  0.95031026E+00  0.85413574E-01 -0.12215026E+00  0.41701656E+00
 0.25440001E+01  0.15835578E+01  0.95082066E+00  0.84682868E-01 -0.12138017E+00  0.41766505E+00
 0.25500001E+01  0.15892641E+01  0.95132668E+00  0.83956777E-01 -0.12061218E+00  0.41830951E+00
 0.25560001E+01  0.15949735E+01  0.95182836E+00  0.83235288E-01 -0.11984631E+00  0.41894995E+00
 0.25620001E+01  0.16006859E+01  0.95232573E+00  0.82518387E-01 -0.11908258E+00  0.41958636E+00
 0.25680001E+01  0.16064013E+01  0.95281881E+00  0.81806063E-01 -0.11832102E+00  0.42021877E+00
 0.25740001E+01  0.16121196E+01  0.95330763E+00  0.81098303E-01 -0.11756163E+00  0.42084718E+00
 0.25800001E+01  0.16178408E+01  0.95379221E+00  0.80395092E-01 -0.11680445E+00  0.42147160E+00
 0.25860001E+01  0.16235649E+01  0.95427259E+00  0.79696418E-01 -0.11604948E+00  0.42209205E+00
 0.25920001E+01  0.16292919E+01  0.95474878E+00  0.79002267E-01 -0.11529676E+00  0.42270852E+00
 0.25980001E+01  0.16350218E+01  0.95522083E+00  0.78312627E-01 -0.11454629E+00  0.42332103E+00
 0.26040001E+01  0.16407544E+01  0.95568875E+00  0.77627483E-01 -0.11379809E+00  0.42392960E+00
 0.26100001E+01  0.16464899E+01  0.95615257E+00  0.76946821E-01 -0.11305219E+00  0.42453422E+00
 0.26160001E+01  0.16522281E+01  0.95661232E+00  0.76270628E-01 -0.11230860E+00  0.42513492E+00
 0.26220001E+01  0.16579691E+01  0.95706803E+00  0.75598890E-01 -0.11156734E+00  0.42573171E+00
 0.26280001E+01  0.16637128E+01  0.95751972E+00  0.74931593E-01 -0.11082843E+00  0.42632458E+00
 0.26340001E+01  0.16694592E+01  0.95796742E+00  0.74268723E-01 -0.11009188E+00  0.42691356E+00
 0.26400001E+01  0.16752083E+01  0.95841115E+00  0.73610265E-01 -0.10935770E+00  0.42749866E+00
 0.26460001E+01  0.16809600E+01  0.95885095E+00  0.72956206E-01 -0.10862593E+00  0.42807988E+00
 0.26520001E+01  0.16867143E+01  0.95928683E+00  0.72306530E-01 -0.10789656E+00  0.42865724E+00
 0.26580001E+01  0.16924713E+01  0.95971883E+00  0.71661224E-01 -0.10716963E+00  0.42923074E+00
 0.26640001E+01  0.16982308E+01  0.96014697E+00  0.71020272E-01 -0.10644514E+00  0.42980041E+00
 0.26700001E+01  0.17039929E+01  0.96057127E+00  0.70383660E-01 -0.10572311E+00  0.43036626E+00
 0.26760001E+01  0.17097575E+01  0.96099177E+00  0.69751373E-01 -0.10500356E+00  0.43092828E+00
 0.26820001E+01  0.17155247E+01  0.96140849E+00  0.69123397E-01 -0.10428650E+00  0.43148650E+00
 0.26880001E+01  0.17212943E+01  0.96182145E+00  0.68499715E-01 -0.10357195E+00  0.43204093E+00
 0.26940001E+01  0.17270664E+01  0.96223068E+00  0.67880314E-01 -0.10285991E+00  0.43259158E+00
 0.27000001E+01  0.17328409E+01  0.96263621E+00  0.67265178E-01 -0.10215041E+00  0.43313847E+00
 0.27060001E+01  0.17386179E+01  0.96303805E+00  0.66654292E-01 -0.10144347E+00  0.43368159E+00
 0.27120001E+01  0.17443973E+01  0.96343625E+00  0.66047640E-01 -0.10073908E+00  0.43422098E+00
 0.27180001E+01  0.17501790E+01  0.96383082E+00  0.65445206E-01 -0.10003727E+00  0.43475663E+00
 0.27240001E+01  0.17559631E+01  0.96422178E+00  0.64846977E-01 -0.99338053E-01  0.43528856E+00
 0.27300001E+01  0.17617496E+01  0.96460917E+00  0.64252935E-01 -0.98641439E-01  0.43581679E+00
 0.27360001E+01  0.17675383E+01  0.96499300E+00  0.63663066E-01 -0.97947441E-01  0.43634133E+00
 0.27420001E+01  0.17733294E+01  0.96537331E+00  0.63077353E-01 -0.97256073E-01  0.43686219E+00
 0.27480001E+01  0.17791227E+01  0.96575011E+00  0.62495780E-01 -0.96567347E-01  0.43737938E+00
 0.27540001E+01  0.17849182E+01  0.96612344E+00  0.61918333E-01 -0.95881275E-01  0.43789292E+00
 0.27600001E+01  0.17907160E+01  0.96649331E+00  0.61344994E-01 -0.95197868E-01  0.43840282E+00
 0.27660001E+01  0.17965160E+01  0.96685976E+00  0.60775749E-01 -0.94517140E-01  0.43890909E+00
 0.27720001E+01  0.18023182E+01  0.96722280E+00  0.60210579E-01 -0.93839102E-01  0.43941175E+00
 0.27780001E+01  0.18081226E+01  0.96758246E+00  0.59649471E-01 -0.93163763E-01  0.43991081E+00
 0.27840001E+01  0.18139291E+01  0.96793877E+00  0.59092407E-01 -0.92491137E-01  0.44040628E+00
 0.27900001E+01  0.18197378E+01  0.96829175E+00  0.58539370E-01 -0.91821233E-01  0.44089817E+00
 0.27960001E+01  0.18255485E+01  0.96864142E+00  0.57990346E-01 -0.91154062E-01  0.44138651E+00
 0.28020001E+01  0.18313613E+01  0.96898780E+00  0.57445316E-01 -0.90489634E-01  0.44187131E+00
 0.28080001E+01  0.18371762E+01  0.96933093E+00  0.56904266E-01 -0.89827959E-01  0.44235257E+00
 0.28140001E+01  0.18429932E+01  0.96967082E+00  0.56367177E-01 -0.89169047E-01  0.44283031E+00
 0.28200001E+01  0.18488122E+01  0.97000751E+00  0.55834034E-01 -0.88512909E-01  0.44330455E+00
 0.28260001E+01  0.18546332E+01  0.97034100E+00  0.55304820E-01 -0.87859552E-01  0.44377530E+00
 0.28320001E+01  0.18604562E+01  0.97067133E+00  0.54779518E-01 -0.87208986E-01  0.44424258E+00
 0.28380001E+01  0.18662811E+01  0.97099852E+00  0.54258112E-01 -0.86561220E-01  0.44470639E+00
 0.28440001E+01  0.18721081E+01  0.97132259E+00  0.53740584E-01 -0.85916262E-01  0.44516676E+00
 0.28500001E+01  0.18779369E+01  0.97164357E+00  0.53226918E-01 -0.85274122E-01  0.44562370E+00
 0.28560001E+01  0.18837677E+01  0.97196147E+00  0.52717097E-01 -0.84634806E-01  0.44607721E+00
 0.28620001E+01  0.18896003E+01  0.97227633E+00  0.52211103E-01 -0.83998323E-01  0.44652733E+00
 0.28680001E+01  0.18954349E+01  0.97258817E+00  0.51708921E-01 -0.83364681E-01  0.44697405E+00
 0.28740001E+01  0.19012713E+01  0.97289700E+00  0.51210532E-01 -0.82733887E-01  0.44741740E+00
 0.28800001E+01  0.19071096E+01  0.97320285E+00  0.50715919E-01 -0.82105948E-01  0.44785739E+00
 0.28860001E+01  0.19129496E+01  0.97350574E+00  0.50225067E-01 -0.81480871E-01  0.44829404E+00
 0.28920001E+01  0.19187915E+01  0.97380570E+00  0.49737956E-01 -0.80858663E-01  0.44872735E+00
 0.28980001E+01  0.19246352E+01  0.97410275E+00  0.49254571E-01 -0.80239330E-01  0.44915735E+00
 0.29040001E+01  0.19304807E+01  0.97439691E+00  0.48774893E-01 -0.79622878E-01  0.44958405E+00
 0.29100001E+01  0.19363279E+01  0.97468820E+00  0.48298906E-01 -0.79009315E-01  0.45000746E+00
 0.29160001E+01  0.19421768E+01  0.97497665E+00  0.47826592E-01 -0.78398644E-01  0.45042760E+00
 0.29220001E+01  0.19480275E+01  0.97526227E+00  0.47357933E-01 -0.77790873E-01  0.45084449E+00
 0.29280001E+01  0.19538799E+01  0.97554509E+00  0.46892913E-01 -0.77186006E-01  0.45125813E+00
 0.29340001E+01  0.19597340E+01  0.97582513E+00  0.46431514E-01 -0.76584048E-01  0.45166855E+00
 0.29400001E+01  0.19655897E+01  0.97610241E+00  0.45973719E-01 -0.75985005E-01  0.45207576E+00
 0.29460001E+01  0.19714471E+01  0.97637696E+00  0.45519509E-01 -0.75388881E-01  0.45247978E+00
 0.29520001E+01  0.19773061E+01  0.97664879E+00  0.45068868E-01 -0.74795680E-01  0.45288061E+00
 0.29580001E+01  0.19831668E+01  0.97691793E+00  0.44621778E-01 -0.74205406E-01  0.45327828E+00
 0.29640001E+01  0.19890291E+01  0.97718439E+00  0.44178221E-01 -0.73618064E-01  0.45367280E+00
 0.29700001E+01  0.19948929E+01  0.97744821E+00  0.43738179E-01 -0.73033658E-01  0.45406419E+00
 0.29760001E+01  0.20007584E+01  0.97770939E+00  0.43301636E-01 -0.72452190E-01  0.45445246E+00
 0.29820001E+01  0.20066254E+01  0.97796796E+00  0.42868573E-01 -0.71873665E-01  0.45483762E+00
 0.29880001E+01  0.20124939E+01  0.97822395E+00  0.42438973E-01 -0.71298085E-01  0.45521970E+00
 0.29940001E+01  0.20183640E+01  0.97847737E+00  0.42012818E-01 -0.70725453E-01  0.45559870E+00
 0.30000001E+01  0.20242355E+01  0.97872824E+00  0.41590090E-01 -0.70155772E-01  0.45597465E+00
 0.30060001E+01  0.20301086E+01  0.97897658E+00  0.41170772E-01 -0.69589045E-01  0.45634756E+00
 0.30120001E+01  0.20359832E+01  0.97922242E+00  0.40754846E-01 -0.69025273E-01  0.45671744E+00
 0.30180001E+01  0.20418592E+01  0.97946577E+00  0.40342294E-01 -0.68464459E-01  0.45708431E+00
 0.30240001E+01  0.20477367E+01  0.97970666E+00  0.39933099E-01 -0.67906604E-01  0.45744818E+00
 0.30300001E+01  0.20536156E+01  0.97994510E+00  0.39527242E-01 -0.67351711E-01  0.45780908E+00
 0.30360001E+01  0.20594960E+01  0.98018111E+00  0.39124706E-01 -0.66799780E-01  0.45816701E+00
 0.30420001E+01  0.20653777E+01  0.98041472E+00  0.38725474E-01 -0.66250813E-01  0.45852200E+00
 0.30480001E+01  0.20712609E+01  0.98064594E+00  0.38329526E-01 -0.65704811E-01  0.45887405E+00
 0.30540001E+01  0.20771454E+01  0.98087480E+00  0.37936846E-01 -0.65161774E-01  0.45922319E+00
 0.30600001E+01  0.20830313E+01  0.98110131E+00  0.37547416E-01 -0.64621704E-01  0.45956942E+00
 0.30660001E+01  0.20889185E+01  0.98132549E+00  0.37161218E-01 -0.64084600E-01  0.45991278E+00
 0.30720001E+01  0.20948071E+01  0.98154736E+00  0.36778235E-01 -0.63550463E-01  0.46025326E+00
 0.30780001E+01  0.21006970E+01  0.98176695E+00  0.36398447E-01 -0.63019292E-01  0.46059089E+00
 0.30840001E+01  0.21065883E+01  0.98198427E+00  0.36021838E-01 -0.62491089E-01  0.46092568E+00
 0.30900001E+01  0.21124808E+01  0.98219933E+00  0.35648390E-01 -0.61965851E-01  0.46125765E+00
 0.30960001E+01  0.21183746E+01  0.98241216E+00  0.35278085E-01 -0.61443579E-01  0.46158681E+00
 0.31020001E+01  0.21242697E+01  0.98262278E+00  0.34910905E-01 -0.60924272E-01  0.46191318E+00
 0.31080001E+01  0.21301660E+01  0.98283121E+00  0.34546832E-01 -0.60407929E-01  0.46223678E+00
 0.31140001E+01  0.21360636E+01  0.98303746E+00  0.34185849E-01 -0.59894548E-01  0.46255761E+00
 0.31200001E+01  0.21419624E+01  0.98324155E+00  0.33827938E-01 -0.59384129E-01  0.46287571E+00
 0.31260001E+01  0.21478624E+01  0.98344351E+00  0.33473081E-01 -0.58876669E-01  0.46319108E+00
 0.31320001E+01  0.21537636E+01  0.98364334E+00  0.33121260E-01 -0.58372168E-01  0.46350373E+00
 0.31380001E+01  0.21596661E+01  0.98384108E+00  0.32772458E-01 -0.57870623E-01  0.46381369E+00
 0.31440001E+01  0.21655697E+01  0.98403672E+00  0.32426657E-01 -0.57372032E-01  0.46412097E+00
 0.31500001E+01  0.21714744E+01  0.98423031E+00  0.32083839E-01 -0.56876393E-01  0.46442558E+00
 0.31560001E+01  0.21773804E+01  0.98442184E+00  0.31743986E-01 -0.56383703E-01  0.46472755E+00
 0.31620002E+01  0.21832874E+01  0.98461134E+00  0.31407081E-01 -0.55893960E-01  0.46502688E+00
 0.31680002E+01  0.21891956E+01  0.98479883E+00  0.31073106E-01 -0.55407161E-01  0.46532360E+00
 0.31740002E+01  0.21951050E+01  0.98498432E+00  0.30742044E-01 -0.54923303E-01  0.46561771E+00
 0.31800002E+01  0.22010154E+01  0.98516784E+00  0.30413876E-01 -0.54442383E-01  0.46590924E+00
 0.31860002E+01  0.22069269E+01  0.98534939E+00  0.30088585E-01 -0.53964397E-01  0.46619820E+00
 0.31920002E+01  0.22128395E+01  0.98552900E+00  0.29766154E-01 -0.53489342E-01  0.46648460E+00
 0.31980002E+01  0.22187532E+01  0.98570669E+00  0.29446565E-01 -0.53017215E-01  0.46676846E+00
 0.32040002E+01  0.22246680E+01  0.98588246E+00  0.29129801E-01 -0.52548011E-01  0.46704980E+00
 0.32100002E+01  0.22305837E+01  0.98605635E+00  0.28815843E-01 -0.52081727E-01  0.46732864E+00
 0.32160002E+01  0.22365006E+01  0.98622835E+00  0.28504675E-01 -0.51618359E-01  0.46760498E+00
 0.32220002E+01  0.22424184E+01  0.98639850E+00  0.28196278E-01 -0.51157901E-01  0.46787884E+00
 0.32280002E+01  0.22483373E+01  0.98656681E+00  0.27890636E-01 -0.50700350E-01  0.46815025E+00
 0.32340002E+01  0.22542572E+01  0.98673329E+00  0.27587731E-01 -0.50245701E-01  0.46841921E+00
 0.32400002E+01  0.22601781E+01  0.98689796E+00  0.27287546E-01 -0.49793950E-01  0.46868574E+00
 0.32460002E+01  0.22660999E+01  0.98706083E+00  0.26990063E-01 -0.49345091E-01  0.46894985E+00
 0.32520002E+01  0.22720227E+01  0.98722193E+00  0.26695265E-01 -0.48899119E-01  0.46921157E+00
 0.32580002E+01  0.22779465E+01  0.98738127E+00  0.26403134E-01 -0.48456029E-01  0.46947090E+00
 0.32640002E+01  0.22838713E+01  0.98753886E+00  0.26113654E-01 -0.48015816E-01  0.46972787E+00
 0.32700002E+01  0.22897969E+01  0.98769472E+00  0.25826807E-01 -0.47578473E-01  0.46998248E+00
 0.32760002E+01  0.22957235E+01  0.98784887E+00  0.25542576E-01 -0.47143996E-01  0.47023476E+00
 0.32820002E+01  0.23016511E+01  0.98800133E+00  0.25260944E-01 -0.46712379E-01  0.47048472E+00
 0.32880002E+01  0.23075795E+01  0.98815209E+00  0.24981893E-01 -0.46283615E-01  0.47073236E+00
 0.32940002E+01  0.23135089E+01  0.98830120E+00  0.24705406E-01 -0.45857699E-01  0.47097772E+00
 0.33000002E+01  0.23194391E+01  0.98844865E+00  0.24431467E-01 -0.45434624E-01  0.47122081E+00
 0.33060002E+01  0.23253702E+01  0.98859446E+00  0.24160059E-01 -0.45014384E-01  0.47146163E+00
 0.33120002E+01  0.23313022E+01  0.98873865E+00  0.23891163E-01 -0.44596972E-01  0.47170021E+00
 0.33180002E+01  0.23372350E+01  0.98888124E+00  0.23624764E-01 -0.44182382E-01  0.47193655E+00
 0.33240002E+01  0.23431687E+01  0.98902224E+00  0.23360845E-01 -0.43770607E-01  0.47217069E+00
 0.33300002E+01  0.23491032E+01  0.98916165E+00  0.23099388E-01 -0.43361639E-01  0.47240262E+00
 0.33360002E+01  0.23550386E+01  0.98929951E+00  0.22840377E-01 -0.42955473E-01  0.47263237E+00
 0.33420002E+01  0.23609748E+01  0.98943582E+00  0.22583796E-01 -0.42552100E-01  0.47285995E+00
 0.33480002E+01  0.23669118E+01  0.98957060E+00  0.22329626E-01 -0.42151514E-01  0.47308537E+00
 0.33540002E+01  0.23728496E+01  0.98970386E+00  0.22077852E-01 -0.41753707E-01  0.47330866E+00
 0.33600002E+01  0.23787882E+01  0.98983561E+00  0.21828457E-01 -0.41358671E-01  0.47352982E+00
 0.33660002E+01  0.23847276E+01  0.98996588E+00  0.21581424E-01 -0.40966399E-01  0.47374887E+00
 0.33720002E+01  0.23906677E+01  0.99009467E+00  0.21336738E-01 -0.40576883E-01  0.47396582E+00
 0.33780002E+01  0.23966087E+01  0.99022200E+00  0.21094380E-01 -0.40190115E-01  0.47418070E+00
 0.33840002E+01  0.24025504E+01  0.99034788E+00  0.20854335E-01 -0.39806087E-01  0.47439351E+00
 0.33900002E+01  0.24084928E+01  0.99047232E+00  0.20616587E-01 -0.39424792E-01  0.47460427E+00
 0.33960002E+01  0.24144360E+01  0.99059535E+00  0.20381118E-01 -0.39046220E-01  0.47481300E+00
 0.34020002E+01  0.24203799E+01  0.99071697E+00  0.20147913E-01 -0.38670363E-01  0.47501970E+00
 0.34080002E+01  0.24263245E+01  0.99083720E+00  0.19916956E-01 -0.38297213E-01  0.47522440E+00
 0.34140002E+01  0.24322699E+01  0.99095605E+00  0.19688230E-01 -0.37926762E-01  0.47542710E+00
 0.34200002E+01  0.24382160E+01  0.99107353E+00  0.19461719E-01 -0.37559000E-01  0.47562783E+00
 0.34260002E+01  0.24441628E+01  0.99118966E+00  0.19237406E-01 -0.37193919E-01  0.47582659E+00
 0.34320002E+01  0.24501102E+01  0.99130445E+00  0.19015277E-01 -0.36831511E-01  0.47602341E+00
 0.34380002E+01  0.24560584E+01  0.99141792E+00  0.18795315E-01 -0.36471765E-01  0.47621829E+00
 0.34440002E+01  0.24620072E+01  0.99153007E+00  0.18577503E-01 -0.36114673E-01  0.47641125E+00
 0.34500002E+01  0.24679567E+01  0.99164092E+00  0.18361826E-01 -0.35760227E-01  0.47660231E+00
 0.34560002E+01  0.24739069E+01  0.99175048E+00  0.18148269E-01 -0.35408415E-01  0.47679148E+00
 0.34620002E+01  0.24798577E+01  0.99185876E+00  0.17936815E-01 -0.35059230E-01  0.47697876E+00
 0.34680002E+01  0.24858091E+01  0.99196579E+00  0.17727449E-01 -0.34712662E-01  0.47716419E+00
 0.34740002E+01  0.24917612E+01  0.99207156E+00  0.17520154E-01 -0.34368701E-01  0.47734777E+00
 0.34800002E+01  0.24977140E+01  0.99217609E+00  0.17314916E-01 -0.34027338E-01  0.47752951E+00
 0.34860002E+01  0.25036673E+01  0.99227940E+00  0.17111719E-01 -0.33688563E-01  0.47770943E+00
 0.34920002E+01  0.25096213E+01  0.99238150E+00  0.16910547E-01 -0.33352366E-01  0.47788754E+00
 0.34980002E+01  0.25155759E+01  0.99248239E+00  0.16711385E-01 -0.33018737E-01  0.47806386E+00
 0.35040002E+01  0.25215310E+01  0.99258210E+00  0.16514217E-01 -0.32687666E-01  0.47823841E+00
 0.35100002E+01  0.25274868E+01  0.99268063E+00  0.16319029E-01 -0.32359144E-01  0.47841118E+00
 0.35160002E+01  0.25334432E+01  0.99277799E+00  0.16125804E-01 -0.32033160E-01  0.47858221E+00
 0.35220002E+01  0.25394001E+01  0.99287420E+00  0.15934529E-01 -0.31709704E-01  0.47875149E+00
 0.35280002E+01  0.25453576E+01  0.99296927E+00  0.15745186E-01 -0.31388766E-01  0.47891905E+00
 0.35340002E+01  0.25513157E+01  0.99306320E+00  0.15557762E-01 -0.31070335E-01  0.47908490E+00
 0.35400002E+01  0.25572744E+01  0.99315602E+00  0.15372242E-01 -0.30754401E-01  0.47924906E+00
 0.35460002E+01  0.25632336E+01  0.99324773E+00  0.15188610E-01 -0.30440954E-01  0.47941153E+00
 0.35520002E+01  0.25691933E+01  0.99333834E+00  0.15006852E-01 -0.30129983E-01  0.47957233E+00
 0.35580002E+01  0.25751536E+01  0.99342787E+00  0.14826952E-01 -0.29821477E-01  0.47973147E+00
 0.35640002E+01  0.25811144E+01  0.99351632E+00  0.14648897E-01 -0.29515426E-01  0.47988896E+00
 0.35700002E+01  0.25870758E+01  0.99360371E+00  0.14472671E-01 -0.29211819E-01  0.48004483E+00
 0.35760002E+01  0.25930376E+01  0.99369005E+00  0.14298260E-01 -0.28910646E-01  0.48019908E+00
 0.35820002E+01  0.25990000E+01  0.99377535E+00  0.14125648E-01 -0.28611894E-01  0.48035173E+00
 0.35880002E+01  0.26049629E+01  0.99385961E+00  0.13954823E-01 -0.28315554E-01  0.48050278E+00
 0.35940002E+01  0.26109263E+01  0.99394286E+00  0.13785768E-01 -0.28021615E-01  0.48065225E+00
 0.36000002E+01  0.26168902E+01  0.99402510E+00  0.13618471E-01 -0.27730065E-01  0.48080016E+00
 0.36060002E+01  0.26228546E+01  0.99410633E+00  0.13452916E-01 -0.27440894E-01  0.48094652E+00
 0.36120002E+01  0.26288194E+01  0.99418658E+00  0.13289089E-01 -0.27154090E-01  0.48109134E+00
 0.36180002E+01  0.26347848E+01  0.99426585E+00  0.13126976E-01 -0.26869642E-01  0.48123462E+00
 0.36240002E+01  0.26407506E+01  0.99434416E+00  0.12966564E-01 -0.26587538E-01  0.48137640E+00
 0.36300002E+01  0.26467169E+01  0.99442150E+00  0.12807837E-01 -0.26307769E-01  0.48151667E+00
 0.36360002E+01  0.26526836E+01  0.99449790E+00  0.12650782E-01 -0.26030322E-01  0.48165546E+00
 0.36420002E+01  0.26586508E+01  0.99457336E+00  0.12495385E-01 -0.25755186E-01  0.48179276E+00
 0.36480002E+01  0.26646185E+01  0.99464790E+00  0.12341633E-01 -0.25482349E-01  0.48192860E+00
 0.36540002E+01  0.26705866E+01  0.99472151E+00  0.12189511E-01 -0.25211800E-01  0.48206299E+00
 0.36600002E+01  0.26765551E+01  0.99479422E+00  0.12039006E-01 -0.24943529E-01  0.48219595E+00
 0.36660002E+01  0.26825241E+01  0.99486603E+00  0.11890104E-01 -0.24677522E-01  0.48232747E+00
 0.36720002E+01  0.26884935E+01  0.99493695E+00  0.11742792E-01 -0.24413769E-01  0.48245758E+00
 0.36780002E+01  0.26944633E+01  0.99500699E+00  0.11597056E-01 -0.24152257E-01  0.48258628E+00
 0.36840002E+01  0.27004336E+01  0.99507616E+00  0.11452882E-01 -0.23892976E-01  0.48271359E+00
 0.36900002E+01  0.27064042E+01  0.99514447E+00  0.11310258E-01 -0.23635914E-01  0.48283953E+00
 0.36960002E+01  0.27123753E+01  0.99521193E+00  0.11169170E-01 -0.23381059E-01  0.48296410E+00
 0.37020002E+01  0.27183467E+01  0.99527855E+00  0.11029605E-01 -0.23128399E-01  0.48308731E+00
 0.37080002E+01  0.27243186E+01  0.99534433E+00  0.10891549E-01 -0.22877922E-01  0.48320918E+00
 0.37140002E+01  0.27302908E+01  0.99540929E+00  0.10754990E-01 -0.22629617E-01  0.48332971E+00
 0.37200002E+01  0.27362635E+01  0.99547343E+00  0.10619915E-01 -0.22383473E-01  0.48344893E+00
 0.37260002E+01  0.27422365E+01  0.99553677E+00  0.10486311E-01 -0.22139476E-01  0.48356684E+00
 0.37320002E+01  0.27482099E+01  0.99559931E+00  0.10354164E-01 -0.21897615E-01  0.48368345E+00
 0.37380002E+01  0.27541837E+01  0.99566106E+00  0.10223463E-01 -0.21657879E-01  0.48379878E+00
 0.37440002E+01  0.27601578E+01  0.99572203E+00  0.10094194E-01 -0.21420256E-01  0.48391283E+00
 0.37500002E+01  0.27661323E+01  0.99578223E+00  0.99663448E-02 -0.21184733E-01  0.48402562E+00
 0.37560002E+01  0.27721072E+01  0.99584167E+00  0.98399027E-02 -0.20951298E-01  0.48413715E+00
 0.37620002E+01  0.27780824E+01  0.99590035E+00  0.97148553E-02 -0.20719941E-01  0.48424745E+00
 0.37680002E+01  0.27840580E+01  0.99595829E+00  0.95911902E-02 -0.20490648E-01  0.48435652E+00
 0.37740002E+01  0.27900339E+01  0.99601549E+00  0.94688950E-02 -0.20263408E-01  0.48446437E+00
 0.37800002E+01  0.27960101E+01  0.99607196E+00  0.93479573E-02 -0.20038208E-01  0.48457102E+00
 0.37860002E+01  0.28019867E+01  0.99612770E+00  0.92283651E-02 -0.19815038E-01  0.48467646E+00
 0.37920002E+01  0.28079637E+01  0.99618273E+00  0.91101062E-02 -0.19593884E-01  0.48478073E+00
 0.37980002E+01  0.28139409E+01  0.99623706E+00  0.89931684E-02 -0.19374735E-01  0.48488382E+00
 0.38040002E+01  0.28199185E+01  0.99629069E+00  0.88775399E-02 -0.19157579E-01  0.48498574E+00
 0.38100002E+01  0.28258964E+01  0.99634363E+00  0.87632087E-02 -0.18942404E-01  0.48508651E+00
 0.38160002E+01  0.28318746E+01  0.99639589E+00  0.86501629E-02 -0.18729197E-01  0.48518614E+00
 0.38220002E+01  0.28378531E+01  0.99644747E+00  0.85383907E-02 -0.18517947E-01  0.48528464E+00
 0.38280002E+01  0.28438319E+01  0.99649838E+00  0.84278805E-02 -0.18308642E-01  0.48538202E+00
 0.38340002E+01  0.28498111E+01  0.99654864E+00  0.83186206E-02 -0.18101269E-01  0.48547829E+00
 0.38400002E+01  0.28557905E+01  0.99659824E+00  0.82105995E-02 -0.17895817E-01  0.48557346E+00
 0.38460002E+01  0.28617702E+01  0.99664720E+00  0.81038056E-02 -0.17692273E-01  0.48566753E+00
 0.38520002E+01  0.28677503E+01  0.99669552E+00  0.79982276E-02 -0.17490626E-01  0.48576053E+00
 0.38580002E+01  0.28737306E+01  0.99674321E+00  0.78938541E-02 -0.17290863E-01  0.48585246E+00
 0.38640002E+01  0.28797112E+01  0.99679028E+00  0.77906739E-02 -0.17092973E-01  0.48594333E+00
 0.38700002E+01  0.28856920E+01  0.99683673E+00  0.76886756E-02 -0.16896943E-01  0.48603315E+00
 0.38760002E+01  0.28916732E+01  0.99688258E+00  0.75878483E-02 -0.16702761E-01  0.48612193E+00
 0.38820002E+01  0.28976546E+01  0.99692782E+00  0.74881808E-02 -0.16510415E-01  0.48620968E+00
 0.38880002E+01  0.29036363E+01  0.99697247E+00  0.73896622E-02 -0.16319894E-01  0.48629641E+00
 0.38940002E+01  0.29096183E+01  0.99701653E+00  0.72922816E-02 -0.16131185E-01  0.48638213E+00
 0.39000002E+01  0.29156005E+01  0.99706001E+00  0.71960281E-02 -0.15944277E-01  0.48646686E+00
 0.39060002E+01  0.29215830E+01  0.99710291E+00  0.71008909E-02 -0.15759156E-01  0.48655059E+00
 0.39120002E+01  0.29275657E+01  0.99714525E+00  0.70068593E-02 -0.15575813E-01  0.48663334E+00
 0.39180002E+01  0.29335487E+01  0.99718702E+00  0.69139228E-02 -0.15394233E-01  0.48671512E+00
 0.39240002E+01  0.29395320E+01  0.99722824E+00  0.68220708E-02 -0.15214406E-01  0.48679593E+00
 0.39300002E+01  0.29455154E+01  0.99726892E+00  0.67312928E-02 -0.15036320E-01  0.48687580E+00
 0.39360002E+01  0.29514992E+01  0.99730905E+00  0.66415783E-02 -0.14859962E-01  0.48695472E+00
 0.39420002E+01  0.29574831E+01  0.99734865E+00  0.65529171E-02 -0.14685321E-01  0.48703271E+00
 0.39480002E+01  0.29634673E+01  0.99738771E+00  0.64652989E-02 -0.14512385E-01  0.48710977E+00
 0.39540002E+01  0.29694518E+01  0.99742626E+00  0.63787135E-02 -0.14341142E-01  0.48718592E+00
 0.39600002E+01  0.29754364E+01  0.99746429E+00  0.62931507E-02 -0.14171580E-01  0.48726116E+00
 0.39660002E+01  0.29814213E+01  0.99750180E+00  0.62086006E-02 -0.14003687E-01  0.48733550E+00
 0.39720002E+01  0.29874064E+01  0.99753882E+00  0.61250530E-02 -0.13837452E-01  0.48740896E+00
 0.39780002E+01  0.29933918E+01  0.99757533E+00  0.60424982E-02 -0.13672863E-01  0.48748153E+00
 0.39840002E+01  0.29993773E+01  0.99761135E+00  0.59609263E-02 -0.13509908E-01  0.48755324E+00
 0.39900002E+01  0.30053631E+01  0.99764689E+00  0.58803274E-02 -0.13348575E-01  0.48762408E+00
 0.39960002E+01  0.30113491E+01  0.99768194E+00  0.58006920E-02 -0.13188853E-01  0.48769407E+00
 0.40020002E+01  0.30173353E+01  0.99771652E+00  0.57220103E-02 -0.13030730E-01  0.48776321E+00
 0.40080002E+01  0.30233217E+01  0.99775063E+00  0.56442728E-02 -0.12874194E-01  0.48783152E+00
 0.40140002E+01  0.30293083E+01  0.99778428E+00  0.55674701E-02 -0.12719234E-01  0.48789900E+00
 0.40200002E+01  0.30352951E+01  0.99781747E+00  0.54915926E-02 -0.12565838E-01  0.48796566E+00
 0.40260002E+01  0.30412821E+01  0.99785020E+00  0.54166311E-02 -0.12413994E-01  0.48803151E+00
 0.40320002E+01  0.30472693E+01  0.99788249E+00  0.53425763E-02 -0.12263691E-01  0.48809656E+00
 0.40380002E+01  0.30532567E+01  0.99791434E+00  0.52694189E-02 -0.12114918E-01  0.48816081E+00
 0.40440002E+01  0.30592442E+01  0.99794575E+00  0.51971498E-02 -0.11967663E-01  0.48822428E+00
 0.40500002E+01  0.30652320E+01  0.99797673E+00  0.51257600E-02 -0.11821914E-01  0.48828696E+00
 0.40560002E+01  0.30712199E+01  0.99800728E+00  0.50552403E-02 -0.11677661E-01  0.48834888E+00
 0.40620002E+01  0.30772081E+01  0.99803741E+00  0.49855820E-02 -0.11534891E-01  0.48841004E+00
 0.40680002E+01  0.30831964E+01  0.99806713E+00  0.49167761E-02 -0.11393594E-01  0.48847044E+00
 0.40740002E+01  0.30891849E+01  0.99809643E+00  0.48488138E-02 -0.11253757E-01  0.48853010E+00
 0.40800002E+01  0.30951735E+01  0.99812534E+00  0.47816864E-02 -0.11115371E-01  0.48858901E+00
 0.40860002E+01  0.31011624E+01  0.99815384E+00  0.47153851E-02 -0.10978423E-01  0.48864720E+00
 0.40920002E+01  0.31071514E+01  0.99818194E+00  0.46499015E-02 -0.10842902E-01  0.48870466E+00
 0.40980002E+01  0.31131405E+01  0.99820966E+00  0.45852270E-02 -0.10708798E-01  0.48876141E+00
 0.41040002E+01  0.31191299E+01  0.99823699E+00  0.45213531E-02 -0.10576099E-01  0.48881745E+00
 0.41100002E+01  0.31251194E+01  0.99826393E+00  0.44582714E-02 -0.10444794E-01  0.48887279E+00
 0.41160002E+01  0.31311090E+01  0.99829050E+00  0.43959736E-02 -0.10314871E-01  0.48892744E+00
 0.41220002E+01  0.31370989E+01  0.99831671E+00  0.43344515E-02 -0.10186321E-01  0.48898140E+00
 0.41280002E+01  0.31430888E+01  0.99834254E+00  0.42736967E-02 -0.10059131E-01  0.48903468E+00
 0.41340002E+01  0.31490790E+01  0.99836801E+00  0.42137012E-02 -0.99332915E-02  0.48908729E+00
 0.41400002E+01  0.31550692E+01  0.99839312E+00  0.41544570E-02 -0.98087909E-02  0.48913924E+00
 0.41460002E+01  0.31610597E+01  0.99841788E+00  0.40959559E-02 -0.96856186E-02  0.48919053E+00
 0.41520002E+01  0.31670502E+01  0.99844229E+00  0.40381902E-02 -0.95637637E-02  0.48924117E+00
 0.41580002E+01  0.31730410E+01  0.99846636E+00  0.39811518E-02 -0.94432154E-02  0.48929117E+00
 0.41640002E+01  0.31790318E+01  0.99849008E+00  0.39248330E-02 -0.93239630E-02  0.48934054E+00
 0.41700002E+01  0.31850228E+01  0.99851347E+00  0.38692261E-02 -0.92059958E-02  0.48938927E+00
 0.41760002E+01  0.31910140E+01  0.99853653E+00  0.38143233E-02 -0.90893032E-02  0.48943738E+00
 0.41820002E+01  0.31970053E+01  0.99855926E+00  0.37601171E-02 -0.89738745E-02  0.48948488E+00
 0.41880002E+01  0.32029967E+01  0.99858167E+00  0.37065998E-02 -0.88596993E-02  0.48953177E+00
 0.41940002E+01  0.32089882E+01  0.99860376E+00  0.36537641E-02 -0.87467669E-02  0.48957806E+00
 0.42000002E+01  0.32149799E+01  0.99862553E+00  0.36016025E-02 -0.86350670E-02  0.48962375E+00
 0.42060002E+01  0.32209717E+01  0.99864700E+00  0.35501075E-02 -0.85245891E-02  0.48966886E+00
 0.42120002E+01  0.32269637E+01  0.99866815E+00  0.34992720E-02 -0.84153228E-02  0.48971338E+00
 0.42180002E+01  0.32329558E+01  0.99868900E+00  0.34490886E-02 -0.83072579E-02  0.48975733E+00
 0.42240002E+01  0.32389480E+01  0.99870956E+00  0.33995503E-02 -0.82003840E-02  0.48980071E+00
 0.42300002E+01  0.32449403E+01  0.99872982E+00  0.33506498E-02 -0.80946908E-02  0.48984353E+00
 0.42360002E+01  0.32509327E+01  0.99874978E+00  0.33023801E-02 -0.79901683E-02  0.48988578E+00
 0.42420002E+01  0.32569253E+01  0.99876946E+00  0.32547343E-02 -0.78868063E-02  0.48992749E+00
 0.42480002E+01  0.32629179E+01  0.99878885E+00  0.32077053E-02 -0.77845946E-02  0.48996866E+00
 0.42540002E+01  0.32689107E+01  0.99880797E+00  0.31612863E-02 -0.76835233E-02  0.49000929E+00
 0.42600002E+01  0.32749036E+01  0.99882680E+00  0.31154706E-02 -0.75835823E-02  0.49004938E+00
 0.42660002E+01  0.32808966E+01  0.99884537E+00  0.30702513E-02 -0.74847618E-02  0.49008895E+00
 0.42720002E+01  0.32868898E+01  0.99886366E+00  0.30256217E-02 -0.73870517E-02  0.49012800E+00
 0.42780002E+01  0.32928830E+01  0.99888169E+00  0.29815753E-02 -0.72904424E-02  0.49016654E+00
 0.42840002E+01  0.32988763E+01  0.99889946E+00  0.29381054E-02 -0.71949239E-02  0.49020457E+00
 0.42900002E+01  0.33048698E+01  0.99891696E+00  0.28952056E-02 -0.71004865E-02  0.49024209E+00
 0.42960002E+01  0.33108633E+01  0.99893421E+00  0.28528693E-02 -0.70071206E-02  0.49027912E+00
 0.43020002E+01  0.33168570E+01  0.99895121E+00  0.28110901E-02 -0.69148164E-02  0.49031566E+00
 0.43080002E+01  0.33228507E+01  0.99896796E+00  0.27698618E-02 -0.68235645E-02  0.49035171E+00
 0.43140002E+01  0.33288446E+01  0.99898446E+00  0.27291781E-02 -0.67333553E-02  0.49038728E+00
 0.43200002E+01  0.33348386E+01  0.99900072E+00  0.26890326E-02 -0.66441792E-02  0.49042238E+00
 0.43260002E+01  0.33408326E+01  0.99901674E+00  0.26494192E-02 -0.65560269E-02  0.49045701E+00
 0.43320002E+01  0.33468267E+01  0.99903253E+00  0.26103319E-02 -0.64688889E-02  0.49049118E+00
 0.43380002E+01  0.33528210E+01  0.99904808E+00  0.25717646E-02 -0.63827560E-02  0.49052489E+00
 0.43440002E+01  0.33588153E+01  0.99906340E+00  0.25337112E-02 -0.62976188E-02  0.49055815E+00
 0.43500002E+01  0.33648097E+01  0.99907850E+00  0.24961658E-02 -0.62134682E-02  0.49059096E+00
 0.43560002E+01  0.33708043E+01  0.99909337E+00  0.24591225E-02 -0.61302949E-02  0.49062333E+00
 0.43620002E+01  0.33767989E+01  0.99910802E+00  0.24225755E-02 -0.60480899E-02  0.49065526E+00
 0.43680002E+01  0.33827936E+01  0.99912245E+00  0.23865190E-02 -0.59668440E-02  0.49068676E+00
 0.43740002E+01  0.33887883E+01  0.99913667E+00  0.23509472E-02 -0.58865482E-02  0.49071783E+00
 0.43800002E+01  0.33947832E+01  0.99915067E+00  0.23158546E-02 -0.58071937E-02  0.49074848E+00
 0.43860002E+01  0.34007781E+01  0.99916447E+00  0.22812354E-02 -0.57287714E-02  0.49077872E+00
 0.43920002E+01  0.34067732E+01  0.99917806E+00  0.22470841E-02 -0.56512726E-02  0.49080854E+00
 0.43980002E+01  0.34127683E+01  0.99919145E+00  0.22133951E-02 -0.55746884E-02  0.49083796E+00
 0.44040002E+01  0.34187635E+01  0.99920463E+00  0.21801631E-02 -0.54990100E-02  0.49086698E+00
 0.44100002E+01  0.34247587E+01  0.99921762E+00  0.21473827E-02 -0.54242289E-02  0.49089559E+00
 0.44160002E+01  0.34307541E+01  0.99923041E+00  0.21150483E-02 -0.53503363E-02  0.49092382E+00
 0.44220002E+01  0.34367495E+01  0.99924301E+00  0.20831548E-02 -0.52773237E-02  0.49095166E+00
 0.44280002E+01  0.34427450E+01  0.99925542E+00  0.20516969E-02 -0.52051825E-02  0.49097912E+00
 0.44340002E+01  0.34487405E+01  0.99926764E+00  0.20206694E-02 -0.51339043E-02  0.49100619E+00
 0.44400002E+01  0.34547362E+01  0.99927968E+00  0.19900671E-02 -0.50634807E-02  0.49103290E+00
 0.44460002E+01  0.34607319E+01  0.99929153E+00  0.19598849E-02 -0.49939032E-02  0.49105923E+00
 0.44520002E+01  0.34667277E+01  0.99930320E+00  0.19301178E-02 -0.49251636E-02  0.49108520E+00
 0.44580002E+01  0.34727235E+01  0.99931470E+00  0.19007608E-02 -0.48572535E-02  0.49111081E+00
 0.44640002E+01  0.34787194E+01  0.99932602E+00  0.18718089E-02 -0.47901649E-02  0.49113607E+00
 0.44700002E+01  0.34847154E+01  0.99933717E+00  0.18432572E-02 -0.47238896E-02  0.49116097E+00
 0.44760002E+01  0.34907115E+01  0.99934815E+00  0.18151008E-02 -0.46584194E-02  0.49118552E+00
 0.44820002E+01  0.34967076E+01  0.99935896E+00  0.17873350E-02 -0.45937463E-02  0.49120974E+00
 0.44880002E+01  0.35027038E+01  0.99936961E+00  0.17599550E-02 -0.45298623E-02  0.49123361E+00
 0.44940002E+01  0.35087000E+01  0.99938009E+00  0.17329561E-02 -0.44667596E-02  0.49125715E+00
 0.45000002E+01  0.35146964E+01  0.99939041E+00  0.17063335E-02 -0.44044302E-02  0.49128036E+00
 0.45060002E+01  0.35206927E+01  0.99940058E+00  0.16800828E-02 -0.43428663E-02  0.49130324E+00
 0.45120002E+01  0.35266892E+01  0.99941058E+00  0.16541993E-02 -0.42820601E-02  0.49132580E+00
 0.45180002E+01  0.35326856E+01  0.99942044E+00  0.16286784E-02 -0.42220040E-02  0.49134805E+00
 0.45240002E+01  0.35386822E+01  0.99943014E+00  0.16035158E-02 -0.41626902E-02  0.49136997E+00
 0.45300002E+01  0.35446788E+01  0.99943969E+00  0.15787070E-02 -0.41041112E-02  0.49139159E+00
 0.45360002E+01  0.35506755E+01  0.99944909E+00  0.15542476E-02 -0.40462594E-02  0.49141290E+00
 0.45420002E+01  0.35566722E+01  0.99945834E+00  0.15301332E-02 -0.39891274E-02  0.49143391E+00
 0.45480002E+01  0.35626690E+01  0.99946746E+00  0.15063596E-02 -0.39327076E-02  0.49145462E+00
 0.45540002E+01  0.35686658E+01  0.99947643E+00  0.14829225E-02 -0.38769928E-02  0.49147503E+00
 0.45600002E+01  0.35746627E+01  0.99948526E+00  0.14598176E-02 -0.38219755E-02  0.49149516E+00
 0.45660002E+01  0.35806596E+01  0.99949395E+00  0.14370410E-02 -0.37676485E-02  0.49151499E+00
 0.45720002E+01  0.35866566E+01  0.99950251E+00  0.14145883E-02 -0.37140046E-02  0.49153454E+00
 0.45780002E+01  0.35926537E+01  0.99951094E+00  0.13924556E-02 -0.36610365E-02  0.49155382E+00
 0.45840002E+01  0.35986507E+01  0.99951923E+00  0.13706387E-02 -0.36087373E-02  0.49157281E+00
 0.45900002E+01  0.36046479E+01  0.99952739E+00  0.13491338E-02 -0.35570998E-02  0.49159153E+00
 0.45960002E+01  0.36106451E+01  0.99953543E+00  0.13279368E-02 -0.35061170E-02  0.49160998E+00
 0.46020002E+01  0.36166423E+01  0.99954333E+00  0.13070439E-02 -0.34557819E-02  0.49162817E+00
 0.46080002E+01  0.36226396E+01  0.99955112E+00  0.12864512E-02 -0.34060877E-02  0.49164609E+00
 0.46140002E+01  0.36286369E+01  0.99955878E+00  0.12661548E-02 -0.33570275E-02  0.49166375E+00
 0.46200002E+01  0.36346343E+01  0.99956632E+00  0.12461509E-02 -0.33085946E-02  0.49168116E+00
 0.46260002E+01  0.36406317E+01  0.99957374E+00  0.12264359E-02 -0.32607821E-02  0.49169831E+00
 0.46320002E+01  0.36466292E+01  0.99958104E+00  0.12070061E-02 -0.32135834E-02  0.49171521E+00
 0.46380002E+01  0.36526267E+01  0.99958823E+00  0.11878577E-02 -0.31669918E-02  0.49173187E+00
 0.46440002E+01  0.36586242E+01  0.99959530E+00  0.11689871E-02 -0.31210009E-02  0.49174829E+00
 0.46500002E+01  0.36646218E+01  0.99960226E+00  0.11503907E-02 -0.30756039E-02  0.49176446E+00
 0.46560002E+01  0.36706195E+01  0.99960911E+00  0.11320651E-02 -0.30307946E-02  0.49178040E+00
 0.46620002E+01  0.36766171E+01  0.99961585E+00  0.11140067E-02 -0.29865663E-02  0.49179610E+00
 0.46680002E+01  0.36826148E+01  0.99962249E+00  0.10962120E-02 -0.29429128E-02  0.49181157E+00
 0.46740002E+01  0.36886126E+01  0.99962901E+00  0.10786776E-02 -0.28998278E-02  0.49182682E+00
 0.46800002E+01  0.36946104E+01  0.99963544E+00  0.10614001E-02 -0.28573050E-02  0.49184184E+00
 0.46860002E+01  0.37006082E+01  0.99964176E+00  0.10443761E-02 -0.28153381E-02  0.49185663E+00
 0.46920002E+01  0.37066061E+01  0.99964797E+00  0.10276024E-02 -0.27739210E-02  0.49187121E+00
 0.46980002E+01  0.37126040E+01  0.99965409E+00  0.10110757E-02 -0.27330475E-02  0.49188558E+00
 0.47040002E+01  0.37186019E+01  0.99966011E+00  0.99479259E-03 -0.26927117E-02  0.49189973E+00
 0.47100002E+01  0.37245999E+01  0.99966604E+00  0.97875002E-03 -0.26529075E-02  0.49191367E+00
 0.47160002E+01  0.37305979E+01  0.99967186E+00  0.96294478E-03 -0.26136290E-02  0.49192740E+00
 0.47220002E+01  0.37365960E+01  0.99967760E+00  0.94737373E-03 -0.25748701E-02  0.49194093E+00
 0.47280002E+01  0.37425941E+01  0.99968324E+00  0.93203376E-03 -0.25366251E-02  0.49195425E+00
 0.47340002E+01  0.37485922E+01  0.99968879E+00  0.91692181E-03 -0.24988882E-02  0.49196738E+00
 0.47400002E+01  0.37545903E+01  0.99969424E+00  0.90203485E-03 -0.24616536E-02  0.49198031E+00
 0.47460002E+01  0.37605885E+01  0.99969961E+00  0.88736988E-03 -0.24249156E-02  0.49199305E+00
 0.47520002E+01  0.37665867E+01  0.99970490E+00  0.87292393E-03 -0.23886685E-02  0.49200559E+00
 0.47580002E+01  0.37725850E+01  0.99971009E+00  0.85869408E-03 -0.23529067E-02  0.49201795E+00
 0.47640002E+01  0.37785832E+01  0.99971521E+00  0.84467743E-03 -0.23176247E-02  0.49203012E+00
 0.47700002E+01  0.37845815E+01  0.99972023E+00  0.83087112E-03 -0.22828169E-02  0.49204210E+00
 0.47760002E+01  0.37905799E+01  0.99972518E+00  0.81727231E-03 -0.22484779E-02  0.49205391E+00
 0.47820002E+01  0.37965782E+01  0.99973005E+00  0.80387822E-03 -0.22146023E-02  0.49206553E+00
 0.47880002E+01  0.38025766E+01  0.99973483E+00  0.79068607E-03 -0.21811846E-02  0.49207698E+00
 0.47940002E+01  0.38085751E+01  0.99973954E+00  0.77769314E-03 -0.21482197E-02  0.49208826E+00
 0.48000002E+01  0.38145735E+01  0.99974417E+00  0.76489672E-03 -0.21157021E-02  0.49209936E+00
 0.48060002E+01  0.38205720E+01  0.99974872E+00  0.75229414E-03 -0.20836267E-02  0.49211030E+00
 0.48120002E+01  0.38265705E+01  0.99975320E+00  0.73988276E-03 -0.20519884E-02  0.49212107E+00
 0.48180002E+01  0.38325690E+01  0.99975760E+00  0.72765999E-03 -0.20207819E-02  0.49213167E+00
 0.48240002E+01  0.38385676E+01  0.99976194E+00  0.71562323E-03 -0.19900022E-02  0.49214211E+00
 0.48300002E+01  0.38445662E+01  0.99976620E+00  0.70376994E-03 -0.19596443E-02  0.49215239E+00
 0.48360002E+01  0.38505648E+01  0.99977039E+00  0.69209762E-03 -0.19297032E-02  0.49216252E+00
 0.48420002E+01  0.38565634E+01  0.99977451E+00  0.68060376E-03 -0.19001739E-02  0.49217249E+00
 0.48480002E+01  0.38625621E+01  0.99977856E+00  0.66928592E-03 -0.18710515E-02  0.49218230E+00
 0.48540002E+01  0.38685608E+01  0.99978254E+00  0.65814166E-03 -0.18423312E-02  0.49219196E+00
 0.48600002E+01  0.38745595E+01  0.99978646E+00  0.64716859E-03 -0.18140083E-02  0.49220148E+00
 0.48660002E+01  0.38805582E+01  0.99979031E+00  0.63636433E-03 -0.17860778E-02  0.49221084E+00
 0.48720002E+01  0.38865569E+01  0.99979410E+00  0.62572656E-03 -0.17585352E-02  0.49222007E+00
 0.48780002E+01  0.38925557E+01  0.99979782E+00  0.61525294E-03 -0.17313757E-02  0.49222914E+00
 0.48840002E+01  0.38985545E+01  0.99980148E+00  0.60494120E-03 -0.17045948E-02  0.49223808E+00
 0.48900002E+01  0.39045533E+01  0.99980509E+00  0.59478907E-03 -0.16781878E-02  0.49224688E+00
 0.48960002E+01  0.39105522E+01  0.99980863E+00  0.58479434E-03 -0.16521502E-02  0.49225554E+00
 0.49020002E+01  0.39165510E+01  0.99981211E+00  0.57495478E-03 -0.16264775E-02  0.49226407E+00
 0.49080002E+01  0.39225499E+01  0.99981553E+00  0.56526824E-03 -0.16011653E-02  0.49227246E+00
 0.49140002E+01  0.39285488E+01  0.99981889E+00  0.55573254E-03 -0.15762092E-02  0.49228072E+00
 0.49200002E+01  0.39345477E+01  0.99982220E+00  0.54634559E-03 -0.15516048E-02  0.49228885E+00
 0.49260002E+01  0.39405467E+01  0.99982545E+00  0.53710526E-03 -0.15273478E-02  0.49229686E+00
 0.49320002E+01  0.39465457E+01  0.99982865E+00  0.52800950E-03 -0.15034339E-02  0.49230474E+00
 0.49380002E+01  0.39525446E+01  0.99983179E+00  0.51905625E-03 -0.14798589E-02  0.49231249E+00
 0.49440002E+01  0.39585436E+01  0.99983488E+00  0.51024350E-03 -0.14566185E-02  0.49232012E+00
 0.49500002E+01  0.39645427E+01  0.99983792E+00  0.50156924E-03 -0.14337088E-02  0.49232763E+00
 0.49560002E+01  0.39705417E+01  0.99984090E+00  0.49303152E-03 -0.14111254E-02  0.49233503E+00
 0.49620002E+01  0.39765407E+01  0.99984384E+00  0.48462837E-03 -0.13888644E-02  0.49234230E+00
 0.49680002E+01  0.39825398E+01  0.99984672E+00  0.47635787E-03 -0.13669218E-02  0.49234946E+00
 0.49740002E+01  0.39885389E+01  0.99984955E+00  0.46821814E-03 -0.13452936E-02  0.49235651E+00
 0.49800002E+01  0.39945380E+01  0.99985234E+00  0.46020729E-03 -0.13239757E-02  0.49236344E+00
 0.49860002E+01  0.40005371E+01  0.99985508E+00  0.45232347E-03 -0.13029644E-02  0.49237027E+00
 0.49920002E+01  0.40065363E+01  0.99985777E+00  0.44456485E-03 -0.12822557E-02  0.49237698E+00
 0.49980002E+01  0.40125354E+01  0.99986042E+00  0.43692963E-03 -0.12618459E-02  0.49238359E+00
 0.50040002E+01  0.40185346E+01  0.99986302E+00  0.42941603E-03 -0.12417311E-02  0.49239009E+00
 0.50100002E+01  0.40245338E+01  0.99986557E+00  0.42202228E-03 -0.12219076E-02  0.49239649E+00
 0.50160002E+01  0.40305330E+01  0.99986808E+00  0.41474666E-03 -0.12023717E-02  0.49240278E+00
 0.50220002E+01  0.40365322E+01  0.99987055E+00  0.40758743E-03 -0.11831197E-02  0.49240898E+00
 0.50280002E+01  0.40425314E+01  0.99987298E+00  0.40054292E-03 -0.11641480E-02  0.49241507E+00
 0.50340002E+01  0.40485307E+01  0.99987536E+00  0.39361145E-03 -0.11454530E-02  0.49242107E+00
 0.50400002E+01  0.40545299E+01  0.99987770E+00  0.38679137E-03 -0.11270312E-02  0.49242697E+00
 0.50460002E+01  0.40605292E+01  0.99988000E+00  0.38008105E-03 -0.11088790E-02  0.49243277E+00
 0.50520002E+01  0.40665285E+01  0.99988227E+00  0.37347889E-03 -0.10909930E-02  0.49243848E+00
 0.50580002E+01  0.40725278E+01  0.99988449E+00  0.36698328E-03 -0.10733697E-02  0.49244410E+00
 0.50640002E+01  0.40785271E+01  0.99988667E+00  0.36059268E-03 -0.10560057E-02  0.49244962E+00
 0.50700002E+01  0.40845264E+01  0.99988882E+00  0.35430553E-03 -0.10388977E-02  0.49245506E+00
 0.50760002E+01  0.40905258E+01  0.99989093E+00  0.34812031E-03 -0.10220422E-02  0.49246041E+00
 0.50820002E+01  0.40965251E+01  0.99989300E+00  0.34203550E-03 -0.10054361E-02  0.49246567E+00
 0.50880002E+01  0.41025245E+01  0.99989503E+00  0.33604964E-03 -0.98907610E-03  0.49247084E+00
 0.50940002E+01  0.41085239E+01  0.99989703E+00  0.33016123E-03 -0.97295889E-03  0.49247593E+00
 0.51000002E+01  0.41145233E+01  0.99989900E+00  0.32436885E-03 -0.95708132E-03  0.49248094E+00
 0.51060002E+01  0.41205227E+01  0.99990093E+00  0.31867106E-03 -0.94144025E-03  0.49248586E+00
 0.51120002E+01  0.41265221E+01  0.99990282E+00  0.31306644E-03 -0.92603256E-03  0.49249070E+00
 0.51180002E+01  0.41325215E+01  0.99990468E+00  0.30755362E-03 -0.91085515E-03  0.49249547E+00
 0.51240002E+01  0.41385209E+01  0.99990651E+00  0.30213120E-03 -0.89590497E-03  0.49250015E+00
 0.51300002E+01  0.41445204E+01  0.99990831E+00  0.29679785E-03 -0.88117901E-03  0.49250476E+00
 0.51360002E+01  0.41505198E+01  0.99991008E+00  0.29155223E-03 -0.86667429E-03  0.49250929E+00
 0.51420002E+01  0.41565193E+01  0.99991181E+00  0.28639301E-03 -0.85238785E-03  0.49251375E+00
 0.51480002E+01  0.41625188E+01  0.99991352E+00  0.28131889E-03 -0.83831678E-03  0.49251813E+00
 0.51540002E+01  0.41685182E+01  0.99991519E+00  0.27632859E-03 -0.82445819E-03  0.49252244E+00
 0.51600002E+01  0.41745177E+01  0.99991683E+00  0.27142084E-03 -0.81080922E-03  0.49252668E+00
 0.51660002E+01  0.41805172E+01  0.99991845E+00  0.26659440E-03 -0.79736707E-03  0.49253085E+00
 0.51720002E+01  0.41865168E+01  0.99992003E+00  0.26184803E-03 -0.78412893E-03  0.49253495E+00
 0.51780002E+01  0.41925163E+01  0.99992159E+00  0.25718051E-03 -0.77109206E-03  0.49253898E+00
 0.51840002E+01  0.41985158E+01  0.99992312E+00  0.25259064E-03 -0.75825372E-03  0.49254295E+00
 0.51900002E+01  0.42045154E+01  0.99992462E+00  0.24807725E-03 -0.74561123E-03  0.49254684E+00
 0.51960002E+01  0.42105149E+01  0.99992610E+00  0.24363916E-03 -0.73316192E-03  0.49255067E+00
 0.52020002E+01  0.42165145E+01  0.99992755E+00  0.23927522E-03 -0.72090316E-03  0.49255444E+00
 0.52080002E+01  0.42225140E+01  0.99992897E+00  0.23498429E-03 -0.70883235E-03  0.49255815E+00
 0.52140002E+01  0.42285136E+01  0.99993037E+00  0.23076527E-03 -0.69694690E-03  0.49256179E+00
 0.52200002E+01  0.42345132E+01  0.99993174E+00  0.22661703E-03 -0.68524429E-03  0.49256537E+00
 0.52260002E+01  0.42405128E+01  0.99993309E+00  0.22253849E-03 -0.67372200E-03  0.49256889E+00
 0.52320002E+01  0.42465124E+01  0.99993442E+00  0.21852858E-03 -0.66237755E-03  0.49257235E+00
 0.52380002E+01  0.42525120E+01  0.99993572E+00  0.21458623E-03 -0.65120848E-03  0.49257575E+00
 0.52440002E+01  0.42585116E+01  0.99993699E+00  0.21071040E-03 -0.64021236E-03  0.49257910E+00
 0.52500002E+01  0.42645113E+01  0.99993825E+00  0.20690007E-03 -0.62938680E-03  0.49258239E+00
 0.52560002E+01  0.42705109E+01  0.99993948E+00  0.20315420E-03 -0.61872944E-03  0.49258562E+00
 0.52620002E+01  0.42765105E+01  0.99994068E+00  0.19947181E-03 -0.60823793E-03  0.49258880E+00
 0.52680003E+01  0.42825102E+01  0.99994187E+00  0.19585190E-03 -0.59790995E-03  0.49259192E+00
 0.52740003E+01  0.42885098E+01  0.99994304E+00  0.19229349E-03 -0.58774323E-03  0.49259499E+00
 0.52800003E+01  0.42945095E+01  0.99994418E+00  0.18879563E-03 -0.57773550E-03  0.49259801E+00
 0.52860003E+01  0.43005092E+01  0.99994530E+00  0.18535737E-03 -0.56788454E-03  0.49260098E+00
 0.52920003E+01  0.43065088E+01  0.99994641E+00  0.18197778E-03 -0.55818814E-03  0.49260389E+00
 0.52980003E+01  0.43125085E+01  0.99994749E+00  0.17865592E-03 -0.54864412E-03  0.49260676E+00
 0.53040003E+01  0.43185082E+01  0.99994855E+00  0.17539090E-03 -0.53925034E-03  0.49260957E+00
 0.53100003E+01  0.43245079E+01  0.99994959E+00  0.17218183E-03 -0.53000467E-03  0.49261234E+00
 0.53160003E+01  0.43305076E+01  0.99995062E+00  0.16902780E-03 -0.52090500E-03  0.49261506E+00
 0.53220003E+01  0.43365073E+01  0.99995162E+00  0.16592797E-03 -0.51194927E-03  0.49261774E+00
 0.53280003E+01  0.43425070E+01  0.99995261E+00  0.16288146E-03 -0.50313542E-03  0.49262036E+00
 0.53340003E+01  0.43485068E+01  0.99995358E+00  0.15988744E-03 -0.49446145E-03  0.49262295E+00
 0.53400003E+01  0.43545065E+01  0.99995453E+00  0.15694507E-03 -0.48592533E-03  0.49262548E+00
 0.53460003E+01  0.43605062E+01  0.99995546E+00  0.15405352E-03 -0.47752511E-03  0.49262798E+00
 0.53520003E+01  0.43665059E+01  0.99995638E+00  0.15121200E-03 -0.46925883E-03  0.49263043E+00
 0.53580003E+01  0.43725057E+01  0.99995728E+00  0.14841969E-03 -0.46112458E-03  0.49263283E+00
 0.53640003E+01  0.43785054E+01  0.99995816E+00  0.14567582E-03 -0.45312043E-03  0.49263520E+00
 0.53700003E+01  0.43845052E+01  0.99995903E+00  0.14297961E-03 -0.44524453E-03  0.49263753E+00
 0.53760003E+01  0.43905049E+01  0.99995988E+00  0.14033029E-03 -0.43749502E-03  0.49263981E+00
 0.53820003E+01  0.43965047E+01  0.99996071E+00  0.13772711E-03 -0.42987006E-03  0.49264205E+00
 0.53880003E+01  0.44025045E+01  0.99996153E+00  0.13516933E-03 -0.42236785E-03  0.49264426E+00
 0.53940003E+01  0.44085042E+01  0.99996233E+00  0.13265622E-03 -0.41498660E-03  0.49264643E+00
 0.54000003E+01  0.44145040E+01  0.99996312E+00  0.13018706E-03 -0.40772455E-03  0.49264856E+00
 0.54060003E+01  0.44205038E+01  0.99996390E+00  0.12776113E-03 -0.40057995E-03  0.49265065E+00
 0.54120003E+01  0.44265036E+01  0.99996466E+00  0.12537774E-03 -0.39355111E-03  0.49265270E+00
 0.54180003E+01  0.44325034E+01  0.99996540E+00  0.12303620E-03 -0.38663630E-03  0.49265472E+00
 0.54240003E+01  0.44385032E+01  0.99996613E+00  0.12073582E-03 -0.37983387E-03  0.49265670E+00
 0.54300003E+01  0.44445030E+01  0.99996685E+00  0.11847595E-03 -0.37314216E-03  0.49265865E+00
 0.54360003E+01  0.44505028E+01  0.99996756E+00  0.11625591E-03 -0.36655953E-03  0.49266057E+00
 0.54420003E+01  0.44565026E+01  0.99996825E+00  0.11407506E-03 -0.36008438E-03  0.49266245E+00
 0.54480003E+01  0.44625024E+01  0.99996893E+00  0.11193276E-03 -0.35371511E-03  0.49266429E+00
 0.54540003E+01  0.44685022E+01  0.99996959E+00  0.10982837E-03 -0.34745016E-03  0.49266611E+00
 0.54600003E+01  0.44745020E+01  0.99997025E+00  0.10776128E-03 -0.34128797E-03  0.49266789E+00
 0.54660003E+01  0.44805018E+01  0.99997089E+00  0.10573088E-03 -0.33522702E-03  0.49266964E+00
 0.54720003E+01  0.44865017E+01  0.99997152E+00  0.10373656E-03 -0.32926580E-03  0.49267136E+00
 0.54780003E+01  0.44925015E+01  0.99997213E+00  0.10177772E-03 -0.32340282E-03  0.49267305E+00
 0.54840003E+01  0.44985013E+01  0.99997274E+00  0.99853785E-04 -0.31763660E-03  0.49267471E+00
 0.54900003E+01  0.45045012E+01  0.99997333E+00  0.97964175E-04 -0.31196570E-03  0.49267633E+00
 0.54960003E+01  0.45105010E+01  0.99997391E+00  0.96108321E-04 -0.30638868E-03  0.49267793E+00
 0.55020003E+01  0.45165009E+01  0.99997448E+00  0.94285666E-04 -0.30090414E-03  0.49267951E+00
 0.55080003E+01  0.45225007E+01  0.99997505E+00  0.92495657E-04 -0.29551068E-03  0.49268105E+00
 0.55140003E+01  0.45285006E+01  0.99997560E+00  0.90737753E-04 -0.29020691E-03  0.49268256E+00
 0.55200003E+01  0.45345004E+01  0.99997613E+00  0.89011419E-04 -0.28499150E-03  0.49268405E+00
 0.55260003E+01  0.45405003E+01  0.99997666E+00  0.87316129E-04 -0.27986308E-03  0.49268551E+00
 0.55320003E+01  0.45465001E+01  0.99997718E+00  0.85651365E-04 -0.27482036E-03  0.49268695E+00
 0.55380003E+01  0.45525000E+01  0.99997769E+00  0.84016616E-04 -0.26986201E-03  0.49268836E+00
 0.55440003E+01  0.45584999E+01  0.99997819E+00  0.82411379E-04 -0.26498675E-03  0.49268974E+00
 0.55500003E+01  0.45644997E+01  0.99997868E+00  0.80835160E-04 -0.26019332E-03  0.49269110E+00
 0.55560003E+01  0.45704996E+01  0.99997916E+00  0.79287472E-04 -0.25548047E-03  0.49269244E+00
 0.55620003E+01  0.45764995E+01  0.99997963E+00  0.77767834E-04 -0.25084695E-03  0.49269375E+00
 0.55680003E+01  0.45824994E+01  0.99998010E+00  0.76275774E-04 -0.24629155E-03  0.49269503E+00
 0.55740003E+01  0.45884993E+01  0.99998055E+00  0.74810826E-04 -0.24181307E-03  0.49269629E+00
 0.55800003E+01  0.45944991E+01  0.99998099E+00  0.73372533E-04 -0.23741032E-03  0.49269754E+00
 0.55860003E+01  0.46004990E+01  0.99998143E+00  0.71960443E-04 -0.23308213E-03  0.49269875E+00
 0.55920003E+01  0.46064989E+01  0.99998186E+00  0.70574113E-04 -0.22882735E-03  0.49269995E+00
 0.55980003E+01  0.46124988E+01  0.99998228E+00  0.69213104E-04 -0.22464485E-03  0.49270112E+00
 0.56040003E+01  0.46184987E+01  0.99998269E+00  0.67876988E-04 -0.22053349E-03  0.49270227E+00
 0.56100003E+01  0.46244986E+01  0.99998309E+00  0.66565339E-04 -0.21649218E-03  0.49270341E+00
 0.56160003E+01  0.46304985E+01  0.99998349E+00  0.65277741E-04 -0.21251982E-03  0.49270452E+00
 0.56220003E+01  0.46364984E+01  0.99998388E+00  0.64013784E-04 -0.20861534E-03  0.49270561E+00
 0.56280003E+01  0.46424983E+01  0.99998426E+00  0.62773062E-04 -0.20477767E-03  0.49270668E+00
 0.56340003E+01  0.46484982E+01  0.99998463E+00  0.61555178E-04 -0.20100578E-03  0.49270773E+00
 0.56400003E+01  0.46544981E+01  0.99998500E+00  0.60359741E-04 -0.19729861E-03  0.49270876E+00
 0.56460003E+01  0.46604980E+01  0.99998536E+00  0.59186365E-04 -0.19365517E-03  0.49270977E+00
 0.56520003E+01  0.46664980E+01  0.99998571E+00  0.58034670E-04 -0.19007445E-03  0.49271077E+00
 0.56580003E+01  0.46724979E+01  0.99998605E+00  0.56904283E-04 -0.18655545E-03  0.49271174E+00
 0.56640003E+01  0.46784978E+01  0.99998639E+00  0.55794836E-04 -0.18309720E-03  0.49271270E+00
 0.56700003E+01  0.46844977E+01  0.99998672E+00  0.54705968E-04 -0.17969874E-03  0.49271364E+00
 0.56760003E+01  0.46904976E+01  0.99998705E+00  0.53637322E-04 -0.17635913E-03  0.49271456E+00
 0.56820003E+01  0.46964976E+01  0.99998737E+00  0.52588549E-04 -0.17307742E-03  0.49271547E+00
 0.56880003E+01  0.47024975E+01  0.99998768E+00  0.51559303E-04 -0.16985270E-03  0.49271635E+00
 0.56940003E+01  0.47084974E+01  0.99998798E+00  0.50549245E-04 -0.16668405E-03  0.49271723E+00
 0.57000003E+01  0.47144973E+01  0.99998829E+00  0.49558042E-04 -0.16357059E-03  0.49271808E+00
 0.57060003E+01  0.47204973E+01  0.99998858E+00  0.48585364E-04 -0.16051143E-03  0.49271892E+00
 0.57120003E+01  0.47264972E+01  0.99998887E+00  0.47630888E-04 -0.15750569E-03  0.49271975E+00
 0.57180003E+01  0.47324971E+01  0.99998915E+00  0.46694296E-04 -0.15455254E-03  0.49272056E+00
 0.57240003E+01  0.47384971E+01  0.99998943E+00  0.45775276E-04 -0.15165110E-03  0.49272135E+00
 0.57300003E+01  0.47444970E+01  0.99998970E+00  0.44873518E-04 -0.14880056E-03  0.49272213E+00
 0.57360003E+01  0.47504969E+01  0.99998997E+00  0.43988721E-04 -0.14600010E-03  0.49272289E+00
 0.57420003E+01  0.47564969E+01  0.99999023E+00  0.43120585E-04 -0.14324890E-03  0.49272364E+00
 0.57480003E+01  0.47624968E+01  0.99999049E+00  0.42268819E-04 -0.14054617E-03  0.49272438E+00
 0.57540003E+01  0.47684968E+01  0.99999074E+00  0.41433132E-04 -0.13789111E-03  0.49272510E+00
 0.57600003E+01  0.47744967E+01  0.99999098E+00  0.40613242E-04 -0.13528297E-03  0.49272581E+00
 0.57660003E+01  0.47804967E+01  0.99999122E+00  0.39808869E-04 -0.13272096E-03  0.49272651E+00
 0.57720003E+01  0.47864966E+01  0.99999146E+00  0.39019738E-04 -0.13020435E-03  0.49272719E+00
 0.57780003E+01  0.47924966E+01  0.99999169E+00  0.38245579E-04 -0.12773239E-03  0.49272786E+00
 0.57840003E+01  0.47984965E+01  0.99999192E+00  0.37486126E-04 -0.12530435E-03  0.49272852E+00
 0.57900003E+01  0.48044965E+01  0.99999214E+00  0.36741118E-04 -0.12291951E-03  0.49272916E+00
 0.57960003E+01  0.48104964E+01  0.99999236E+00  0.36010297E-04 -0.12057717E-03  0.49272979E+00
 0.58020003E+01  0.48164964E+01  0.99999258E+00  0.35293412E-04 -0.11827662E-03  0.49273041E+00
 0.58080003E+01  0.48224963E+01  0.99999279E+00  0.34590212E-04 -0.11601717E-03  0.49273102E+00
 0.58140003E+01  0.48284963E+01  0.99999299E+00  0.33900453E-04 -0.11379815E-03  0.49273162E+00
 0.58200003E+01  0.48344962E+01  0.99999319E+00  0.33223894E-04 -0.11161890E-03  0.49273220E+00
 0.58260003E+01  0.48404962E+01  0.99999339E+00  0.32560300E-04 -0.10947874E-03  0.49273278E+00
 0.58320003E+01  0.48464962E+01  0.99999358E+00  0.31909436E-04 -0.10737705E-03  0.49273334E+00
 0.58380003E+01  0.48524961E+01  0.99999377E+00  0.31271074E-04 -0.10531317E-03  0.49273390E+00
 0.58440003E+01  0.48584961E+01  0.99999396E+00  0.30644990E-04 -0.10328647E-03  0.49273444E+00
 0.58500003E+01  0.48644961E+01  0.99999414E+00  0.30030961E-04 -0.10129635E-03  0.49273497E+00
 0.58560003E+01  0.48704960E+01  0.99999432E+00  0.29428770E-04 -0.99342185E-04  0.49273549E+00
 0.58620003E+01  0.48764960E+01  0.99999449E+00  0.28838203E-04 -0.97423379E-04  0.49273601E+00
 0.58680003E+01  0.48824960E+01  0.99999467E+00  0.28259049E-04 -0.95539340E-04  0.49273651E+00
 0.58740003E+01  0.48884959E+01  0.99999483E+00  0.27691102E-04 -0.93689485E-04  0.49273700E+00
 0.58800003E+01  0.48944959E+01  0.99999500E+00  0.27134158E-04 -0.91873240E-04  0.49273749E+00
 0.58860003E+01  0.49004959E+01  0.99999516E+00  0.26588017E-04 -0.90090040E-04  0.49273796E+00
 0.58920003E+01  0.49064958E+01  0.99999532E+00  0.26052483E-04 -0.88339328E-04  0.49273843E+00
 0.58980003E+01  0.49124958E+01  0.99999547E+00  0.25527361E-04 -0.86620557E-04  0.49273888E+00
 0.59040003E+01  0.49184958E+01  0.99999562E+00  0.25012462E-04 -0.84933187E-04  0.49273933E+00
 0.59100003E+01  0.49244958E+01  0.99999577E+00  0.24507599E-04 -0.83276686E-04  0.49273977E+00
 0.59160003E+01  0.49304957E+01  0.99999592E+00  0.24012589E-04 -0.81650532E-04  0.49274020E+00
 0.59220003E+01  0.49364957E+01  0.99999606E+00  0.23527250E-04 -0.80054208E-04  0.49274062E+00
 0.59280003E+01  0.49424957E+01  0.99999620E+00  0.23051405E-04 -0.78487208E-04  0.49274104E+00
 0.59340003E+01  0.49484957E+01  0.99999634E+00  0.22584880E-04 -0.76949032E-04  0.49274144E+00
 0.59400003E+01  0.49544956E+01  0.99999647E+00  0.22127502E-04 -0.75439189E-04  0.49274184E+00
 0.59460003E+01  0.49604956E+01  0.99999660E+00  0.21679105E-04 -0.73957194E-04  0.49274223E+00
 0.59520003E+01  0.49664956E+01  0.99999673E+00  0.21239521E-04 -0.72502571E-04  0.49274261E+00
 0.59580003E+01  0.49724956E+01  0.99999686E+00  0.20808588E-04 -0.71074850E-04  0.49274299E+00
 0.59640003E+01  0.49784956E+01  0.99999698E+00  0.20386145E-04 -0.69673571E-04  0.49274336E+00
 0.59700003E+01  0.49844955E+01  0.99999710E+00  0.19972036E-04 -0.68298277E-04  0.49274372E+00
 0.59760003E+01  0.49904955E+01  0.99999722E+00  0.19566106E-04 -0.66948522E-04  0.49274407E+00
 0.59820003E+01  0.49964955E+01  0.99999734E+00  0.19168203E-04 -0.65623866E-04  0.49274442E+00
 0.59880003E+01  0.50024955E+01  0.99999745E+00  0.18778176E-04 -0.64323874E-04  0.49274476E+00
 0.59940003E+01  0.50084955E+01  0.99999756E+00  0.18395881E-04 -0.63048119E-04  0.49274510E+00
 0.60000003E+01  0.50144955E+01  0.99999767E+00  0.18021172E-04 -0.61796183E-04  0.49274542E+00
 0.60060003E+01  0.50204955E+01  0.99999778E+00  0.17653908E-04 -0.60567651E-04  0.49274575E+00
 0.60120003E+01  0.50264954E+01  0.99999788E+00  0.17293949E-04 -0.59362117E-04  0.49274606E+00
 0.60180003E+01  0.50324954E+01  0.99999799E+00  0.16941159E-04 -0.58179179E-04  0.49274637E+00
 0.60240003E+01  0.50384954E+01  0.99999809E+00  0.16595403E-04 -0.57018445E-04  0.49274667E+00
 0.60300003E+01  0.50444954E+01  0.99999819E+00  0.16256549E-04 -0.55879526E-04  0.49274697E+00
 0.60360003E+01  0.50504954E+01  0.99999828E+00  0.15924467E-04 -0.54762041E-04  0.49274726E+00
 0.60420003E+01  0.50564954E+01  0.99999838E+00  0.15599030E-04 -0.53665614E-04  0.49274755E+00
 0.60480003E+01  0.50624954E+01  0.99999847E+00  0.15280113E-04 -0.52589877E-04  0.49274783E+00
 0.60540003E+01  0.50684954E+01  0.99999856E+00  0.14967591E-04 -0.51534464E-04  0.49274810E+00
 0.60600003E+01  0.50744954E+01  0.99999865E+00  0.14661345E-04 -0.50499019E-04  0.49274837E+00
 0.60660003E+01  0.50804954E+01  0.99999874E+00  0.14361256E-04 -0.49483190E-04  0.49274864E+00
 0.60720003E+01  0.50864954E+01  0.99999882E+00  0.14067207E-04 -0.48486630E-04  0.49274889E+00
 0.60780003E+01  0.50924953E+01  0.99999891E+00  0.13779082E-04 -0.47508998E-04  0.49274915E+00
 0.60840003E+01  0.50984953E+01  0.99999899E+00  0.13496771E-04 -0.46549960E-04  0.49274940E+00
 0.60900003E+01  0.51044953E+01  0.99999907E+00  0.13220161E-04 -0.45609186E-04  0.49274964E+00
 0.60960003E+01  0.51104953E+01  0.99999915E+00  0.12949145E-04 -0.44686352E-04  0.49274988E+00
 0.61020003E+01  0.51164953E+01  0.99999922E+00  0.12683616E-04 -0.43781138E-04  0.49275012E+00
 0.61080003E+01  0.51224953E+01  0.99999930E+00  0.12423468E-04 -0.42893230E-04  0.49275035E+00
 0.61140003E+01  0.51284953E+01  0.99999937E+00  0.12168599E-04 -0.42022320E-04  0.49275057E+00
 0.61200003E+01  0.51344953E+01  0.99999945E+00  0.11918908E-04 -0.41168104E-04  0.49275079E+00
 0.61260003E+01  0.51404953E+01  0.99999952E+00  0.11674295E-04 -0.40330283E-04  0.49275101E+00
 0.61320003E+01  0.51464953E+01  0.99999959E+00  0.11434663E-04 -0.39508564E-04  0.49275122E+00
 0.61380003E+01  0.51524953E+01  0.99999965E+00  0.11199916E-04 -0.38702658E-04  0.49275143E+00
 0.61440003E+01  0.51584953E+01  0.99999972E+00  0.10969961E-04 -0.37912279E-04  0.49275163E+00
 0.61500003E+01  0.51644953E+01  0.99999979E+00  0.10744704E-04 -0.37137149E-04  0.49275183E+00
 0.61560003E+01  0.51704953E+01  0.99999985E+00  0.10524055E-04 -0.36376993E-04  0.49275203E+00
 0.61620003E+01  0.51764953E+01  0.99999991E+00  0.10307924E-04 -0.35631541E-04  0.49275222E+00
 0.61680003E+01  0.51824953E+01  0.99999997E+00  0.10096226E-04 -0.34900526E-04  0.49275241E+00
